 1.0005 4 -0.947031 -0.371264 3.76552 2.49377 -1.79671 -0.071475 1.0005 5 -1.08393 -0.544643 3.8468 3.10207 3.85751e-06 -0.115474 -1.97626e-323 -2.96439e-323 0 0 0 -4.94066e-324 0 0 0 0 0 0
 1.0005 4 -0.947031 -0.371264 3.76552 2.49377 -1.79671 -0.071475 1.0005 5 -1.08393 -0.544643 3.8468 3.10207 3.85751e-06 -0.115474 -1.97626e-323 -2.96439e-323 0 0 0 -4.94066e-324 0 0 0 0 0 0
 1.00043 4 -0.947031 -0.371264 3.76552 2.49377 -1.79671 -0.071475 1.00043 5 -1.08393 -0.544643 3.8468 3.10207 3.85751e-06 -0.115474 -1.97626e-323 -2.96439e-323 0 0 0 -4.94066e-324 0 0 0 0 0 0
 1.00043 4 -0.947031 -0.371264 3.76552 2.49377 -1.79671 -0.071475 1.00043 5 -1.08393 -0.544643 3.8468 3.10207 3.85751e-06 -0.115474 -1.97626e-323 -2.96439e-323 0 0 0 -4.94066e-324 0 0 0 0 0 0
 1.00003 4 -0.947031 -0.371264 3.76552 2.49377 -1.79671 -0.071475 1.00003 5 -1.08393 -0.544643 3.8468 3.10207 3.85751e-06 -0.115474 -1.97626e-323 -2.96439e-323 0 0 0 -4.94066e-324 0 0 0 0 0 0
 1.00003 4 -0.947031 -0.371264 3.76552 2.49377 -1.79671 -0.071475 1.00003 5 -1.08393 -0.544643 3.8468 3.10207 3.85751e-06 -0.115474 -1.97626e-323 -2.96439e-323 0 0 0 -4.94066e-324 0 0 0 0 0 0
 1.00013 4 -0.947031 -0.371264 3.76552 2.49377 -1.79671 -0.071475 1.00013 5 -1.08393 -0.544643 3.8468 3.10207 3.85751e-06 -0.115474 -1.97626e-323 -2.96439e-323 0 0 0 -4.94066e-324 0 0 0 0 0 0
 1.00013 4 -0.947031 -0.371264 3.76552 2.49377 -1.79671 -0.071475 1.00013 5 -1.08393 -0.544643 3.8468 3.10207 3.85751e-06 -0.115474 -1.97626e-323 -2.96439e-323 0 0 0 -4.94066e-324 0 0 0 0 0 0
 1.00004 4 -0.947031 -0.371264 3.76552 2.49377 -1.79671 -0.071475 1.00004 5 -1.08393 -0.544643 3.8468 3.10207 3.85751e-06 -0.115474 -1.97626e-323 -2.96439e-323 0 0 0 -4.94066e-324 0 0 0 0 0 0
 1.00004 4 -0.947031 -0.371264 3.76552 2.49377 -1.79671 -0.071475 1.00004 5 -1.08393 -0.544643 3.8468 3.10207 3.85751e-06 -0.115474 -1.97626e-323 -2.96439e-323 0 0 0 -4.94066e-324 0 0 0 0 0 0
 1.00008 4 -0.947031 -0.371264 3.76552 2.49377 -1.79671 -0.071475 1.00008 5 -1.08393 -0.544643 3.8468 3.10207 3.85751e-06 -0.115474 -1.97626e-323 -2.96439e-323 0 0 0 -4.94066e-324 0 0 0 0 0 0
 1.00008 4 -0.947031 -0.371264 3.76552 2.49377 -1.79671 -0.071475 1.00008 5 -1.08393 -0.544643 3.8468 3.10207 3.85751e-06 -0.115474 -1.97626e-323 -2.96439e-323 0 0 0 -4.94066e-324 0 0 0 0 0 0
 1.00007 4 -0.947031 -0.371264 3.76552 2.49377 -1.79671 -0.071475 1.00007 5 -1.08393 -0.544643 3.8468 3.10207 3.85751e-06 -0.115474 -1.97626e-323 -2.96439e-323 0 0 0 -4.94066e-324 0 0 0 0 0 0
 1.00007 4 -0.947031 -0.371264 3.76552 2.49377 -1.79671 -0.071475 1.00007 5 -1.08393 -0.544643 3.8468 3.10207 3.85751e-06 -0.115474 -1.97626e-323 -2.96439e-323 0 0 0 -4.94066e-324 0 0 0 0 0 0
 1.00006 4 -0.947031 -0.371264 3.76552 2.49377 -1.79671 -0.071475 1.00006 5 -1.08393 -0.544643 3.8468 3.10207 3.85751e-06 -0.115474 -1.97626e-323 -2.96439e-323 0 0 0 -4.94066e-324 0 0 0 0 0 0
 1.00006 4 -0.947031 -0.371264 3.76552 2.49377 -1.79671 -0.071475 1.00006 5 -1.08393 -0.544643 3.8468 3.10207 3.85751e-06 -0.115474 -1.97626e-323 -2.96439e-323 0 0 0 -4.94066e-324 0 0 0 0 0 0
 1.0001 4 -0.947031 -0.371264 3.76552 2.49377 -1.79671 -0.071475 1.0001 5 -1.08393 -0.544643 3.8468 3.10207 3.85751e-06 -0.115474 -1.97626e-323 -2.96439e-323 0 0 0 -4.94066e-324 0 0 0 0 0 0
 1.0001 4 -0.947031 -0.371264 3.76552 2.49377 -1.79671 -0.071475 1.0001 5 -1.08393 -0.544643 3.8468 3.10207 3.85751e-06 -0.115474 -1.97626e-323 -2.96439e-323 0 0 0 -4.94066e-324 0 0 0 0 0 0
 1.00006 4 -0.947031 -0.371264 3.76552 2.49377 -1.79671 -0.071475 1.00006 5 -1.08393 -0.544643 3.8468 3.10207 3.85751e-06 -0.115474 -1.97626e-323 -2.96439e-323 0 0 0 -4.94066e-324 0 0 0 0 0 0
 1.00006 4 -0.947031 -0.371264 3.76552 2.49377 -1.79671 -0.071475 1.00006 5 -1.08393 -0.544643 3.8468 3.10207 3.85751e-06 -0.115474 -1.97626e-323 -2.96439e-323 0 0 0 -4.94066e-324 0 0 0 0 0 0
 1.00008 4 -0.947031 -0.371264 3.76552 2.49377 -1.79671 -0.071475 1.00008 5 -1.08393 -0.544643 3.8468 3.10207 3.85751e-06 -0.115474 -1.97626e-323 -2.96439e-323 0 0 0 -4.94066e-324 0 0 0 0 0 0
 1.00008 4 -0.947031 -0.371264 3.76552 2.49377 -1.79671 -0.071475 1.00008 5 -1.08393 -0.544643 3.8468 3.10207 3.85751e-06 -0.115474 -1.97626e-323 -2.96439e-323 0 0 0 -4.94066e-324 0 0 0 0 0 0
 1.00185 4 -0.947031 -0.371264 3.76552 2.49377 -1.79671 -0.071475 1.00185 5 -1.08393 -0.544643 3.8468 3.10207 3.85751e-06 -0.115474 -1.97626e-323 -2.96439e-323 0 0 0 -4.94066e-324 0 0 0 0 0 0
 1.00185 4 -0.947031 -0.371264 3.76552 2.49377 -1.79671 -0.071475 1.00185 5 -1.08393 -0.544643 3.8468 3.10207 3.85751e-06 -0.115474 -1.97626e-323 -2.96439e-323 0 0 0 -4.94066e-324 0 0 0 0 0 0
 1.00013 4 -0.947031 -0.371264 3.76552 2.49377 -1.79671 -0.071475 1.00013 5 -1.08393 -0.544643 3.8468 3.10207 3.85751e-06 -0.115474 -1.97626e-323 -2.96439e-323 0 0 0 -4.94066e-324 0 0 0 0 0 0
 1.00013 4 -0.947031 -0.371264 3.76552 2.49377 -1.79671 -0.071475 1.00013 5 -1.08393 -0.544643 3.8468 3.10207 3.85751e-06 -0.115474 -1.97626e-323 -2.96439e-323 0 0 0 -4.94066e-324 0 0 0 0 0 0
 1.00004 4 -0.947031 -0.371264 3.76552 2.49377 -1.79671 -0.071475 1.00004 5 -1.08393 -0.544643 3.8468 3.10207 3.85751e-06 -0.115474 -1.97626e-323 -2.96439e-323 0 0 0 -4.94066e-324 0 0 0 0 0 0
 1.00004 4 -0.947031 -0.371264 3.76552 2.49377 -1.79671 -0.071475 1.00004 5 -1.08393 -0.544643 3.8468 3.10207 3.85751e-06 -0.115474 -1.97626e-323 -2.96439e-323 0 0 0 -4.94066e-324 0 0 0 0 0 0
 1.00021 4 -0.947031 -0.371264 3.76552 2.49377 -1.79671 -0.071475 1.00021 5 -1.08393 -0.544643 3.8468 3.10207 3.85751e-06 -0.115474 -1.97626e-323 -2.96439e-323 0 0 0 -4.94066e-324 0 0 0 0 0 0
 1.00021 4 -0.947031 -0.371264 3.76552 2.49377 -1.79671 -0.071475 1.00021 5 -1.08393 -0.544643 3.8468 3.10207 3.85751e-06 -0.115474 -1.97626e-323 -2.96439e-323 0 0 0 -4.94066e-324 0 0 0 0 0 0
 1.00002 4 -0.947031 -0.371264 3.76552 2.49377 -1.79671 -0.071475 1.00002 5 -1.08393 -0.544643 3.8468 3.10207 3.85751e-06 -0.115474 -1.97626e-323 -2.96439e-323 0 0 0 -4.94066e-324 0 0 0 0 0 0
 1.00002 4 -0.947031 -0.371264 3.76552 2.49377 -1.79671 -0.071475 1.00002 5 -1.08393 -0.544643 3.8468 3.10207 3.85751e-06 -0.115474 -1.97626e-323 -2.96439e-323 0 0 0 -4.94066e-324 0 0 0 0 0 0
 1.00018 4 -0.947031 -0.371264 3.76552 2.49377 -1.79671 -0.071475 1.00018 5 -1.08393 -0.544643 3.8468 3.10207 3.85751e-06 -0.115474 -1.97626e-323 -2.96439e-323 0 0 0 -4.94066e-324 0 0 0 0 0 0
 1.00018 4 -0.947031 -0.371264 3.76552 2.49377 -1.79671 -0.071475 1.00018 5 -1.08393 -0.544643 3.8468 3.10207 3.85751e-06 -0.115474 -1.97626e-323 -2.96439e-323 0 0 0 -4.94066e-324 0 0 0 0 0 0
 1.00004 4 -0.947031 -0.371264 3.76552 2.49377 -1.79671 -0.071475 1.00004 5 -1.08393 -0.544643 3.8468 3.10207 3.85751e-06 -0.115474 -1.97626e-323 -2.96439e-323 0 0 0 -4.94066e-324 0 0 0 0 0 0
 1.00004 4 -0.947031 -0.371264 3.76552 2.49377 -1.79671 -0.071475 1.00004 5 -1.08393 -0.544643 3.8468 3.10207 3.85751e-06 -0.115474 -1.97626e-323 -2.96439e-323 0 0 0 -4.94066e-324 0 0 0 0 0 0
 1.00007 4 -0.947031 -0.371264 3.76552 2.49377 -1.79671 -0.071475 1.00007 5 -1.08393 -0.544643 3.8468 3.10207 3.85751e-06 -0.115474 -1.97626e-323 -2.96439e-323 0 0 0 -4.94066e-324 0 0 0 0 0 0
 1.00007 4 -0.947031 -0.371264 3.76552 2.49377 -1.79671 -0.071475 1.00007 5 -1.08393 -0.544643 3.8468 3.10207 3.85751e-06 -0.115474 -1.97626e-323 -2.96439e-323 0 0 0 -4.94066e-324 0 0 0 0 0 0
 1.00008 4 -0.947031 -0.371264 3.76552 2.49377 -1.79671 -0.071475 1.00008 5 -1.08393 -0.544643 3.8468 3.10207 3.85751e-06 -0.115474 -1.97626e-323 -2.96439e-323 0 0 0 -4.94066e-324 0 0 0 0 0 0
 1.00008 4 -0.947031 -0.371264 3.76552 2.49377 -1.79671 -0.071475 1.00008 5 -1.08393 -0.544643 3.8468 3.10207 3.85751e-06 -0.115474 -1.97626e-323 -2.96439e-323 0 0 0 -4.94066e-324 0 0 0 0 0 0
 1.00007 4 -0.947031 -0.371264 3.76552 2.49377 -1.79671 -0.071475 1.00007 5 -1.08393 -0.544643 3.8468 3.10207 3.85751e-06 -0.115474 -1.97626e-323 -2.96439e-323 0 0 0 -4.94066e-324 0 0 0 0 0 0
 1.00007 4 -0.947031 -0.371264 3.76552 2.49377 -1.79671 -0.071475 1.00007 5 -1.08393 -0.544643 3.8468 3.10207 3.85751e-06 -0.115474 -1.97626e-323 -2.96439e-323 0 0 0 -4.94066e-324 0 0 0 0 0 0
 1.00014 4 -0.947031 -0.371264 3.76552 2.49377 -1.79671 -0.071475 1.00014 5 -1.08393 -0.544643 3.8468 3.10207 3.85751e-06 -0.115474 -1.97626e-323 -2.96439e-323 0 0 0 -4.94066e-324 0 0 0 0 0 0
 1.00014 4 -0.947031 -0.371264 3.76552 2.49377 -1.79671 -0.071475 1.00014 5 -1.08393 -0.544643 3.8468 3.10207 3.85751e-06 -0.115474 -1.97626e-323 -2.96439e-323 0 0 0 -4.94066e-324 0 0 0 0 0 0
 1.00007 4 -0.947031 -0.371264 3.76552 2.49377 -1.79671 -0.071475 1.00007 5 -1.08393 -0.544643 3.8468 3.10207 3.85751e-06 -0.115474 -1.97626e-323 -2.96439e-323 0 0 0 -4.94066e-324 0 0 0 0 0 0
 1.00007 4 -0.947031 -0.371264 3.76552 2.49377 -1.79671 -0.071475 1.00007 5 -1.08393 -0.544643 3.8468 3.10207 3.85751e-06 -0.115474 -1.97626e-323 -2.96439e-323 0 0 0 -4.94066e-324 0 0 0 0 0 0
 1.00007 4 -0.947031 -0.371264 3.76552 2.49377 -1.79671 -0.071475 1.00007 5 -1.08393 -0.544643 3.8468 3.10207 3.85751e-06 -0.115474 -1.97626e-323 -2.96439e-323 0 0 0 -4.94066e-324 0 0 0 0 0 0
 1.00007 4 -0.947031 -0.371264 3.76552 2.49377 -1.79671 -0.071475 1.00007 5 -1.08393 -0.544643 3.8468 3.10207 3.85751e-06 -0.115474 -1.97626e-323 -2.96439e-323 0 0 0 -4.94066e-324 0 0 0 0 0 0
 1.00008 4 -0.947031 -0.371264 3.76552 2.49377 -1.79671 -0.071475 1.00008 5 -1.08393 -0.544643 3.8468 3.10207 3.85751e-06 -0.115474 -1.97626e-323 -2.96439e-323 0 0 0 -4.94066e-324 0 0 0 0 0 0
 1.00008 4 -0.947031 -0.371264 3.76552 2.49377 -1.79671 -0.071475 1.00008 5 -1.08393 -0.544643 3.8468 3.10207 3.85751e-06 -0.115474 -1.97626e-323 -2.96439e-323 0 0 0 -4.94066e-324 0 0 0 0 0 0
 1.00007 4 -0.947031 -0.371264 3.76552 2.49377 -1.79671 -0.071475 1.00007 5 -1.08393 -0.544643 3.8468 3.10207 3.85751e-06 -0.115474 -1.97626e-323 -2.96439e-323 0 0 0 -4.94066e-324 0 0 0 0 0 0
 1.00007 4 -0.947031 -0.371264 3.76552 2.49377 -1.79671 -0.071475 1.00007 5 -1.08393 -0.544643 3.8468 3.10207 3.85751e-06 -0.115474 -1.97626e-323 -2.96439e-323 0 0 0 -4.94066e-324 0 0 0 0 0 0
 1.00006 4 -0.947031 -0.371264 3.76552 2.49377 -1.79671 -0.071475 1.00006 5 -1.08393 -0.544643 3.8468 3.10207 3.85751e-06 -0.115474 -1.97626e-323 -2.96439e-323 0 0 0 -4.94066e-324 0 0 0 0 0 0
 1.00006 4 -0.947031 -0.371264 3.76552 2.49377 -1.79671 -0.071475 1.00006 5 -1.08393 -0.544643 3.8468 3.10207 3.85751e-06 -0.115474 -1.97626e-323 -2.96439e-323 0 0 0 -4.94066e-324 0 0 0 0 0 0
 1.00008 4 -0.947031 -0.371264 3.76552 2.49377 -1.79671 -0.071475 1.00008 5 -1.08393 -0.544643 3.8468 3.10207 3.85751e-06 -0.115474 -1.97626e-323 -2.96439e-323 0 0 0 -4.94066e-324 0 0 0 0 0 0
 1.00008 4 -0.947031 -0.371264 3.76552 2.49377 -1.79671 -0.071475 1.00008 5 -1.08393 -0.544643 3.8468 3.10207 3.85751e-06 -0.115474 -1.97626e-323 -2.96439e-323 0 0 0 -4.94066e-324 0 0 0 0 0 0
 1.00007 4 -0.947031 -0.371264 3.76552 2.49377 -1.79671 -0.071475 1.00007 5 -1.08393 -0.544643 3.8468 3.10207 3.85751e-06 -0.115474 -1.97626e-323 -2.96439e-323 0 0 0 -4.94066e-324 0 0 0 0 0 0
 1.00007 4 -0.947031 -0.371264 3.76552 2.49377 -1.79671 -0.071475 1.00007 5 -1.08393 -0.544643 3.8468 3.10207 3.85751e-06 -0.115474 -1.97626e-323 -2.96439e-323 0 0 0 -4.94066e-324 0 0 0 0 0 0
 1.00012 4 -0.947031 -0.371264 3.76552 2.49377 -1.79671 -0.071475 1.00012 5 -1.08393 -0.544643 3.8468 3.10207 3.85751e-06 -0.115474 -1.97626e-323 -2.96439e-323 0 0 0 -4.94066e-324 0 0 0 0 0 0
 1.00012 4 -0.947031 -0.371264 3.76552 2.49377 -1.79671 -0.071475 1.00012 5 -1.08393 -0.544643 3.8468 3.10207 3.85751e-06 -0.115474 -1.97626e-323 -2.96439e-323 0 0 0 -4.94066e-324 0 0 0 0 0 0
 1.0001 4 -0.947031 -0.371264 3.76552 2.49377 -1.79671 -0.071475 1.0001 5 -1.08393 -0.544643 3.8468 3.10207 3.85751e-06 -0.115474 -1.97626e-323 -2.96439e-323 0 0 0 -4.94066e-324 0 0 0 0 0 0
 1.0001 4 -0.947031 -0.371264 3.76552 2.49377 -1.79671 -0.071475 1.0001 5 -1.08393 -0.544643 3.8468 3.10207 3.85751e-06 -0.115474 -1.97626e-323 -2.96439e-323 0 0 0 -4.94066e-324 0 0 0 0 0 0
 1.0001 4 -0.947031 -0.371264 3.76552 2.49377 -1.79671 -0.071475 1.0001 5 -1.08393 -0.544643 3.8468 3.10207 3.85751e-06 -0.115474 -1.97626e-323 -2.96439e-323 0 0 0 -4.94066e-324 0 0 0 0 0 0
 1.0001 4 -0.947031 -0.371264 3.76552 2.49377 -1.79671 -0.071475 1.0001 5 -1.08393 -0.544643 3.8468 3.10207 3.85751e-06 -0.115474 -1.97626e-323 -2.96439e-323 0 0 0 -4.94066e-324 0 0 0 0 0 0
 1.0001 4 -0.947031 -0.371264 3.76552 2.49377 -1.79671 -0.071475 1.0001 5 -1.08393 -0.544643 3.8468 3.10207 3.85751e-06 -0.115474 -1.97626e-323 -2.96439e-323 0 0 0 -4.94066e-324 0 0 0 0 0 0
 1.0001 4 -0.947031 -0.371264 3.76552 2.49377 -1.79671 -0.071475 1.0001 5 -1.08393 -0.544643 3.8468 3.10207 3.85751e-06 -0.115474 -1.97626e-323 -2.96439e-323 0 0 0 -4.94066e-324 0 0 0 0 0 0
 1.00006 4 -0.947031 -0.371264 3.76552 2.49377 -1.79671 -0.071475 1.00006 5 -1.08393 -0.544643 3.8468 3.10207 3.85751e-06 -0.115474 -1.97626e-323 -2.96439e-323 0 0 0 -4.94066e-324 0 0 0 0 0 0
 1.00006 4 -0.947031 -0.371264 3.76552 2.49377 -1.79671 -0.071475 1.00006 5 -1.08393 -0.544643 3.8468 3.10207 3.85751e-06 -0.115474 -1.97626e-323 -2.96439e-323 0 0 0 -4.94066e-324 0 0 0 0 0 0
 1.00013 4 -0.947031 -0.371264 3.76552 2.49377 -1.79671 -0.071475 1.00013 5 -1.08393 -0.544643 3.8468 3.10207 3.85751e-06 -0.115474 -1.97626e-323 -2.96439e-323 0 0 0 -4.94066e-324 0 0 0 0 0 0
 1.00013 4 -0.947031 -0.371264 3.76552 2.49377 -1.79671 -0.071475 1.00013 5 -1.08393 -0.544643 3.8468 3.10207 3.85751e-06 -0.115474 -1.97626e-323 -2.96439e-323 0 0 0 -4.94066e-324 0 0 0 0 0 0
 1.00007 4 -0.947031 -0.371264 3.76552 2.49377 -1.79671 -0.071475 1.00007 5 -1.08393 -0.544643 3.8468 3.10207 3.85751e-06 -0.115474 -1.97626e-323 -2.96439e-323 0 0 0 -4.94066e-324 0 0 0 0 0 0
 1.00007 4 -0.947031 -0.371264 3.76552 2.49377 -1.79671 -0.071475 1.00007 5 -1.08393 -0.544643 3.8468 3.10207 3.85751e-06 -0.115474 -1.97626e-323 -2.96439e-323 0 0 0 -4.94066e-324 0 0 0 0 0 0
 1.00005 4 -0.947031 -0.371264 3.76552 2.49377 -1.79671 -0.071475 1.00005 5 -1.08393 -0.544643 3.8468 3.10207 3.85751e-06 -0.115474 -1.97626e-323 -2.96439e-323 0 0 0 -4.94066e-324 0 0 0 0 0 0
 1.00005 4 -0.947031 -0.371264 3.76552 2.49377 -1.79671 -0.071475 1.00005 5 -1.08393 -0.544643 3.8468 3.10207 3.85751e-06 -0.115474 -1.97626e-323 -2.96439e-323 0 0 0 -4.94066e-324 0 0 0 0 0 0
 1.00007 4 -0.947031 -0.371264 3.76552 2.49377 -1.79671 -0.071475 1.00007 5 -1.08393 -0.544643 3.8468 3.10207 3.85751e-06 -0.115474 -1.97626e-323 -2.96439e-323 0 0 0 -4.94066e-324 0 0 0 0 0 0
 1.00007 4 -0.947031 -0.371264 3.76552 2.49377 -1.79671 -0.071475 1.00007 5 -1.08393 -0.544643 3.8468 3.10207 3.85751e-06 -0.115474 -1.97626e-323 -2.96439e-323 0 0 0 -4.94066e-324 0 0 0 0 0 0
 1.00007 4 -0.947031 -0.371264 3.76552 2.49377 -1.79671 -0.071475 1.00007 5 -1.08393 -0.544643 3.8468 3.10207 3.85751e-06 -0.115474 -1.97626e-323 -2.96439e-323 0 0 0 -4.94066e-324 0 0 0 0 0 0
 1.00007 4 -0.947031 -0.371264 3.76552 2.49377 -1.79671 -0.071475 1.00007 5 -1.08393 -0.544643 3.8468 3.10207 3.85751e-06 -0.115474 -1.97626e-323 -2.96439e-323 0 0 0 -4.94066e-324 0 0 0 0 0 0
 1.00013 4 -0.947031 -0.371264 3.76552 2.49377 -1.79671 -0.071475 1.00013 5 -1.08393 -0.544643 3.8468 3.10207 3.85751e-06 -0.115474 -1.97626e-323 -2.96439e-323 0 0 0 -4.94066e-324 0 0 0 0 0 0
 1.00013 4 -0.947031 -0.371264 3.76552 2.49377 -1.79671 -0.071475 1.00013 5 -1.08393 -0.544643 3.8468 3.10207 3.85751e-06 -0.115474 -1.97626e-323 -2.96439e-323 0 0 0 -4.94066e-324 0 0 0 0 0 0
 1.0001 4 -0.947031 -0.371264 3.76552 2.49377 -1.79671 -0.071475 1.0001 5 -1.08393 -0.544643 3.8468 3.10207 3.85751e-06 -0.115474 -1.97626e-323 -2.96439e-323 0 0 0 -4.94066e-324 0 0 0 0 0 0
 1.0001 4 -0.947031 -0.371264 3.76552 2.49377 -1.79671 -0.071475 1.0001 5 -1.08393 -0.544643 3.8468 3.10207 3.85751e-06 -0.115474 -1.97626e-323 -2.96439e-323 0 0 0 -4.94066e-324 0 0 0 0 0 0
 1.00012 4 -0.947031 -0.371264 3.76552 2.49377 -1.79671 -0.071475 1.00012 5 -1.08393 -0.544643 3.8468 3.10207 3.85751e-06 -0.115474 -1.97626e-323 -2.96439e-323 0 0 0 -4.94066e-324 0 0 0 0 0 0
 1.00012 4 -0.947031 -0.371264 3.76552 2.49377 -1.79671 -0.071475 1.00012 5 -1.08393 -0.544643 3.8468 3.10207 3.85751e-06 -0.115474 -1.97626e-323 -2.96439e-323 0 0 0 -4.94066e-324 0 0 0 0 0 0
 1.00005 4 -0.947031 -0.371264 3.76552 2.49377 -1.79671 -0.071475 1.00005 5 -1.08393 -0.544643 3.8468 3.10207 3.85751e-06 -0.115474 -1.97626e-323 -2.96439e-323 0 0 0 -4.94066e-324 0 0 0 0 0 0
 1.00005 4 -0.947031 -0.371264 3.76552 2.49377 -1.79671 -0.071475 1.00005 5 -1.08393 -0.544643 3.8468 3.10207 3.85751e-06 -0.115474 -1.97626e-323 -2.96439e-323 0 0 0 -4.94066e-324 0 0 0 0 0 0
 1.00008 4 -0.947031 -0.371264 3.76552 2.49377 -1.79671 -0.071475 1.00008 5 -1.08393 -0.544643 3.8468 3.10207 3.85751e-06 -0.115474 -1.97626e-323 -2.96439e-323 0 0 0 -4.94066e-324 0 0 0 0 0 0
 1.00008 4 -0.947031 -0.371264 3.76552 2.49377 -1.79671 -0.071475 1.00008 5 -1.08393 -0.544643 3.8468 3.10207 3.85751e-06 -0.115474 -1.97626e-323 -2.96439e-323 0 0 0 -4.94066e-324 0 0 0 0 0 0
 1.00016 4 -0.947031 -0.371264 3.76552 2.49377 -1.79671 -0.071475 1.00016 5 -1.08393 -0.544643 3.8468 3.10207 3.85751e-06 -0.115474 -1.97626e-323 -2.96439e-323 0 0 0 -4.94066e-324 0 0 0 0 0 0
 1.00016 4 -0.947031 -0.371264 3.76552 2.49377 -1.79671 -0.071475 1.00016 5 -1.08393 -0.544643 3.8468 3.10207 3.85751e-06 -0.115474 -1.97626e-323 -2.96439e-323 0 0 0 -4.94066e-324 0 0 0 0 0 0
 1.00017 4 -0.947031 -0.371264 3.76552 2.49377 -1.79671 -0.071475 1.00017 5 -1.08393 -0.544643 3.8468 3.10207 3.85751e-06 -0.115474 -1.97626e-323 -2.96439e-323 0 0 0 -4.94066e-324 0 0 0 0 0 0
 1.00017 4 -0.947031 -0.371264 3.76552 2.49377 -1.79671 -0.071475 1.00017 5 -1.08393 -0.544643 3.8468 3.10207 3.85751e-06 -0.115474 -1.97626e-323 -2.96439e-323 0 0 0 -4.94066e-324 0 0 0 0 0 0
 1.00006 4 -0.947031 -0.371264 3.76552 2.49377 -1.79671 -0.071475 1.00006 5 -1.08393 -0.544643 3.8468 3.10207 3.85751e-06 -0.115474 -1.97626e-323 -2.96439e-323 0 0 0 -4.94066e-324 0 0 0 0 0 0
 1.00006 4 -0.947031 -0.371264 3.76552 2.49377 -1.79671 -0.071475 1.00006 5 -1.08393 -0.544643 3.8468 3.10207 3.85751e-06 -0.115474 -1.97626e-323 -2.96439e-323 0 0 0 -4.94066e-324 0 0 0 0 0 0
 1.0001 4 -0.947031 -0.371264 3.76552 2.49377 -1.79671 -0.071475 1.0001 5 -1.08393 -0.544643 3.8468 3.10207 3.85751e-06 -0.115474 -1.97626e-323 -2.96439e-323 0 0 0 -4.94066e-324 0 0 0 0 0 0
 1.0001 4 -0.947031 -0.371264 3.76552 2.49377 -1.79671 -0.071475 1.0001 5 -1.08393 -0.544643 3.8468 3.10207 3.85751e-06 -0.115474 -1.97626e-323 -2.96439e-323 0 0 0 -4.94066e-324 0 0 0 0 0 0
 1.00005 4 -0.947031 -0.371264 3.76552 2.49377 -1.79671 -0.071475 1.00005 5 -1.08393 -0.544643 3.8468 3.10207 3.85751e-06 -0.115474 -1.97626e-323 -2.96439e-323 0 0 0 -4.94066e-324 0 0 0 0 0 0
 1.00005 4 -0.947031 -0.371264 3.76552 2.49377 -1.79671 -0.071475 1.00005 5 -1.08393 -0.544643 3.8468 3.10207 3.85751e-06 -0.115474 -1.97626e-323 -2.96439e-323 0 0 0 -4.94066e-324 0 0 0 0 0 0
 1.00007 4 -0.947031 -0.371264 3.76552 2.49377 -1.79671 -0.071475 1.00007 5 -1.08393 -0.544643 3.8468 3.10207 3.85751e-06 -0.115474 -1.97626e-323 -2.96439e-323 0 0 0 -4.94066e-324 0 0 0 0 0 0
 1.00007 4 -0.947031 -0.371264 3.76552 2.49377 -1.79671 -0.071475 1.00007 5 -1.08393 -0.544643 3.8468 3.10207 3.85751e-06 -0.115474 -1.97626e-323 -2.96439e-323 0 0 0 -4.94066e-324 0 0 0 0 0 0
 1.00007 4 -0.947031 -0.371264 3.76552 2.49377 -1.79671 -0.071475 1.00007 5 -1.08393 -0.544643 3.8468 3.10207 3.85751e-06 -0.115474 -1.97626e-323 -2.96439e-323 0 0 0 -4.94066e-324 0 0 0 0 0 0
 1.00007 4 -0.947031 -0.371264 3.76552 2.49377 -1.79671 -0.071475 1.00007 5 -1.08393 -0.544643 3.8468 3.10207 3.85751e-06 -0.115474 -1.97626e-323 -2.96439e-323 0 0 0 -4.94066e-324 0 0 0 0 0 0
 1.00006 4 -0.947031 -0.371264 3.76552 2.49377 -1.79671 -0.071475 1.00006 5 -1.08393 -0.544643 3.8468 3.10207 3.85751e-06 -0.115474 -1.97626e-323 -2.96439e-323 0 0 0 -4.94066e-324 0 0 0 0 0 0
 1.00006 4 -0.947031 -0.371264 3.76552 2.49377 -1.79671 -0.071475 1.00006 5 -1.08393 -0.544643 3.8468 3.10207 3.85751e-06 -0.115474 -1.97626e-323 -2.96439e-323 0 0 0 -4.94066e-324 0 0 0 0 0 0
 1.00012 4 -0.947031 -0.371264 3.76552 2.49377 -1.79671 -0.071475 1.00012 5 -1.08393 -0.544643 3.8468 3.10207 3.85751e-06 -0.115474 -1.97626e-323 -2.96439e-323 0 0 0 -4.94066e-324 0 0 0 0 0 0
 1.00012 4 -0.947031 -0.371264 3.76552 2.49377 -1.79671 -0.071475 1.00012 5 -1.08393 -0.544643 3.8468 3.10207 3.85751e-06 -0.115474 -1.97626e-323 -2.96439e-323 0 0 0 -4.94066e-324 0 0 0 0 0 0
 1.00005 4 -0.947031 -0.371264 3.76552 2.49377 -1.79671 -0.071475 1.00005 5 -1.08393 -0.544643 3.8468 3.10207 3.85751e-06 -0.115474 -1.97626e-323 -2.96439e-323 0 0 0 -4.94066e-324 0 0 0 0 0 0
 1.00005 4 -0.947031 -0.371264 3.76552 2.49377 -1.79671 -0.071475 1.00005 5 -1.08393 -0.544643 3.8468 3.10207 3.85751e-06 -0.115474 -1.97626e-323 -2.96439e-323 0 0 0 -4.94066e-324 0 0 0 0 0 0
 1.00007 4 -0.947031 -0.371264 3.76552 2.49377 -1.79671 -0.071475 1.00007 5 -1.08393 -0.544643 3.8468 3.10207 3.85751e-06 -0.115474 -1.97626e-323 -2.96439e-323 0 0 0 -4.94066e-324 0 0 0 0 0 0
 1.00007 4 -0.947031 -0.371264 3.76552 2.49377 -1.79671 -0.071475 1.00007 5 -1.08393 -0.544643 3.8468 3.10207 3.85751e-06 -0.115474 -1.97626e-323 -2.96439e-323 0 0 0 -4.94066e-324 0 0 0 0 0 0
 1.00008 4 -0.947031 -0.371264 3.76552 2.49377 -1.79671 -0.071475 1.00008 5 -1.08393 -0.544643 3.8468 3.10207 3.85751e-06 -0.115474 -1.97626e-323 -2.96439e-323 0 0 0 -4.94066e-324 0 0 0 0 0 0
 1.00008 4 -0.947031 -0.371264 3.76552 2.49377 -1.79671 -0.071475 1.00008 5 -1.08393 -0.544643 3.8468 3.10207 3.85751e-06 -0.115474 -1.97626e-323 -2.96439e-323 0 0 0 -4.94066e-324 0 0 0 0 0 0
 1.00009 4 -0.947031 -0.371264 3.76552 2.49377 -1.79671 -0.071475 1.00009 5 -1.08393 -0.544643 3.8468 3.10207 3.85751e-06 -0.115474 -1.97626e-323 -2.96439e-323 0 0 0 -4.94066e-324 0 0 0 0 0 0
 1.00009 4 -0.947031 -0.371264 3.76552 2.49377 -1.79671 -0.071475 1.00009 5 -1.08393 -0.544643 3.8468 3.10207 3.85751e-06 -0.115474 -1.97626e-323 -2.96439e-323 0 0 0 -4.94066e-324 0 0 0 0 0 0
 1.00007 4 -0.947031 -0.371264 3.76552 2.49377 -1.79671 -0.071475 1.00007 5 -1.08393 -0.544643 3.8468 3.10207 3.85751e-06 -0.115474 -1.97626e-323 -2.96439e-323 0 0 0 -4.94066e-324 0 0 0 0 0 0
 1.00007 4 -0.947031 -0.371264 3.76552 2.49377 -1.79671 -0.071475 1.00007 5 -1.08393 -0.544643 3.8468 3.10207 3.85751e-06 -0.115474 -1.97626e-323 -2.96439e-323 0 0 0 -4.94066e-324 0 0 0 0 0 0
 1.00013 4 -0.947031 -0.371264 3.76552 2.49377 -1.79671 -0.071475 1.00013 5 -1.08393 -0.544643 3.8468 3.10207 3.85751e-06 -0.115474 -1.97626e-323 -2.96439e-323 0 0 0 -4.94066e-324 0 0 0 0 0 0
 1.00013 4 -0.947031 -0.371264 3.76552 2.49377 -1.79671 -0.071475 1.00013 5 -1.08393 -0.544643 3.8468 3.10207 3.85751e-06 -0.115474 -1.97626e-323 -2.96439e-323 0 0 0 -4.94066e-324 0 0 0 0 0 0
 1.00011 4 -0.947031 -0.371264 3.76552 2.49377 -1.79671 -0.071475 1.00011 5 -1.08393 -0.544643 3.8468 3.10207 3.85751e-06 -0.115474 -1.97626e-323 -2.96439e-323 0 0 0 -4.94066e-324 0 0 0 0 0 0
 1.00011 4 -0.947031 -0.371264 3.76552 2.49377 -1.79671 -0.071475 1.00011 5 -1.08393 -0.544643 3.8468 3.10207 3.85751e-06 -0.115474 -1.97626e-323 -2.96439e-323 0 0 0 -4.94066e-324 0 0 0 0 0 0
 1.0001 4 -0.947031 -0.371264 3.76552 2.49377 -1.79671 -0.071475 1.0001 5 -1.08393 -0.544643 3.8468 3.10207 3.85751e-06 -0.115474 -1.97626e-323 -2.96439e-323 0 0 0 -4.94066e-324 0 0 0 0 0 0
 1.0001 4 -0.947031 -0.371264 3.76552 2.49377 -1.79671 -0.071475 1.0001 5 -1.08393 -0.544643 3.8468 3.10207 3.85751e-06 -0.115474 -1.97626e-323 -2.96439e-323 0 0 0 -4.94066e-324 0 0 0 0 0 0
 1.00106 4 -0.947031 -0.371264 3.76552 2.49377 -1.79671 -0.071475 1.00106 5 -1.08393 -0.544643 3.8468 3.10207 3.85751e-06 -0.115474 -1.97626e-323 -2.96439e-323 0 0 0 -4.94066e-324 0 0 0 0 0 0
 1.00106 4 -0.947031 -0.371264 3.76552 2.49377 -1.79671 -0.071475 1.00106 5 -1.08393 -0.544643 3.8468 3.10207 3.85751e-06 -0.115474 -1.97626e-323 -2.96439e-323 0 0 0 -4.94066e-324 0 0 0 0 0 0
 1.00006 4 -0.947031 -0.371264 3.76552 2.49377 -1.79671 -0.071475 1.00006 5 -1.08393 -0.544643 3.8468 3.10207 3.85751e-06 -0.115474 -1.97626e-323 -2.96439e-323 0 0 0 -4.94066e-324 0 0 0 0 0 0
 1.00006 4 -0.947031 -0.371264 3.76552 2.49377 -1.79671 -0.071475 1.00006 5 -1.08393 -0.544643 3.8468 3.10207 3.85751e-06 -0.115474 -1.97626e-323 -2.96439e-323 0 0 0 -4.94066e-324 0 0 0 0 0 0
 1.00005 4 -0.947031 -0.371264 3.76552 2.49377 -1.79671 -0.071475 1.00005 5 -1.08393 -0.544643 3.8468 3.10207 3.85751e-06 -0.115474 -1.97626e-323 -2.96439e-323 0 0 0 -4.94066e-324 0 0 0 0 0 0
 1.00005 4 -0.947031 -0.371264 3.76552 2.49377 -1.79671 -0.071475 1.00005 5 -1.08393 -0.544643 3.8468 3.10207 3.85751e-06 -0.115474 -1.97626e-323 -2.96439e-323 0 0 0 -4.94066e-324 0 0 0 0 0 0
 1.00007 4 -0.947031 -0.371264 3.76552 2.49377 -1.79671 -0.071475 1.00007 5 -1.08393 -0.544643 3.8468 3.10207 3.85751e-06 -0.115474 -1.97626e-323 -2.96439e-323 0 0 0 -4.94066e-324 0 0 0 0 0 0
 1.00007 4 -0.947031 -0.371264 3.76552 2.49377 -1.79671 -0.071475 1.00007 5 -1.08393 -0.544643 3.8468 3.10207 3.85751e-06 -0.115474 -1.97626e-323 -2.96439e-323 0 0 0 -4.94066e-324 0 0 0 0 0 0
 1.00013 4 -0.947031 -0.371264 3.76552 2.49377 -1.79671 -0.071475 1.00013 5 -1.08393 -0.544643 3.8468 3.10207 3.85751e-06 -0.115474 -1.97626e-323 -2.96439e-323 0 0 0 -4.94066e-324 0 0 0 0 0 0
 1.00013 4 -0.947031 -0.371264 3.76552 2.49377 -1.79671 -0.071475 1.00013 5 -1.08393 -0.544643 3.8468 3.10207 3.85751e-06 -0.115474 -1.97626e-323 -2.96439e-323 0 0 0 -4.94066e-324 0 0 0 0 0 0
 1.00011 4 -0.947031 -0.371264 3.76552 2.49377 -1.79671 -0.071475 1.00011 5 -1.08393 -0.544643 3.8468 3.10207 3.85751e-06 -0.115474 -1.97626e-323 -2.96439e-323 0 0 0 -4.94066e-324 0 0 0 0 0 0
 1.00011 4 -0.947031 -0.371264 3.76552 2.49377 -1.79671 -0.071475 1.00011 5 -1.08393 -0.544643 3.8468 3.10207 3.85751e-06 -0.115474 -1.97626e-323 -2.96439e-323 0 0 0 -4.94066e-324 0 0 0 0 0 0
 1.00005 4 -0.947031 -0.371264 3.76552 2.49377 -1.79671 -0.071475 1.00005 5 -1.08393 -0.544643 3.8468 3.10207 3.85751e-06 -0.115474 -1.97626e-323 -2.96439e-323 0 0 0 -4.94066e-324 0 0 0 0 0 0
 1.00005 4 -0.947031 -0.371264 3.76552 2.49377 -1.79671 -0.071475 1.00005 5 -1.08393 -0.544643 3.8468 3.10207 3.85751e-06 -0.115474 -1.97626e-323 -2.96439e-323 0 0 0 -4.94066e-324 0 0 0 0 0 0
 1.00071 4 -0.947031 -0.371264 3.76552 2.49377 -1.79671 -0.071475 1.00071 5 -1.08393 -0.544643 3.8468 3.10207 3.85751e-06 -0.115474 -1.97626e-323 -2.96439e-323 0 0 0 -4.94066e-324 0 0 0 0 0 0
 1.00071 4 -0.947031 -0.371264 3.76552 2.49377 -1.79671 -0.071475 1.00071 5 -1.08393 -0.544643 3.8468 3.10207 3.85751e-06 -0.115474 -1.97626e-323 -2.96439e-323 0 0 0 -4.94066e-324 0 0 0 0 0 0
 1.00006 4 -0.947031 -0.371264 3.76552 2.49377 -1.79671 -0.071475 1.00006 5 -1.08393 -0.544643 3.8468 3.10207 3.85751e-06 -0.115474 -1.97626e-323 -2.96439e-323 0 0 0 -4.94066e-324 0 0 0 0 0 0
 1.00006 4 -0.947031 -0.371264 3.76552 2.49377 -1.79671 -0.071475 1.00006 5 -1.08393 -0.544643 3.8468 3.10207 3.85751e-06 -0.115474 -1.97626e-323 -2.96439e-323 0 0 0 -4.94066e-324 0 0 0 0 0 0
 1.00007 4 -0.947031 -0.371264 3.76552 2.49377 -1.79671 -0.071475 1.00007 5 -1.08393 -0.544643 3.8468 3.10207 3.85751e-06 -0.115474 -1.97626e-323 -2.96439e-323 0 0 0 -4.94066e-324 0 0 0 0 0 0
 1.00007 4 -0.947031 -0.371264 3.76552 2.49377 -1.79671 -0.071475 1.00007 5 -1.08393 -0.544643 3.8468 3.10207 3.85751e-06 -0.115474 -1.97626e-323 -2.96439e-323 0 0 0 -4.94066e-324 0 0 0 0 0 0
 1.00007 4 -0.947031 -0.371264 3.76552 2.49377 -1.79671 -0.071475 1.00007 5 -1.08393 -0.544643 3.8468 3.10207 3.85751e-06 -0.115474 -1.97626e-323 -2.96439e-323 0 0 0 -4.94066e-324 0 0 0 0 0 0
 1.00007 4 -0.947031 -0.371264 3.76552 2.49377 -1.79671 -0.071475 1.00007 5 -1.08393 -0.544643 3.8468 3.10207 3.85751e-06 -0.115474 -1.97626e-323 -2.96439e-323 0 0 0 -4.94066e-324 0 0 0 0 0 0
 1.00011 4 -0.947031 -0.371264 3.76552 2.49377 -1.79671 -0.071475 1.00011 5 -1.08393 -0.544643 3.8468 3.10207 3.85751e-06 -0.115474 -1.97626e-323 -2.96439e-323 0 0 0 -4.94066e-324 0 0 0 0 0 0
 1.00011 4 -0.947031 -0.371264 3.76552 2.49377 -1.79671 -0.071475 1.00011 5 -1.08393 -0.544643 3.8468 3.10207 3.85751e-06 -0.115474 -1.97626e-323 -2.96439e-323 0 0 0 -4.94066e-324 0 0 0 0 0 0
 1.00017 4 -0.947031 -0.371264 3.76552 2.49377 -1.79671 -0.071475 1.00017 5 -1.08393 -0.544643 3.8468 3.10207 3.85751e-06 -0.115474 -1.97626e-323 -2.96439e-323 0 0 0 -4.94066e-324 0 0 0 0 0 0
 1.00017 4 -0.947031 -0.371264 3.76552 2.49377 -1.79671 -0.071475 1.00017 5 -1.08393 -0.544643 3.8468 3.10207 3.85751e-06 -0.115474 -1.97626e-323 -2.96439e-323 0 0 0 -4.94066e-324 0 0 0 0 0 0
 1.00015 4 -0.947031 -0.371264 3.76552 2.49377 -1.79671 -0.071475 1.00015 5 -1.08393 -0.544643 3.8468 3.10207 3.85751e-06 -0.115474 -1.97626e-323 -2.96439e-323 0 0 0 -4.94066e-324 0 0 0 0 0 0
 1.00015 4 -0.947031 -0.371264 3.76552 2.49377 -1.79671 -0.071475 1.00015 5 -1.08393 -0.544643 3.8468 3.10207 3.85751e-06 -0.115474 -1.97626e-323 -2.96439e-323 0 0 0 -4.94066e-324 0 0 0 0 0 0
 1.00005 4 -0.947031 -0.371264 3.76552 2.49377 -1.79671 -0.071475 1.00005 5 -1.08393 -0.544643 3.8468 3.10207 3.85751e-06 -0.115474 -1.97626e-323 -2.96439e-323 0 0 0 -4.94066e-324 0 0 0 0 0 0
 1.00005 4 -0.947031 -0.371264 3.76552 2.49377 -1.79671 -0.071475 1.00005 5 -1.08393 -0.544643 3.8468 3.10207 3.85751e-06 -0.115474 -1.97626e-323 -2.96439e-323 0 0 0 -4.94066e-324 0 0 0 0 0 0
 1.00007 4 -0.947031 -0.371264 3.76552 2.49377 -1.79671 -0.071475 1.00007 5 -1.08393 -0.544643 3.8468 3.10207 3.85751e-06 -0.115474 -1.97626e-323 -2.96439e-323 0 0 0 -4.94066e-324 0 0 0 0 0 0
 1.00007 4 -0.947031 -0.371264 3.76552 2.49377 -1.79671 -0.071475 1.00007 5 -1.08393 -0.544643 3.8468 3.10207 3.85751e-06 -0.115474 -1.97626e-323 -2.96439e-323 0 0 0 -4.94066e-324 0 0 0 0 0 0
 1.00007 4 -0.947031 -0.371264 3.76552 2.49377 -1.79671 -0.071475 1.00007 5 -1.08393 -0.544643 3.8468 3.10207 3.85751e-06 -0.115474 -1.97626e-323 -2.96439e-323 0 0 0 -4.94066e-324 0 0 0 0 0 0
 1.00007 4 -0.947031 -0.371264 3.76552 2.49377 -1.79671 -0.071475 1.00007 5 -1.08393 -0.544643 3.8468 3.10207 3.85751e-06 -0.115474 -1.97626e-323 -2.96439e-323 0 0 0 -4.94066e-324 0 0 0 0 0 0
 1.00012 4 -0.947031 -0.371264 3.76552 2.49377 -1.79671 -0.071475 1.00012 5 -1.08393 -0.544643 3.8468 3.10207 3.85751e-06 -0.115474 -1.97626e-323 -2.96439e-323 0 0 0 -4.94066e-324 0 0 0 0 0 0
 1.00012 4 -0.947031 -0.371264 3.76552 2.49377 -1.79671 -0.071475 1.00012 5 -1.08393 -0.544643 3.8468 3.10207 3.85751e-06 -0.115474 -1.97626e-323 -2.96439e-323 0 0 0 -4.94066e-324 0 0 0 0 0 0
 1.00005 4 -0.947031 -0.371264 3.76552 2.49377 -1.79671 -0.071475 1.00005 5 -1.08393 -0.544643 3.8468 3.10207 3.85751e-06 -0.115474 -0.0294451 -0.981668 0 0 0 0.387926 0.950859 0.309626 0 0 0 -1.36404e-05
 1.00005 4 -0.947031 -0.371264 3.76552 2.49377 -1.79671 -0.071475 1.00005 5 -1.08393 -0.544643 3.8468 3.10207 3.85751e-06 -0.115474 -0.0294451 -0.981668 0 0 0 0.387926 0.950859 0.309626 0 0 0 -1.36404e-05
 1.00013 4 -0.947031 -0.371264 3.76552 2.49377 -1.79671 -0.071475 1.00013 5 -1.08393 -0.544643 3.8468 3.10207 3.85751e-06 -0.115474 -0.0294451 -0.981668 0 0 0 0.387926 0.950859 0.309626 0 0 0 -1.36404e-05
 1.00013 4 -0.947031 -0.371264 3.76552 2.49377 -1.79671 -0.071475 1.00013 5 -1.08393 -0.544643 3.8468 3.10207 3.85751e-06 -0.115474 -0.0294451 -0.981668 0 0 0 0.387926 0.950859 0.309626 0 0 0 -1.36404e-05
 1.00005 4 -0.947031 -0.371264 3.76552 2.49377 -1.79671 -0.071475 1.00005 5 -1.08393 -0.544643 3.8468 3.10207 3.85751e-06 -0.115474 0.0918463 -0.734495 0 0 0 0.409929 0.950847 0.309628 0 0 0 -1.59672e-05
 1.00005 4 -0.947031 -0.371264 3.76552 2.49377 -1.79671 -0.071475 1.00005 5 -1.08393 -0.544643 3.8468 3.10207 3.85751e-06 -0.115474 0.0918463 -0.734495 0 0 0 0.409929 0.950847 0.309628 0 0 0 -1.59672e-05
 1.00012 4 -0.941585 -0.369439 3.7647 -2.1077 1.51943 -0.442419 1.00012 5 -1.08393 -0.544643 3.8468 3.10207 3.85751e-06 -0.115474 -0.0176894 0.929146 0 0 0 -0.00486459 -0.957883 -0.287135 0 0 0 -2.52612e-05
 1.00012 4 -0.941585 -0.369439 3.7647 -2.1077 1.51943 -0.442419 1.00012 5 -1.08393 -0.544643 3.8468 3.10207 3.85751e-06 -0.115474 -0.0176894 0.929146 0 0 0 -0.00486459 -0.957883 -0.287135 0 0 0 -2.52612e-05
 1.00004 4 -0.836011 -0.35417 3.64555 1.8535 -2.23714 0.016281 1.00004 5 -1.08393 -0.544643 3.8468 3.10207 3.85751e-06 -0.115474 0.0890021 0.941102 0 0 0 0.0244756 -0.982758 0.184867 0 0 0 -2.59211e-05
 1.00004 4 -0.836011 -0.35417 3.64555 1.8535 -2.23714 0.016281 1.00004 5 -1.08393 -0.544643 3.8468 3.10207 3.85751e-06 -0.115474 0.0890021 0.941102 0 0 0 0.0244756 -0.982758 0.184867 0 0 0 -2.59211e-05
 1.00009 4 -0.803321 -0.410181 3.84767 -1.23358 2.37881 0.223693 1.00009 5 -1.08393 -0.544643 3.8468 3.10207 3.85751e-06 -0.115474 0.0819393 0.0678424 0 0 0 0.0225333 6.56348e-09 1.01117e-05 0 0 0 5.82095e-13
 1.00009 4 -0.803321 -0.410181 3.84767 -1.23358 2.37881 0.223693 1.00009 5 -1.08393 -0.544643 3.8468 3.10207 3.85751e-06 -0.115474 0.0819393 0.0678424 0 0 0 0.0225333 6.56348e-09 1.01117e-05 0 0 0 5.82095e-13
 1.00007 4 -0.803321 -0.410181 3.84767 -1.23358 2.37881 0.223693 1.00007 5 -1.08393 -0.544643 3.8468 3.10207 3.85751e-06 -0.115474 0.0279439 0.021756 0 0 0 0.00768458 -1.03755e-09 3.36626e-06 0 0 0 5.55996e-14
 1.00007 4 -0.803321 -0.410181 3.84767 -1.23358 2.37881 0.223693 1.00007 5 -1.08393 -0.544643 3.8468 3.10207 3.85751e-06 -0.115474 0.0279439 0.021756 0 0 0 0.00768458 -1.03755e-09 3.36626e-06 0 0 0 5.55996e-14
 1.00007 4 -0.839703 -0.378557 3.80298 1.76414 -2.64233 0.227192 1.00007 5 -1.08393 -0.544643 3.8468 3.10207 3.85751e-06 -0.115474 0.0332691 0.0121388 0 0 0 0.00914901 -1.03786e-09 3.36626e-06 0 0 0 -2.30018e-14
 1.00007 4 -0.839703 -0.378557 3.80298 1.76414 -2.64233 0.227192 1.00007 5 -1.08393 -0.544643 3.8468 3.10207 3.85751e-06 -0.115474 0.0332691 0.0121388 0 0 0 0.00914901 -1.03786e-09 3.36626e-06 0 0 0 -2.30018e-14
 1.0001 4 -0.894152 -0.366923 3.81514 2.09299 -2.24781 -0.0405343 1.0001 5 -1.08393 -0.544643 3.8468 3.10207 3.85751e-06 -0.115474 0.035363 0.00190942 0 0 0 0.00972481 -1.03784e-09 3.36626e-06 0 0 0 -1.47715e-14
 1.0001 4 -0.894152 -0.366923 3.81514 2.09299 -2.24781 -0.0405343 1.0001 5 -1.08393 -0.544643 3.8468 3.10207 3.85751e-06 -0.115474 0.035363 0.00190942 0 0 0 0.00972481 -1.03784e-09 3.36626e-06 0 0 0 -1.47715e-14
 1.00016 4 -0.956749 -0.376368 3.87086 2.56506 -2.00738 -0.0406409 1.00016 5 -1.08393 -0.544643 3.8468 3.10207 3.85751e-06 -0.115474 0.0344814 -0.00807594 0 0 0 0.00948237 -1.03775e-09 3.36626e-06 0 0 0 2.76375e-14
 1.00016 4 -0.956749 -0.376368 3.87086 2.56506 -2.00738 -0.0406409 1.00016 5 -1.08393 -0.544643 3.8468 3.10207 3.85751e-06 -0.115474 0.0344814 -0.00807594 0 0 0 0.00948237 -1.03775e-09 3.36626e-06 0 0 0 2.76375e-14
 1.00005 4 -0.961523 -0.379333 3.90128 -1.99235 1.65776 -0.3879 1.00005 5 -1.08393 -0.544643 3.8468 3.10207 3.85751e-06 -0.115474 0.0115697 -0.00235536 0 0 0 0.00318167 2.73959e-10 1.1223e-06 0 0 0 4.47625e-15
 1.00005 4 -0.961523 -0.379333 3.90128 -1.99235 1.65776 -0.3879 1.00005 5 -1.08393 -0.544643 3.8468 3.10207 3.85751e-06 -0.115474 0.0115697 -0.00235536 0 0 0 0.00318167 2.73959e-10 1.1223e-06 0 0 0 4.47625e-15
 1.00007 4 -0.912501 -0.369643 3.8262 2.17217 -2.17216 -0.0451605 1.00007 5 -1.08393 -0.544643 3.8468 3.10207 3.85751e-06 -0.115474 0.011805 -0.000220193 0 0 0 0.00324637 2.73951e-10 1.1223e-06 0 0 0 9.75189e-16
 1.00007 4 -0.912501 -0.369643 3.8262 2.17217 -2.17216 -0.0451605 1.00007 5 -1.08393 -0.544643 3.8468 3.10207 3.85751e-06 -0.115474 0.011805 -0.000220193 0 0 0 0.00324637 2.73951e-10 1.1223e-06 0 0 0 9.75189e-16
 1.00006 4 -0.872845 -0.367356 3.79143 -1.6442 1.9039 -0.0785658 1.00006 5 -1.08393 -0.544643 3.8468 3.10207 3.85751e-06 -0.115474 -0.000588021 -0.927364 0 0 0 -0.000162929 0.987781 -0.155805 0 0 0 2.60995e-05
 1.00006 4 -0.872845 -0.367356 3.79143 -1.6442 1.9039 -0.0785658 1.00006 5 -1.08393 -0.544643 3.8468 3.10207 3.85751e-06 -0.115474 -0.000588021 -0.927364 0 0 0 -0.000162929 0.987781 -0.155805 0 0 0 2.60995e-05
 1.00007 4 -0.847617 -0.365404 3.73366 1.8298 -2.34985 0.123978 1.00007 5 -1.08393 -0.544643 3.8468 3.10207 3.85751e-06 -0.115474 -0.0170599 -0.927889 0 0 0 -0.00469146 0.972968 -0.230911 0 0 0 2.56605e-05
 1.00007 4 -0.847617 -0.365404 3.73366 1.8298 -2.34985 0.123978 1.00007 5 -1.08393 -0.544643 3.8468 3.10207 3.85751e-06 -0.115474 -0.0170599 -0.927889 0 0 0 -0.00469146 0.972968 -0.230911 0 0 0 2.56605e-05
 1.00007 4 -0.891481 -0.375983 3.88015 -1.59171 1.88975 -0.292827 1.00007 5 -1.08393 -0.544643 3.8468 3.10207 3.85751e-06 -0.115474 -0.00104498 -0.924008 0 0 0 -0.00028737 0.987336 -0.158596 0 0 0 2.60385e-05
 1.00007 4 -0.891481 -0.375983 3.88015 -1.59171 1.88975 -0.292827 1.00007 5 -1.08393 -0.544643 3.8468 3.10207 3.85751e-06 -0.115474 -0.00104498 -0.924008 0 0 0 -0.00028737 0.987336 -0.158596 0 0 0 2.60385e-05
 1.00006 4 -0.887984 -0.355032 3.68494 -1.83444 1.66714 -0.519663 1.00006 5 -1.08393 -0.544643 3.8468 3.10207 3.85751e-06 -0.115474 0.0479841 0.000334042 0 0 0 0.0131947 -2.17714e-07 4.56766e-06 0 0 0 -6.51276e-08
 1.00006 4 -0.887984 -0.355032 3.68494 -1.83444 1.66714 -0.519663 1.00006 5 -1.08393 -0.544643 3.8468 3.10207 3.85751e-06 -0.115474 0.0479841 0.000334042 0 0 0 0.0131947 -2.17714e-07 4.56766e-06 0 0 0 -6.51276e-08
 1.00012 4 -0.899859 -0.353587 3.59414 2.32267 -1.68912 -0.144352 1.00012 5 -1.08393 -0.544643 3.8468 3.10207 3.85751e-06 -0.115474 -0.0139226 0.928117 0 0 0 -0.00382872 -0.955992 -0.293369 0 0 0 -2.52109e-05
 1.00012 4 -0.899859 -0.353587 3.59414 2.32267 -1.68912 -0.144352 1.00012 5 -1.08393 -0.544643 3.8468 3.10207 3.85751e-06 -0.115474 -0.0139226 0.928117 0 0 0 -0.00382872 -0.955992 -0.293369 0 0 0 -2.52109e-05
 1.00005 4 -0.881706 -0.352515 3.64114 2.21294 -1.96175 -0.111367 1.00005 5 -1.08393 -0.544643 3.8468 3.10207 3.85751e-06 -0.115474 0.0306251 0.920915 0 0 0 0.00842189 -0.995492 -0.0947647 0 0 0 -2.62532e-05
 1.00005 4 -0.881706 -0.352515 3.64114 2.21294 -1.96175 -0.111367 1.00005 5 -1.08393 -0.544643 3.8468 3.10207 3.85751e-06 -0.115474 0.0306251 0.920915 0 0 0 0.00842189 -0.995492 -0.0947647 0 0 0 -2.62532e-05
 1.00013 4 -0.851004 -0.369641 3.76808 -1.60597 2.06838 -0.387343 1.00013 5 -1.08393 -0.544643 3.8468 3.10207 3.85751e-06 -0.115474 0.110145 0.954856 0 0 0 0.0302898 -0.962404 0.271605 0 0 0 -2.5386e-05
 1.00013 4 -0.851004 -0.369641 3.76808 -1.60597 2.06838 -0.387343 1.00013 5 -1.08393 -0.544643 3.8468 3.10207 3.85751e-06 -0.115474 0.110145 0.954856 0 0 0 0.0302898 -0.962404 0.271605 0 0 0 -2.5386e-05
 1.00007 4 -0.759109 -0.405907 3.69305 1.15473 -2.72148 0.120442 1.00007 5 -1.08393 -0.544643 3.8468 3.10207 3.85751e-06 -0.115474 0.0656617 0.0677238 0 0 0 0.018057 5.50315e-09 8.96628e-06 0 0 0 7.26124e-13
 1.00007 4 -0.759109 -0.405907 3.69305 1.15473 -2.72148 0.120442 1.00007 5 -1.08393 -0.544643 3.8468 3.10207 3.85751e-06 -0.115474 0.0656617 0.0677238 0 0 0 0.018057 5.50315e-09 8.96628e-06 0 0 0 7.26124e-13
 1.00006 4 -0.787991 -0.388384 3.71635 1.42524 -2.64436 0.284146 1.00006 5 -1.08393 -0.544643 3.8468 3.10207 3.85751e-06 -0.115474 0.0163443 -0.912965 0 0 0 0.00449469 0.83566 -0.549232 0 0 0 2.20328e-05
 1.00006 4 -0.787991 -0.388384 3.71635 1.42524 -2.64436 0.284146 1.00006 5 -1.08393 -0.544643 3.8468 3.10207 3.85751e-06 -0.115474 0.0163443 -0.912965 0 0 0 0.00449469 0.83566 -0.549232 0 0 0 2.20328e-05
 1.00007 4 -0.871512 -0.365929 3.78523 2.01202 -2.31987 -0.0355743 1.00007 5 -1.08393 -0.544643 3.8468 3.10207 3.85751e-06 -0.115474 0.117616 -0.909479 0 0 0 0.0323443 0.9927 -0.120535 0 0 0 2.61786e-05
 1.00007 4 -0.871512 -0.365929 3.78523 2.01202 -2.31987 -0.0355743 1.00007 5 -1.08393 -0.544643 3.8468 3.10207 3.85751e-06 -0.115474 0.117616 -0.909479 0 0 0 0.0323443 0.9927 -0.120535 0 0 0 2.61786e-05
 1.00009 4 -0.950352 -0.375304 3.84178 -2.05293 1.58813 -0.405549 1.00009 5 -1.08393 -0.544643 3.8468 3.10207 3.85751e-06 -0.115474 0.0636546 -0.937204 0 0 0 0.017505 0.978747 0.205041 0 0 0 2.58102e-05
 1.00009 4 -0.950352 -0.375304 3.84178 -2.05293 1.58813 -0.405549 1.00009 5 -1.08393 -0.544643 3.8468 3.10207 3.85751e-06 -0.115474 0.0636546 -0.937204 0 0 0 0.017505 0.978747 0.205041 0 0 0 2.58102e-05
 1.00006 4 -0.869271 -0.369153 3.79069 1.9109 -2.28675 0.126697 1.00006 5 -1.08393 -0.544643 3.8468 3.10207 3.85751e-06 -0.115474 0.113856 0.947257 0 0 0 0.0313105 -0.979373 0.202037 0 0 0 -2.58325e-05
 1.00006 4 -0.869271 -0.369153 3.79069 1.9109 -2.28675 0.126697 1.00006 5 -1.08393 -0.544643 3.8468 3.10207 3.85751e-06 -0.115474 0.113856 0.947257 0 0 0 0.0313105 -0.979373 0.202037 0 0 0 -2.58325e-05
 1.00016 4 -0.779235 -0.406328 3.76125 1.31456 -2.77405 0.00424101 1.00016 5 -1.08393 -0.544643 3.8468 3.10207 3.85751e-06 -0.115474 0.164784 1.08214 0 0 0 0.0453157 -0.720601 0.693361 0 0 0 -1.90195e-05
 1.00016 4 -0.779235 -0.406328 3.76125 1.31456 -2.77405 0.00424101 1.00016 5 -1.08393 -0.544643 3.8468 3.10207 3.85751e-06 -0.115474 0.164784 1.08214 0 0 0 0.0453157 -0.720601 0.693361 0 0 0 -1.90195e-05
 1.00009 4 -0.821572 -0.408512 3.89203 -1.23968 2.28955 -0.0312815 1.00009 5 -1.08393 -0.544643 3.8468 3.10207 3.85751e-06 -0.115474 0.0653398 0.967995 0 0 0 0.0179684 -0.828734 0.559637 0 0 0 -2.18517e-05
 1.00009 4 -0.821572 -0.408512 3.89203 -1.23968 2.28955 -0.0312815 1.00009 5 -1.08393 -0.544643 3.8468 3.10207 3.85751e-06 -0.115474 0.0653398 0.967995 0 0 0 0.0179684 -0.828734 0.559637 0 0 0 -2.18517e-05
 1.00005 4 -0.83786 -0.370732 3.75193 -1.45618 2.00655 -0.23761 1.00005 5 -1.08393 -0.544643 3.8468 3.10207 3.85751e-06 -0.115474 0.03084 0.00926456 0 0 0 0.00848101 -8.93933e-10 3.06086e-06 0 0 0 -2.64684e-14
 1.00005 4 -0.83786 -0.370732 3.75193 -1.45618 2.00655 -0.23761 1.00005 5 -1.08393 -0.544643 3.8468 3.10207 3.85751e-06 -0.115474 0.03084 0.00926456 0 0 0 0.00848101 -8.93933e-10 3.06086e-06 0 0 0 -2.64684e-14
 1.00013 4 -0.89096 -0.359841 3.72553 -1.81958 1.75658 -0.144425 1.00013 5 -1.08393 -0.544643 3.8468 3.10207 3.85751e-06 -0.115474 0.0869979 -0.929084 0 0 0 0.0239244 0.998149 0.0606982 0 0 0 2.63251e-05
 1.00013 4 -0.89096 -0.359841 3.72553 -1.81958 1.75658 -0.144425 1.00013 5 -1.08393 -0.544643 3.8468 3.10207 3.85751e-06 -0.115474 0.0869979 -0.929084 0 0 0 0.0239244 0.998149 0.0606982 0 0 0 2.63251e-05
 1.00008 4 -0.961523 -0.379333 3.90128 -1.99235 1.65776 -0.3879 1.00008 5 -1.08393 -0.544643 3.8468 3.10207 3.85751e-06 -0.115474 0.0371822 -0.931215 0 0 0 0.0102251 0.980948 0.194237 0 0 0 2.5869e-05
 1.00008 4 -0.961523 -0.379333 3.90128 -1.99235 1.65776 -0.3879 1.00008 5 -1.08393 -0.544643 3.8468 3.10207 3.85751e-06 -0.115474 0.0371822 -0.931215 0 0 0 0.0102251 0.980948 0.194237 0 0 0 2.5869e-05
 1.00005 4 -0.878348 -0.352878 3.66181 2.14377 -2.03583 -0.112904 1.00005 5 -1.08393 -0.544643 3.8468 3.10207 3.85751e-06 -0.115474 0.00570295 -0.924147 0 0 0 0.00156831 0.998559 0.0535247 0 0 0 2.6335e-05
 1.00005 4 -0.878348 -0.352878 3.66181 2.14377 -2.03583 -0.112904 1.00005 5 -1.08393 -0.544643 3.8468 3.10207 3.85751e-06 -0.115474 0.00570295 -0.924147 0 0 0 0.00156831 0.998559 0.0535247 0 0 0 2.6335e-05
 1.00015 4 -0.86564 -0.356473 3.69753 -1.8423 2.02681 -0.50869 1.00015 5 -1.08393 -0.544643 3.8468 3.10207 3.85751e-06 -0.115474 0.0277725 0.926193 0 0 0 0.00763744 -0.996401 0.0846803 0 0 0 -2.62789e-05
 1.00015 4 -0.86564 -0.356473 3.69753 -1.8423 2.02681 -0.50869 1.00015 5 -1.08393 -0.544643 3.8468 3.10207 3.85751e-06 -0.115474 0.0277725 0.926193 0 0 0 0.00763744 -0.996401 0.0846803 0 0 0 -2.62789e-05
 1.00003 4 -0.838968 -0.380317 3.81142 -1.82059 2.76137 -0.14795 1.00003 5 -1.08393 -0.544643 3.8468 3.10207 3.85751e-06 -0.115474 0.0893932 0.96132 0 0 0 0.0245831 -0.922026 0.387119 0 0 0 -2.43221e-05
 1.00003 4 -0.838968 -0.380317 3.81142 -1.82059 2.76137 -0.14795 1.00003 5 -1.08393 -0.544643 3.8468 3.10207 3.85751e-06 -0.115474 0.0893932 0.96132 0 0 0 0.0245831 -0.922026 0.387119 0 0 0 -2.43221e-05
 1.00011 4 -0.775369 -0.425087 3.81095 -1.0974 2.87842 0.252008 1.00011 5 -1.08393 -0.544643 3.8468 3.10207 3.85751e-06 -0.115474 0.0680094 0.0780558 0 0 0 0.0187026 6.30839e-09 9.84064e-06 0 0 0 1.00077e-12
 1.00011 4 -0.775369 -0.425087 3.81095 -1.0974 2.87842 0.252008 1.00011 5 -1.08393 -0.544643 3.8468 3.10207 3.85751e-06 -0.115474 0.0680094 0.0780558 0 0 0 0.0187026 6.30839e-09 9.84064e-06 0 0 0 1.00077e-12
 1.0001 4 -0.787667 -0.387331 3.71522 -1.17275 2.20189 -0.130595 1.0001 5 -1.08393 -0.544643 3.8468 3.10207 3.85751e-06 -0.115474 0.0170549 -0.912917 0 0 0 0.00469009 0.842371 -0.538882 0 0 0 2.221e-05
 1.0001 4 -0.787667 -0.387331 3.71522 -1.17275 2.20189 -0.130595 1.0001 5 -1.08393 -0.544643 3.8468 3.10207 3.85751e-06 -0.115474 0.0170549 -0.912917 0 0 0 0.00469009 0.842371 -0.538882 0 0 0 2.221e-05
 1.00128 4 -0.871327 -0.364007 3.76612 -1.63334 1.85764 -0.301886 1.00128 5 -1.08393 -0.544643 3.8468 3.10207 3.85751e-06 -0.115474 0.120623 -0.912029 0 0 0 0.0331714 0.99463 -0.10341 0 0 0 2.62298e-05
 1.00128 4 -0.871327 -0.364007 3.76612 -1.63334 1.85764 -0.301886 1.00128 5 -1.08393 -0.544643 3.8468 3.10207 3.85751e-06 -0.115474 0.120623 -0.912029 0 0 0 0.0331714 0.99463 -0.10341 0 0 0 2.62298e-05
 1.00004 4 -0.931744 -0.36621 3.74923 -2.04426 1.53137 -0.239143 1.00004 5 -1.08393 -0.544643 3.8468 3.10207 3.85751e-06 -0.115474 0.052467 0.911648 0 0 0 0.0144284 -0.974144 -0.225892 0 0 0 -2.5688e-05
 1.00004 4 -0.931744 -0.36621 3.74923 -2.04426 1.53137 -0.239143 1.00004 5 -1.08393 -0.544643 3.8468 3.10207 3.85751e-06 -0.115474 0.052467 0.911648 0 0 0 0.0144284 -0.974144 -0.225892 0 0 0 -2.5688e-05
 1.0001 4 -0.86762 -0.375162 3.83339 1.87529 -2.42323 -0.0315744 1.0001 5 -1.08393 -0.544643 3.8468 3.10207 3.85751e-06 -0.115474 0.160007 0.967622 0 0 0 0.0440019 -0.96435 0.264618 0 0 0 -2.54382e-05
 1.0001 4 -0.86762 -0.375162 3.83339 1.87529 -2.42323 -0.0315744 1.0001 5 -1.08393 -0.544643 3.8468 3.10207 3.85751e-06 -0.115474 0.160007 0.967622 0 0 0 0.0440019 -0.96435 0.264618 0 0 0 -2.54382e-05
 1.00008 4 -0.775559 -0.428448 3.8166 -0.888425 2.67856 -0.46604 1.00008 5 -1.08393 -0.544643 3.8468 3.10207 3.85751e-06 -0.115474 0.0866792 1.01751 0 0 0 0.0238368 -0.679521 0.733658 0 0 0 -1.79123e-05
 1.00008 4 -0.775559 -0.428448 3.8166 -0.888425 2.67856 -0.46604 1.00008 5 -1.08393 -0.544643 3.8468 3.10207 3.85751e-06 -0.115474 0.0866792 1.01751 0 0 0 0.0238368 -0.679521 0.733658 0 0 0 -1.79123e-05
 1.00015 4 -0.815667 -0.38402 3.7687 1.61838 -2.51335 -0.281666 1.00015 5 -1.08393 -0.544643 3.8468 3.10207 3.85751e-06 -0.115474 0.0132409 -0.917313 0 0 0 0.00364124 0.897141 -0.441726 0 0 0 2.36561e-05
 1.00015 4 -0.815667 -0.38402 3.7687 1.61838 -2.51335 -0.281666 1.00015 5 -1.08393 -0.544643 3.8468 3.10207 3.85751e-06 -0.115474 0.0132409 -0.917313 0 0 0 0.00364124 0.897141 -0.441726 0 0 0 2.36561e-05
 1.00005 4 -0.894152 -0.366923 3.81514 2.09299 -2.24781 -0.0405343 1.00005 5 -1.08393 -0.544643 3.8468 3.10207 3.85751e-06 -0.115474 0.105568 -0.919169 0 0 0 0.0290312 0.999042 -0.0435861 0 0 0 2.63472e-05
 1.00005 4 -0.894152 -0.366923 3.81514 2.09299 -2.24781 -0.0405343 1.00005 5 -1.08393 -0.544643 3.8468 3.10207 3.85751e-06 -0.115474 0.105568 -0.919169 0 0 0 0.0290312 0.999042 -0.0435861 0 0 0 2.63472e-05
 1.0004 4 -0.968615 -0.381997 3.91896 2.38693 -1.96799 0.332403 1.0004 5 -1.08393 -0.544643 3.8468 3.10207 3.85751e-06 -0.115474 0.0540353 -0.935386 0 0 0 0.0148597 0.978 0.208573 0 0 0 2.57907e-05
 1.0004 4 -0.968615 -0.381997 3.91896 2.38693 -1.96799 0.332403 1.0004 5 -1.08393 -0.544643 3.8468 3.10207 3.85751e-06 -0.115474 0.0540353 -0.935386 0 0 0 0.0148597 0.978 0.208573 0 0 0 2.57907e-05
 1.00004 4 -0.908929 -0.369643 3.82591 2.17221 -2.17221 -0.0449464 1.00004 5 -1.08393 -0.544643 3.8468 3.10207 3.85751e-06 -0.115474 0.00897893 0.924045 0 0 0 0.0024692 -0.999987 0.00343572 0 0 0 -2.63752e-05
 1.00004 4 -0.908929 -0.369643 3.82591 2.17221 -2.17221 -0.0449464 1.00004 5 -1.08393 -0.544643 3.8468 3.10207 3.85751e-06 -0.115474 0.00897893 0.924045 0 0 0 0.0024692 -0.999987 0.00343572 0 0 0 -2.63752e-05
 1.00062 4 -0.884713 -0.379125 3.89311 2.06761 -2.50651 -0.316308 1.00062 5 -1.08393 -0.544643 3.8468 3.10207 3.85751e-06 -0.115474 0.0612397 0.938985 0 0 0 0.0168409 -0.970656 0.240449 0 0 0 -2.5602e-05
 1.00062 4 -0.884713 -0.379125 3.89311 2.06761 -2.50651 -0.316308 1.00062 5 -1.08393 -0.544643 3.8468 3.10207 3.85751e-06 -0.115474 0.0612397 0.938985 0 0 0 0.0168409 -0.970656 0.240449 0 0 0 -2.5602e-05
 1.00007 4 -0.781783 -0.390025 3.70724 1.44833 -2.70625 -0.00314301 1.00007 5 -1.08393 -0.544643 3.8468 3.10207 3.85751e-06 -0.115474 0.116208 1.01084 0 0 0 0.0319572 -0.800167 0.59978 0 0 0 -2.11128e-05
 1.00007 4 -0.781783 -0.390025 3.70724 1.44833 -2.70625 -0.00314301 1.00007 5 -1.08393 -0.544643 3.8468 3.10207 3.85751e-06 -0.115474 0.116208 1.01084 0 0 0 0.0319572 -0.800167 0.59978 0 0 0 -2.11128e-05
 1.00027 4 -0.779235 -0.406328 3.76125 1.31456 -2.77405 0.00424101 1.00027 5 -1.08393 -0.544643 3.8468 3.10207 3.85751e-06 -0.115474 0.0210969 0.0179116 0 0 0 0.00580164 -2.60601e-10 2.62976e-06 0 0 0 1.34091e-10
 1.00027 4 -0.779235 -0.406328 3.76125 1.31456 -2.77405 0.00424101 1.00027 5 -1.08393 -0.544643 3.8468 3.10207 3.85751e-06 -0.115474 0.0210969 0.0179116 0 0 0 0.00580164 -2.60601e-10 2.62976e-06 0 0 0 1.34091e-10
 1.00007 4 -0.853205 -0.394139 3.91339 -1.419 2.17525 -0.109761 1.00007 5 -1.08393 -0.544643 3.8468 3.10207 3.85751e-06 -0.115474 0.0252988 0.0112248 0 0 0 0.00695717 -7.04239e-10 2.6308e-06 0 0 0 -7.34734e-15
 1.00007 4 -0.853205 -0.394139 3.91339 -1.419 2.17525 -0.109761 1.00007 5 -1.08393 -0.544643 3.8468 3.10207 3.85751e-06 -0.115474 0.0252988 0.0112248 0 0 0 0.00695717 -7.04239e-10 2.6308e-06 0 0 0 -7.34734e-15
 1.00006 4 -0.872845 -0.367356 3.79143 -1.6442 1.9039 -0.0785658 1.00006 5 -1.08393 -0.544643 3.8468 3.10207 3.85751e-06 -0.115474 0.0237474 -0.920513 0 0 0 0.00653052 0.990365 -0.13843 0 0 0 2.61179e-05
 1.00006 4 -0.872845 -0.367356 3.79143 -1.6442 1.9039 -0.0785658 1.00006 5 -1.08393 -0.544643 3.8468 3.10207 3.85751e-06 -0.115474 0.0237474 -0.920513 0 0 0 0.00653052 0.990365 -0.13843 0 0 0 2.61179e-05
 1.00007 4 -0.969794 -0.382245 3.93113 -2.11488 1.81357 -0.363985 1.00007 5 -1.08393 -0.544643 3.8468 3.10207 3.85751e-06 -0.115474 0.108235 -0.951178 0 0 0 0.0297646 0.96941 0.245428 0 0 0 2.55698e-05
 1.00007 4 -0.969794 -0.382245 3.93113 -2.11488 1.81357 -0.363985 1.00007 5 -1.08393 -0.544643 3.8468 3.10207 3.85751e-06 -0.115474 0.108235 -0.951178 0 0 0 0.0297646 0.96941 0.245428 0 0 0 2.55698e-05
 1.00007 4 -0.924541 -0.365927 3.78944 2.32202 -2.01387 -0.05395 1.00007 5 -1.08393 -0.544643 3.8468 3.10207 3.85751e-06 -0.115474 0.0183722 -0.92632 0 0 0 0.00505235 0.990805 0.135248 0 0 0 2.61298e-05
 1.00007 4 -0.924541 -0.365927 3.78944 2.32202 -2.01387 -0.05395 1.00007 5 -1.08393 -0.544643 3.8468 3.10207 3.85751e-06 -0.115474 0.0183722 -0.92632 0 0 0 0.00505235 0.990805 0.135248 0 0 0 2.61298e-05
 1.0006 4 -0.887984 -0.355032 3.68494 -1.83444 1.66714 -0.519663 1.0006 5 -1.08393 -0.544643 3.8468 3.10207 3.85751e-06 -0.115474 -0.00585455 0.924302 0 0 0 -0.00161 -0.996911 -0.0784522 0 0 0 -2.62915e-05
 1.0006 4 -0.887984 -0.355032 3.68494 -1.83444 1.66714 -0.519663 1.0006 5 -1.08393 -0.544643 3.8468 3.10207 3.85751e-06 -0.115474 -0.00585455 0.924302 0 0 0 -0.00161 -0.996911 -0.0784522 0 0 0 -2.62915e-05
 1.00049 4 -0.905358 -0.369643 3.82563 2.17226 -2.17226 -0.0447315 1.00049 5 -1.08393 -0.544643 3.8468 3.10207 3.85751e-06 -0.115474 0.0179805 0.924308 0 0 0 0.00494464 -0.99965 0.026193 0 0 0 -2.63641e-05
 1.00049 4 -0.905358 -0.369643 3.82563 2.17226 -2.17226 -0.0447315 1.00049 5 -1.08393 -0.544643 3.8468 3.10207 3.85751e-06 -0.115474 0.0179805 0.924308 0 0 0 0.00494464 -0.99965 0.026193 0 0 0 -2.63641e-05
 1.00007 4 -0.820889 -0.36123 3.66463 -1.50199 1.97463 -0.246177 1.00007 5 -1.08393 -0.544643 3.8468 3.10207 3.85751e-06 -0.115474 0.078221 0.949068 0 0 0 0.0215108 -0.951579 0.307388 0 0 0 -2.51001e-05
 1.00007 4 -0.820889 -0.36123 3.66463 -1.50199 1.97463 -0.246177 1.00007 5 -1.08393 -0.544643 3.8468 3.10207 3.85751e-06 -0.115474 0.078221 0.949068 0 0 0 0.0215108 -0.951579 0.307388 0 0 0 -2.51001e-05
 1.00008 4 -0.817622 -0.434826 3.97325 1.09997 -2.86649 0.0134871 1.00008 5 -1.08393 -0.544643 3.8468 3.10207 3.85751e-06 -0.115474 0.0779947 0.0791998 0 0 0 0.0214485 7.00194e-09 1.05658e-05 0 0 0 9.8179e-13
 1.00008 4 -0.817622 -0.434826 3.97325 1.09997 -2.86649 0.0134871 1.00008 5 -1.08393 -0.544643 3.8468 3.10207 3.85751e-06 -0.115474 0.0779947 0.0791998 0 0 0 0.0214485 7.00194e-09 1.05658e-05 0 0 0 9.8179e-13
 1.00013 4 -0.823306 -0.40847 3.89137 1.45879 -2.69474 0.00273301 1.00013 5 -1.08393 -0.544643 3.8468 3.10207 3.85751e-06 -0.115474 0.0321463 0.0210248 0 0 0 0.00884022 -1.17844e-09 3.65111e-06 0 0 0 3.4976e-14
 1.00013 4 -0.823306 -0.40847 3.89137 1.45879 -2.69474 0.00273301 1.00013 5 -1.08393 -0.544643 3.8468 3.10207 3.85751e-06 -0.115474 0.0321463 0.0210248 0 0 0 0.00884022 -1.17844e-09 3.65111e-06 0 0 0 3.4976e-14
 1.00004 4 -0.885937 -0.385989 3.9343 1.82371 -2.46922 -0.0252753 1.00004 5 -1.08393 -0.544643 3.8468 3.10207 3.85751e-06 -0.115474 0.0369267 -0.914341 0 0 0 0.0101549 0.968575 -0.24869 0 0 0 2.55417e-05
 1.00004 4 -0.885937 -0.385989 3.9343 1.82371 -2.46922 -0.0252753 1.00004 5 -1.08393 -0.544643 3.8468 3.10207 3.85751e-06 -0.115474 0.0369267 -0.914341 0 0 0 0.0101549 0.968575 -0.24869 0 0 0 2.55417e-05
 1.00007 4 -0.916374 -0.362352 3.75238 -2.52822 2.15355 0.126943 1.00007 5 -1.08393 -0.544643 3.8468 3.10207 3.85751e-06 -0.115474 0.136973 -0.951112 0 0 0 0.0376675 0.980616 0.195913 0 0 0 2.58651e-05
 1.00007 4 -0.916374 -0.362352 3.75238 -2.52822 2.15355 0.126943 1.00007 5 -1.08393 -0.544643 3.8468 3.10207 3.85751e-06 -0.115474 0.136973 -0.951112 0 0 0 0.0376675 0.980616 0.195913 0 0 0 2.58651e-05
 1.00006 4 -0.927164 -0.368705 3.81803 -2.40291 2.07911 0.273352 1.00006 5 -1.08393 -0.544643 3.8468 3.10207 3.85751e-06 -0.115474 0.0266938 -0.92657 0 0 0 0.0073408 0.994836 0.101428 0 0 0 2.62361e-05
 1.00006 4 -0.927164 -0.368705 3.81803 -2.40291 2.07911 0.273352 1.00006 5 -1.08393 -0.544643 3.8468 3.10207 3.85751e-06 -0.115474 0.0266938 -0.92657 0 0 0 0.0073408 0.994836 0.101428 0 0 0 2.62361e-05
 1.00006 4 -0.901786 -0.369643 3.82534 2.17232 -2.17231 -0.0445158 1.00006 5 -1.08393 -0.544643 3.8468 3.10207 3.85751e-06 -0.115474 0.0142458 0.924408 0 0 0 0.00391761 -0.999192 0.04 0 0 0 -2.63521e-05
 1.00006 4 -0.901786 -0.369643 3.82534 2.17232 -2.17231 -0.0445158 1.00006 5 -1.08393 -0.544643 3.8468 3.10207 3.85751e-06 -0.115474 0.0142458 0.924408 0 0 0 0.00391761 -0.999192 0.04 0 0 0 -2.63521e-05
 1.00014 4 -0.861924 -0.37516 3.82376 1.77378 -2.38443 0.131812 1.00014 5 -1.08393 -0.544643 3.8468 3.10207 3.85751e-06 -0.115474 0.0668362 0.943511 0 0 0 0.01838 -0.959194 0.28273 0 0 0 -2.53003e-05
 1.00014 4 -0.861924 -0.37516 3.82376 1.77378 -2.38443 0.131812 1.00014 5 -1.08393 -0.544643 3.8468 3.10207 3.85751e-06 -0.115474 0.0668362 0.943511 0 0 0 0.01838 -0.959194 0.28273 0 0 0 -2.53003e-05
 1.00012 4 -0.803321 -0.410181 3.84767 -1.23358 2.37881 0.223693 1.00012 5 -1.08393 -0.544643 3.8468 3.10207 3.85751e-06 -0.115474 0.116472 1.02163 0 0 0 0.0320299 -0.765459 0.643488 0 0 0 -2.01984e-05
 1.00012 4 -0.803321 -0.410181 3.84767 -1.23358 2.37881 0.223693 1.00012 5 -1.08393 -0.544643 3.8468 3.10207 3.85751e-06 -0.115474 0.116472 1.02163 0 0 0 0.0320299 -0.765459 0.643488 0 0 0 -2.01984e-05
 1.00014 4 -0.785474 -0.404672 3.77034 1.29007 -2.70355 0.284652 1.00014 5 -1.08393 -0.544643 3.8468 3.10207 3.85751e-06 -0.115474 0.000362394 -0.923549 0 0 0 9.96578e-05 0.785109 -0.619345 0 0 0 2.06998e-05
 1.00014 4 -0.785474 -0.404672 3.77034 1.29007 -2.70355 0.284652 1.00014 5 -1.08393 -0.544643 3.8468 3.10207 3.85751e-06 -0.115474 0.000362394 -0.923549 0 0 0 9.96578e-05 0.785109 -0.619345 0 0 0 2.06998e-05
 1.00004 4 -0.862534 -0.375929 3.82278 -1.834 2.43803 -0.219038 1.00004 5 -1.08393 -0.544643 3.8468 3.10207 3.85751e-06 -0.115474 0.0827391 -0.902402 0 0 0 0.0227533 0.96967 -0.244381 0 0 0 2.55696e-05
 1.00004 4 -0.862534 -0.375929 3.82278 -1.834 2.43803 -0.219038 1.00004 5 -1.08393 -0.544643 3.8468 3.10207 3.85751e-06 -0.115474 0.0827391 -0.902402 0 0 0 0.0227533 0.96967 -0.244381 0 0 0 2.55696e-05
 1.00014 4 -0.899859 -0.353587 3.59414 2.32267 -1.68912 -0.144352 1.00014 5 -1.08393 -0.544643 3.8468 3.10207 3.85751e-06 -0.115474 0.0799485 -0.947852 0 0 0 0.0219849 0.957607 0.288059 0 0 0 2.52504e-05
 1.00014 4 -0.899859 -0.353587 3.59414 2.32267 -1.68912 -0.144352 1.00014 5 -1.08393 -0.544643 3.8468 3.10207 3.85751e-06 -0.115474 0.0799485 -0.947852 0 0 0 0.0219849 0.957607 0.288059 0 0 0 2.52504e-05
 1.00077 4 -0.894509 -0.369414 3.83205 -1.71463 1.84599 -0.104731 1.00077 5 -1.08393 -0.544643 3.8468 3.10207 3.85751e-06 -0.115474 0.126669 0.936993 0 0 0 0.0348339 -0.994579 0.103924 0 0 0 -2.6232e-05
 1.00077 4 -0.894509 -0.369414 3.83205 -1.71463 1.84599 -0.104731 1.00077 5 -1.08393 -0.544643 3.8468 3.10207 3.85751e-06 -0.115474 0.126669 0.936993 0 0 0 0.0348339 -0.994579 0.103924 0 0 0 -2.6232e-05
 1.00009 4 -0.848989 -0.382314 3.8409 1.73776 -2.53022 -0.0199753 1.00009 5 -1.08393 -0.544643 3.8468 3.10207 3.85751e-06 -0.115474 0.173604 0.990931 0 0 0 0.047741 -0.932493 0.361186 0 0 0 -2.46002e-05
 1.00009 4 -0.848989 -0.382314 3.8409 1.73776 -2.53022 -0.0199753 1.00009 5 -1.08393 -0.544643 3.8468 3.10207 3.85751e-06 -0.115474 0.173604 0.990931 0 0 0 0.047741 -0.932493 0.361186 0 0 0 -2.46002e-05
 1.00006 4 -0.817694 -0.445816 4.00531 1.12535 -2.9646 -0.270615 1.00006 5 -1.08393 -0.544643 3.8468 3.10207 3.85751e-06 -0.115474 0.131363 0.146265 0 0 0 0.0361249 1.62155e-08 1.8687e-05 0 0 0 3.47382e-12
 1.00006 4 -0.817694 -0.445816 4.00531 1.12535 -2.9646 -0.270615 1.00006 5 -1.08393 -0.544643 3.8468 3.10207 3.85751e-06 -0.115474 0.131363 0.146265 0 0 0 0.0361249 1.62155e-08 1.8687e-05 0 0 0 3.47382e-12
 1.00012 4 -0.853205 -0.394139 3.91339 -1.419 2.17525 -0.109761 1.00012 5 -1.08393 -0.544643 3.8468 3.10207 3.85751e-06 -0.115474 0.0845729 -0.886639 0 0 0 0.0232576 0.915619 -0.40202 0 0 0 2.41412e-05
 1.00012 4 -0.853205 -0.394139 3.91339 -1.419 2.17525 -0.109761 1.00012 5 -1.08393 -0.544643 3.8468 3.10207 3.85751e-06 -0.115474 0.0845729 -0.886639 0 0 0 0.0232576 0.915619 -0.40202 0 0 0 2.41412e-05
 1.00006 4 -0.930715 -0.3687 3.81827 -2.40305 2.07922 0.273005 1.00006 5 -1.08393 -0.544643 3.8468 3.10207 3.85751e-06 -0.115474 0.222087 -0.964811 0 0 0 0.0610739 0.984768 0.173851 0 0 0 2.59751e-05
 1.00006 4 -0.930715 -0.3687 3.81827 -2.40305 2.07922 0.273005 1.00006 5 -1.08393 -0.544643 3.8468 3.10207 3.85751e-06 -0.115474 0.222087 -0.964811 0 0 0 0.0610739 0.984768 0.173851 0 0 0 2.59751e-05
 1.00019 4 -0.912501 -0.369643 3.8262 2.17217 -2.17216 -0.0451605 1.00019 5 -1.08393 -0.544643 3.8468 3.10207 3.85751e-06 -0.115474 0.0688158 0.923627 0 0 0 0.0189243 -0.99999 -0.00213347 0 0 0 -2.63728e-05
 1.00019 4 -0.912501 -0.369643 3.8262 2.17217 -2.17216 -0.0451605 1.00019 5 -1.08393 -0.544643 3.8468 3.10207 3.85751e-06 -0.115474 0.0688158 0.923627 0 0 0 0.0189243 -0.99999 -0.00213347 0 0 0 -2.63728e-05
 1.00003 4 -0.820173 -0.387477 3.79369 1.58973 -2.62042 -0.00393824 1.00003 5 -1.08393 -0.544643 3.8468 3.10207 3.85751e-06 -0.115474 0.157872 1.01178 0 0 0 0.0434148 -0.873268 0.487242 0 0 0 -2.30404e-05
 1.00003 4 -0.820173 -0.387477 3.79369 1.58973 -2.62042 -0.00393824 1.00003 5 -1.08393 -0.544643 3.8468 3.10207 3.85751e-06 -0.115474 0.157872 1.01178 0 0 0 0.0434148 -0.873268 0.487242 0 0 0 -2.30404e-05
 1.00006 4 -0.80094 -0.418524 3.86635 -1.1727 2.40594 0.256146 1.00006 5 -1.08393 -0.544643 3.8468 3.10207 3.85751e-06 -0.115474 0.0734244 0.987107 0 0 0 0.0201917 -0.757811 0.652472 0 0 0 -1.99796e-05
 1.00006 4 -0.80094 -0.418524 3.86635 -1.1727 2.40594 0.256146 1.00006 5 -1.08393 -0.544643 3.8468 3.10207 3.85751e-06 -0.115474 0.0734244 0.987107 0 0 0 0.0201917 -0.757811 0.652472 0 0 0 -1.99796e-05
 1.00008 4 -0.851356 -0.395958 3.91283 1.6749 -2.56578 -0.021775 1.00008 5 -1.08393 -0.544643 3.8468 3.10207 3.85751e-06 -0.115474 0.0206055 0.00974546 0 0 0 0.00566651 -5.17934e-10 2.16663e-06 0 0 0 -6.07534e-16
 1.00008 4 -0.851356 -0.395958 3.91283 1.6749 -2.56578 -0.021775 1.00008 5 -1.08393 -0.544643 3.8468 3.10207 3.85751e-06 -0.115474 0.0206055 0.00974546 0 0 0 0.00566651 -5.17934e-10 2.16663e-06 0 0 0 -6.07534e-16
 1.00014 4 -0.891963 -0.379522 3.89768 2.23639 -2.69217 -0.0108652 1.00014 5 -1.08393 -0.544643 3.8468 3.10207 3.85751e-06 -0.115474 0.0224132 0.00414858 0 0 0 0.00616362 -5.17969e-10 2.16663e-06 0 0 0 -1.30501e-14
 1.00014 4 -0.891963 -0.379522 3.89768 2.23639 -2.69217 -0.0108652 1.00014 5 -1.08393 -0.544643 3.8468 3.10207 3.85751e-06 -0.115474 0.0224132 0.00414858 0 0 0 0.00616362 -5.17969e-10 2.16663e-06 0 0 0 -1.30501e-14
 1.00004 4 -0.918106 -0.366873 3.79856 2.25937 -1.92719 -0.264118 1.00004 5 -1.08393 -0.544643 3.8468 3.10207 3.85751e-06 -0.115474 0.0685645 -0.930625 0 0 0 0.0188552 0.994572 0.103988 0 0 0 2.62311e-05
 1.00004 4 -0.918106 -0.366873 3.79856 2.25937 -1.92719 -0.264118 1.00004 5 -1.08393 -0.544643 3.8468 3.10207 3.85751e-06 -0.115474 0.0685645 -0.930625 0 0 0 0.0188552 0.994572 0.103988 0 0 0 2.62311e-05
 1.00007 4 -0.956749 -0.376368 3.87086 2.56506 -2.00738 -0.0406409 1.00007 5 -1.08393 -0.544643 3.8468 3.10207 3.85751e-06 -0.115474 0.0319654 -0.930719 0 0 0 0.00879049 0.977674 0.210096 0 0 0 2.57827e-05
 1.00007 4 -0.956749 -0.376368 3.87086 2.56506 -2.00738 -0.0406409 1.00007 5 -1.08393 -0.544643 3.8468 3.10207 3.85751e-06 -0.115474 0.0319654 -0.930719 0 0 0 0.00879049 0.977674 0.210096 0 0 0 2.57827e-05
 1.00007 4 -0.923612 -0.368709 3.81778 -2.40277 2.07899 0.273701 1.00007 5 -1.08393 -0.544643 3.8468 3.10207 3.85751e-06 -0.115474 0.00787661 -0.924648 0 0 0 0.00216607 0.994792 0.101852 0 0 0 2.62356e-05
 1.00007 4 -0.923612 -0.368709 3.81778 -2.40277 2.07899 0.273701 1.00007 5 -1.08393 -0.544643 3.8468 3.10207 3.85751e-06 -0.115474 0.00787661 -0.924648 0 0 0 0.00216607 0.994792 0.101852 0 0 0 2.62356e-05
 1.00006 4 -0.917482 -0.369647 3.8363 -1.90953 1.79289 0.0041841 1.00006 5 -1.08393 -0.544643 3.8468 3.10207 3.85751e-06 -0.115474 0.00700299 0.923585 0 0 0 0.00192582 -0.999332 -0.0363508 0 0 0 -2.63553e-05
 1.00006 4 -0.917482 -0.369647 3.8363 -1.90953 1.79289 0.0041841 1.00006 5 -1.08393 -0.544643 3.8468 3.10207 3.85751e-06 -0.115474 0.00700299 0.923585 0 0 0 0.00192582 -0.999332 -0.0363508 0 0 0 -2.63553e-05
 1.00007 4 -0.836011 -0.35417 3.64555 1.8535 -2.23714 0.016281 1.00007 5 -1.08393 -0.544643 3.8468 3.10207 3.85751e-06 -0.115474 0.0569435 0.934648 0 0 0 0.0156595 -0.982381 0.186858 0 0 0 -2.59106e-05
 1.00007 4 -0.836011 -0.35417 3.64555 1.8535 -2.23714 0.016281 1.00007 5 -1.08393 -0.544643 3.8468 3.10207 3.85751e-06 -0.115474 0.0569435 0.934648 0 0 0 0.0156595 -0.982381 0.186858 0 0 0 -2.59106e-05
 1.00009 4 -0.788716 -0.386558 3.70763 1.44825 -2.70609 -0.00393545 1.00009 5 -1.08393 -0.544643 3.8468 3.10207 3.85751e-06 -0.115474 0.119352 1.00597 0 0 0 0.0328217 -0.823446 0.567396 0 0 0 -2.17263e-05
 1.00009 4 -0.788716 -0.386558 3.70763 1.44825 -2.70609 -0.00393545 1.00009 5 -1.08393 -0.544643 3.8468 3.10207 3.85751e-06 -0.115474 0.119352 1.00597 0 0 0 0.0328217 -0.823446 0.567396 0 0 0 -2.17263e-05
 1.00008 4 -0.779235 -0.406328 3.76125 1.31456 -2.77405 0.00424101 1.00008 5 -1.08393 -0.544643 3.8468 3.10207 3.85751e-06 -0.115474 0.028042 0.0237181 0 0 0 0.00771156 -1.09841e-09 3.49106e-06 0 0 0 7.61241e-14
 1.00008 4 -0.779235 -0.406328 3.76125 1.31456 -2.77405 0.00424101 1.00008 5 -1.08393 -0.544643 3.8468 3.10207 3.85751e-06 -0.115474 0.028042 0.0237181 0 0 0 0.00771156 -1.09841e-09 3.49106e-06 0 0 0 7.61241e-14
 1.00011 4 -0.838968 -0.380317 3.81142 -1.82059 2.76137 -0.14795 1.00011 5 -1.08393 -0.544643 3.8468 3.10207 3.85751e-06 -0.115474 0.0341217 0.0135872 0 0 0 0.00938348 -1.09878e-09 3.49106e-06 0 0 0 -2.09133e-14
 1.00011 4 -0.838968 -0.380317 3.81142 -1.82059 2.76137 -0.14795 1.00011 5 -1.08393 -0.544643 3.8468 3.10207 3.85751e-06 -0.115474 0.0341217 0.0135872 0 0 0 0.00938348 -1.09878e-09 3.49106e-06 0 0 0 -2.09133e-14
 1.00006 4 -0.898165 -0.369446 3.83267 -1.71397 1.84521 -0.106497 1.00006 5 -1.08393 -0.544643 3.8468 3.10207 3.85751e-06 -0.115474 0.0366716 0.00202392 0 0 0 0.0100847 -1.09878e-09 3.49106e-06 0 0 0 -9.34121e-15
 1.00006 4 -0.898165 -0.369446 3.83267 -1.71397 1.84521 -0.106497 1.00006 5 -1.08393 -0.544643 3.8468 3.10207 3.85751e-06 -0.115474 0.0366716 0.00202392 0 0 0 0.0100847 -1.09878e-09 3.49106e-06 0 0 0 -9.34121e-15
 1.00017 4 -0.932402 -0.366675 3.74467 2.3908 -1.93276 -0.0582629 1.00017 5 -1.08393 -0.544643 3.8468 3.10207 3.85751e-06 -0.115474 0.0657302 -0.941921 0 0 0 0.0180758 0.96408 0.265592 0 0 0 2.54283e-05
 1.00017 4 -0.932402 -0.366675 3.74467 2.3908 -1.93276 -0.0582629 1.00017 5 -1.08393 -0.544643 3.8468 3.10207 3.85751e-06 -0.115474 0.0657302 -0.941921 0 0 0 0.0180758 0.96408 0.265592 0 0 0 2.54283e-05
 1.00003 4 -0.936419 -0.369759 3.80294 -1.98297 1.59487 -0.2131 1.00003 5 -1.08393 -0.544643 3.8468 3.10207 3.85751e-06 -0.115474 0.0171947 -0.92732 0 0 0 0.00472855 0.980157 0.19819 0 0 0 2.58491e-05
 1.00003 4 -0.936419 -0.369759 3.80294 -1.98297 1.59487 -0.2131 1.00003 5 -1.08393 -0.544643 3.8468 3.10207 3.85751e-06 -0.115474 0.0171947 -0.92732 0 0 0 0.00472855 0.980157 0.19819 0 0 0 2.58491e-05
 1.00006 4 -0.963445 -0.379373 3.90184 -1.99115 1.65589 -0.380778 1.00006 5 -1.08393 -0.544643 3.8468 3.10207 3.85751e-06 -0.115474 0.0210886 -0.928508 0 0 0 0.00579936 0.976351 0.216161 0 0 0 2.57499e-05
 1.00006 4 -0.963445 -0.379373 3.90184 -1.99115 1.65589 -0.380778 1.00006 5 -1.08393 -0.544643 3.8468 3.10207 3.85751e-06 -0.115474 0.0210886 -0.928508 0 0 0 0.00579936 0.976351 0.216161 0 0 0 2.57499e-05
 1.00014 4 -0.920666 -0.362415 3.68397 2.3882 -1.76735 -0.254934 1.00014 5 -1.08393 -0.544643 3.8468 3.10207 3.85751e-06 -0.115474 -0.0132289 0.927618 0 0 0 -0.00363794 -0.961616 -0.274375 0 0 0 -2.53594e-05
 1.00014 4 -0.920666 -0.362415 3.68397 2.3882 -1.76735 -0.254934 1.00014 5 -1.08393 -0.544643 3.8468 3.10207 3.85751e-06 -0.115474 -0.0132289 0.927618 0 0 0 -0.00363794 -0.961616 -0.274375 0 0 0 -2.53594e-05
 1.0001 4 -0.863936 -0.346882 3.5914 -2.39079 2.2131 0.436266 1.0001 5 -1.08393 -0.544643 3.8468 3.10207 3.85751e-06 -0.115474 0.0373404 0.921947 0 0 0 0.0102686 -0.998531 -0.0540511 0 0 0 -2.63338e-05
 1.0001 4 -0.863936 -0.346882 3.5914 -2.39079 2.2131 0.436266 1.0001 5 -1.08393 -0.544643 3.8468 3.10207 3.85751e-06 -0.115474 0.0373404 0.921947 0 0 0 0.0102686 -0.998531 -0.0540511 0 0 0 -2.63338e-05
 1.00004 4 -0.83786 -0.370732 3.75193 -1.45618 2.00655 -0.23761 1.00004 5 -1.08393 -0.544643 3.8468 3.10207 3.85751e-06 -0.115474 0.114577 0.961715 0 0 0 0.0315087 -0.949282 0.314415 0 0 0 -2.50407e-05
 1.00004 4 -0.83786 -0.370732 3.75193 -1.45618 2.00655 -0.23761 1.00004 5 -1.08393 -0.544643 3.8468 3.10207 3.85751e-06 -0.115474 0.114577 0.961715 0 0 0 0.0315087 -0.949282 0.314415 0 0 0 -2.50407e-05
 1.00019 4 -0.76748 -0.429456 3.79423 -0.867046 2.59085 -0.0830171 1.00019 5 -1.08393 -0.544643 3.8468 3.10207 3.85751e-06 -0.115474 0.0384348 0.0399358 0 0 0 0.0105988 8.85884e-07 5.26474e-06 0 0 0 2.27645e-07
 1.00019 4 -0.76748 -0.429456 3.79423 -0.867046 2.59085 -0.0830171 1.00019 5 -1.08393 -0.544643 3.8468 3.10207 3.85751e-06 -0.115474 0.0384348 0.0399358 0 0 0 0.0105988 8.85884e-07 5.26474e-06 0 0 0 2.27645e-07
 1.00008 4 -0.825458 -0.386082 3.80597 1.57218 -2.57102 0.29722 1.00008 5 -1.08393 -0.544643 3.8468 3.10207 3.85751e-06 -0.115474 0.0497026 0.024039 0 0 0 0.0136682 -2.07473e-09 5.24796e-06 0 0 0 -1.72631e-14
 1.00008 4 -0.825458 -0.386082 3.80597 1.57218 -2.57102 0.29722 1.00008 5 -1.08393 -0.544643 3.8468 3.10207 3.85751e-06 -0.115474 0.0497026 0.024039 0 0 0 0.0136682 -2.07473e-09 5.24796e-06 0 0 0 -1.72631e-14
 1.00009 4 -0.894152 -0.366923 3.81514 2.09299 -2.24781 -0.0405343 1.00009 5 -1.08393 -0.544643 3.8468 3.10207 3.85751e-06 -0.115474 0.0551608 0.00234754 0 0 0 0.0151692 -2.07486e-09 5.24796e-06 0 0 0 -1.84612e-14
 1.00009 4 -0.894152 -0.366923 3.81514 2.09299 -2.24781 -0.0405343 1.00009 5 -1.08393 -0.544643 3.8468 3.10207 3.85751e-06 -0.115474 0.0551608 0.00234754 0 0 0 0.0151692 -2.07486e-09 5.24796e-06 0 0 0 -1.84612e-14
 1.00014 4 -0.911938 -0.357995 3.63911 -2.66494 1.9748 0.122835 1.00014 5 -1.08393 -0.544643 3.8468 3.10207 3.85751e-06 -0.115474 0.01827 -0.0055493 0 0 0 0.00502426 5.40917e-10 1.81497e-06 0 0 0 -4.13703e-13
 1.00014 4 -0.911938 -0.357995 3.63911 -2.66494 1.9748 0.122835 1.00014 5 -1.08393 -0.544643 3.8468 3.10207 3.85751e-06 -0.115474 0.01827 -0.0055493 0 0 0 0.00502426 5.40917e-10 1.81497e-06 0 0 0 -4.13703e-13
 1.00005 4 -0.919086 -0.366922 3.81713 2.2489 -2.09399 -0.049652 1.00005 5 -1.08393 -0.544643 3.8468 3.10207 3.85751e-06 -0.115474 0.0190567 -0.00119618 0 0 0 0.00524059 5.42746e-10 1.81497e-06 0 0 0 1.76634e-16
 1.00005 4 -0.919086 -0.366922 3.81713 2.2489 -2.09399 -0.049652 1.00005 5 -1.08393 -0.544643 3.8468 3.10207 3.85751e-06 -0.115474 0.0190567 -0.00119618 0 0 0 0.00524059 5.42746e-10 1.81497e-06 0 0 0 1.76634e-16
 1.00007 4 -0.836011 -0.35417 3.64555 1.8535 -2.23714 0.016281 1.00007 5 -1.08393 -0.544643 3.8468 3.10207 3.85751e-06 -0.115474 0.0188037 0.00331792 0 0 0 0.00517102 5.42719e-10 1.81497e-06 0 0 0 -7.51259e-15
 1.00007 4 -0.836011 -0.35417 3.64555 1.8535 -2.23714 0.016281 1.00007 5 -1.08393 -0.544643 3.8468 3.10207 3.85751e-06 -0.115474 0.0188037 0.00331792 0 0 0 0.00517102 5.42719e-10 1.81497e-06 0 0 0 -7.51259e-15
 1.00009 4 -0.819712 -0.41031 3.89138 1.46071 -2.69456 -0.0116172 1.00009 5 -1.08393 -0.544643 3.8468 3.10207 3.85751e-06 -0.115474 0.0153613 0.011341 0 0 0 0.00422436 5.42806e-10 1.81497e-06 0 0 0 1.50453e-14
 1.00009 4 -0.819712 -0.41031 3.89138 1.46071 -2.69456 -0.0116172 1.00009 5 -1.08393 -0.544643 3.8468 3.10207 3.85751e-06 -0.115474 0.0153613 0.011341 0 0 0 0.00422436 5.42806e-10 1.81497e-06 0 0 0 1.50453e-14
 1.00009 4 -0.753294 -0.419646 3.7151 -1.10357 3.20264 0.00766611 1.00009 5 -1.08393 -0.544643 3.8468 3.10207 3.85751e-06 -0.115474 0.00431887 0.00495103 0 0 0 0.00118771 4.8747e-13 6.24491e-07 0 0 0 1.67673e-11
 1.00009 4 -0.753294 -0.419646 3.7151 -1.10357 3.20264 0.00766611 1.00009 5 -1.08393 -0.544643 3.8468 3.10207 3.85751e-06 -0.115474 0.00431887 0.00495103 0 0 0 0.00118771 4.8747e-13 6.24491e-07 0 0 0 1.67673e-11
 1.00013 4 -0.779235 -0.406328 3.76125 1.31456 -2.77405 0.00424101 1.00013 5 -1.08393 -0.544643 3.8468 3.10207 3.85751e-06 -0.115474 0.00495648 0.00431224 0 0 0 0.00136303 -6.80173e-11 6.24479e-07 0 0 0 3.06403e-15
 1.00013 4 -0.779235 -0.406328 3.76125 1.31456 -2.77405 0.00424101 1.00013 5 -1.08393 -0.544643 3.8468 3.10207 3.85751e-06 -0.115474 0.00495648 0.00431224 0 0 0 0.00136303 -6.80173e-11 6.24479e-07 0 0 0 3.06403e-15
 1.00014 4 -0.825209 -0.404872 3.89216 -1.23931 2.28887 -0.0350909 1.00014 5 -1.08393 -0.544643 3.8468 3.10207 3.85751e-06 -0.115474 0.00550152 0.00359102 0 0 0 0.00151292 -6.80253e-11 6.24479e-07 0 0 0 2.76044e-15
 1.00014 4 -0.825209 -0.404872 3.89216 -1.23931 2.28887 -0.0350909 1.00014 5 -1.08393 -0.544643 3.8468 3.10207 3.85751e-06 -0.115474 0.00550152 0.00359102 0 0 0 0.00151292 -6.80253e-11 6.24479e-07 0 0 0 2.76044e-15
 1.00005 4 -0.842755 -0.391514 3.8695 -1.49571 2.27096 0.129348 1.00005 5 -1.08393 -0.544643 3.8468 3.10207 3.85751e-06 -0.115474 0.00594197 0.0028027 0 0 0 0.00163404 -6.80276e-11 6.24479e-07 0 0 0 -9.30143e-16
 1.00005 4 -0.842755 -0.391514 3.8695 -1.49571 2.27096 0.129348 1.00005 5 -1.08393 -0.544643 3.8468 3.10207 3.85751e-06 -0.115474 0.00594197 0.0028027 0 0 0 0.00163404 -6.80276e-11 6.24479e-07 0 0 0 -9.30143e-16
 1.00012 4 -0.83786 -0.370732 3.75193 -1.45618 2.00655 -0.23761 1.00012 5 -1.08393 -0.544643 3.8468 3.10207 3.85751e-06 -0.115474 0.00626152 0.00198884 0 0 0 0.00172192 -6.80296e-11 6.24479e-07 0 0 0 -2.37253e-15
 1.00012 4 -0.83786 -0.370732 3.75193 -1.45618 2.00655 -0.23761 1.00012 5 -1.08393 -0.544643 3.8468 3.10207 3.85751e-06 -0.115474 0.00626152 0.00198884 0 0 0 0.00172192 -6.80296e-11 6.24479e-07 0 0 0 -2.37253e-15
 1.00005 4 -0.894054 -0.379268 3.89486 1.95966 -2.35593 -0.0353261 1.00005 5 -1.08393 -0.544643 3.8468 3.10207 3.85751e-06 -0.115474 0.00647643 0.00110362 0 0 0 0.00178102 -6.80305e-11 6.24479e-07 0 0 0 -1.20999e-16
 1.00005 4 -0.894054 -0.379268 3.89486 1.95966 -2.35593 -0.0353261 1.00005 5 -1.08393 -0.544643 3.8468 3.10207 3.85751e-06 -0.115474 0.00647643 0.00110362 0 0 0 0.00178102 -6.80305e-11 6.24479e-07 0 0 0 -1.20999e-16
 1.00009 4 -0.901786 -0.369643 3.82534 2.17232 -2.17231 -0.0445158 1.00009 5 -1.08393 -0.544643 3.8468 3.10207 3.85751e-06 -0.115474 0.00656659 0.000205113 0 0 0 0.00180581 -6.80295e-11 6.24479e-07 0 0 0 -1.59393e-15
 1.00009 4 -0.901786 -0.369643 3.82534 2.17232 -2.17231 -0.0445158 1.00009 5 -1.08393 -0.544643 3.8468 3.10207 3.85751e-06 -0.115474 0.00656659 0.000205113 0 0 0 0.00180581 -6.80295e-11 6.24479e-07 0 0 0 -1.59393e-15
 1.0001 4 -0.918106 -0.366873 3.79856 2.25937 -1.92719 -0.264118 1.0001 5 -1.08393 -0.544643 3.8468 3.10207 3.85751e-06 -0.115474 0.00653476 -0.000677561 0 0 0 0.00179706 -6.80267e-11 6.24479e-07 0 0 0 1.94045e-15
 1.0001 4 -0.918106 -0.366873 3.79856 2.25937 -1.92719 -0.264118 1.0001 5 -1.08393 -0.544643 3.8468 3.10207 3.85751e-06 -0.115474 0.00653476 -0.000677561 0 0 0 0.00179706 -6.80267e-11 6.24479e-07 0 0 0 1.94045e-15
 1.00004 4 -0.960339 -0.378191 3.87137 -2.17081 1.7361 -0.404918 1.00004 5 -1.08393 -0.544643 3.8468 3.10207 3.85751e-06 -0.115474 0.0388295 -0.933782 0 0 0 0.0106781 0.968688 0.248256 0 0 0 2.55488e-05
 1.00004 4 -0.960339 -0.378191 3.87137 -2.17081 1.7361 -0.404918 1.00004 5 -1.08393 -0.544643 3.8468 3.10207 3.85751e-06 -0.115474 0.0388295 -0.933782 0 0 0 0.0106781 0.968688 0.248256 0 0 0 2.55488e-05
 1.00007 4 -0.931744 -0.36621 3.74923 -2.04426 1.53137 -0.239143 1.00007 5 -1.08393 -0.544643 3.8468 3.10207 3.85751e-06 -0.115474 0.0186645 -0.92855 0 0 0 0.00513275 0.969629 0.244551 0 0 0 2.55716e-05
 1.00007 4 -0.931744 -0.36621 3.74923 -2.04426 1.53137 -0.239143 1.00007 5 -1.08393 -0.544643 3.8468 3.10207 3.85751e-06 -0.115474 0.0186645 -0.92855 0 0 0 0.00513275 0.969629 0.244551 0 0 0 2.55716e-05
 1.00006 4 -0.942088 -0.371393 3.76638 2.49113 -1.79677 -0.0598059 1.00006 5 -1.08393 -0.544643 3.8468 3.10207 3.85751e-06 -0.115474 0.0291658 -0.93281 0 0 0 0.0080206 0.955781 0.294059 0 0 0 2.52079e-05
 1.00006 4 -0.942088 -0.371393 3.76638 2.49113 -1.79677 -0.0598059 1.00006 5 -1.08393 -0.544643 3.8468 3.10207 3.85751e-06 -0.115474 0.0291658 -0.93281 0 0 0 0.0080206 0.955781 0.294059 0 0 0 2.52079e-05
 1.00009 4 -0.960339 -0.378191 3.87137 -2.17081 1.7361 -0.404918 1.00009 5 -1.08393 -0.544643 3.8468 3.10207 3.85751e-06 -0.115474 -0.00872305 0.925984 0 0 0 -0.00239884 -0.971173 -0.238344 0 0 0 -2.56115e-05
 1.00009 4 -0.960339 -0.378191 3.87137 -2.17081 1.7361 -0.404918 1.00009 5 -1.08393 -0.544643 3.8468 3.10207 3.85751e-06 -0.115474 -0.00872305 0.925984 0 0 0 -0.00239884 -0.971173 -0.238344 0 0 0 -2.56115e-05
 1.00011 4 -0.908929 -0.369643 3.82591 2.17221 -2.17221 -0.0449464 1.00011 5 -1.08393 -0.544643 3.8468 3.10207 3.85751e-06 -0.115474 0.0476223 0.924281 0 0 0 0.0130961 -0.999946 0.00964662 0 0 0 -2.63718e-05
 1.00011 4 -0.908929 -0.369643 3.82591 2.17221 -2.17221 -0.0449464 1.00011 5 -1.08393 -0.544643 3.8468 3.10207 3.85751e-06 -0.115474 0.0476223 0.924281 0 0 0 0.0130961 -0.999946 0.00964662 0 0 0 -2.63718e-05
 1.00011 4 -0.860869 -0.392468 3.91546 -1.41899 2.17339 -0.101706 1.00011 5 -1.08393 -0.544643 3.8468 3.10207 3.85751e-06 -0.115474 0.126777 0.980627 0 0 0 0.0348637 -0.909847 0.414939 0 0 0 -2.40027e-05
 1.00011 4 -0.860869 -0.392468 3.91546 -1.41899 2.17339 -0.101706 1.00011 5 -1.08393 -0.544643 3.8468 3.10207 3.85751e-06 -0.115474 0.126777 0.980627 0 0 0 0.0348637 -0.909847 0.414939 0 0 0 -2.40027e-05
 1.00004 4 -0.777984 -0.420091 3.79827 -0.887236 2.3513 -0.0372561 1.00004 5 -1.08393 -0.544643 3.8468 3.10207 3.85751e-06 -0.115474 0.0330573 0.0331549 0 0 0 0.00909077 -1.60478e-09 4.45031e-06 0 0 0 1.6881e-13
 1.00004 4 -0.777984 -0.420091 3.79827 -0.887236 2.3513 -0.0372561 1.00004 5 -1.08393 -0.544643 3.8468 3.10207 3.85751e-06 -0.115474 0.0330573 0.0331549 0 0 0 0.00909077 -1.60478e-09 4.45031e-06 0 0 0 1.6881e-13
 1.00008 4 -0.853205 -0.394139 3.91339 -1.419 2.17525 -0.109761 1.00008 5 -1.08393 -0.544643 3.8468 3.10207 3.85751e-06 -0.115474 0.0231833 -0.913624 0 0 0 0.00637541 0.913314 -0.407236 0 0 0 2.40827e-05
 1.00008 4 -0.853205 -0.394139 3.91339 -1.419 2.17525 -0.109761 1.00008 5 -1.08393 -0.544643 3.8468 3.10207 3.85751e-06 -0.115474 0.0231833 -0.913624 0 0 0 0.00637541 0.913314 -0.407236 0 0 0 2.40827e-05
 1.00008 4 -0.912501 -0.369643 3.8262 2.17217 -2.17216 -0.0451605 1.00008 5 -1.08393 -0.544643 3.8468 3.10207 3.85751e-06 -0.115474 0.127249 -0.929364 0 0 0 0.0349935 0.99929 0.0374828 0 0 0 2.6355e-05
 1.00008 4 -0.912501 -0.369643 3.8262 2.17217 -2.17216 -0.0451605 1.00008 5 -1.08393 -0.544643 3.8468 3.10207 3.85751e-06 -0.115474 0.127249 -0.929364 0 0 0 0.0349935 0.99929 0.0374828 0 0 0 2.6355e-05
 1.00016 4 -0.918071 -0.363718 3.74882 2.32576 -1.84683 -0.260078 1.00016 5 -1.08393 -0.544643 3.8468 3.10207 3.85751e-06 -0.115474 0.0449068 -0.930783 0 0 0 0.0123494 0.988308 0.152427 0 0 0 2.60632e-05
 1.00016 4 -0.918071 -0.363718 3.74882 2.32576 -1.84683 -0.260078 1.00016 5 -1.08393 -0.544643 3.8468 3.10207 3.85751e-06 -0.115474 0.0449068 -0.930783 0 0 0 0.0123494 0.988308 0.152427 0 0 0 2.60632e-05
 1.00007 4 -0.940956 -0.384008 3.98387 2.2457 -2.3734 0.0916025 1.00007 5 -1.08393 -0.544643 3.8468 3.10207 3.85751e-06 -0.115474 0.0137515 0.924371 0 0 0 0.00378167 -0.999243 0.0387058 0 0 0 -2.63534e-05
 1.00007 4 -0.940956 -0.384008 3.98387 2.2457 -2.3734 0.0916025 1.00007 5 -1.08393 -0.544643 3.8468 3.10207 3.85751e-06 -0.115474 0.0137515 0.924371 0 0 0 0.00378167 -0.999243 0.0387058 0 0 0 -2.63534e-05
 1.00007 4 -0.862534 -0.375929 3.82278 -1.834 2.43803 -0.219038 1.00007 5 -1.08393 -0.544643 3.8468 3.10207 3.85751e-06 -0.115474 0.0643818 0.941967 0 0 0 0.017705 -0.961138 0.276048 0 0 0 -2.53514e-05
 1.00007 4 -0.862534 -0.375929 3.82278 -1.834 2.43803 -0.219038 1.00007 5 -1.08393 -0.544643 3.8468 3.10207 3.85751e-06 -0.115474 0.0643818 0.941967 0 0 0 0.017705 -0.961138 0.276048 0 0 0 -2.53514e-05
 1.00005 4 -0.803321 -0.410181 3.84767 -1.23358 2.37881 0.223693 1.00005 5 -1.08393 -0.544643 3.8468 3.10207 3.85751e-06 -0.115474 0.116461 1.02242 0 0 0 0.0320267 -0.762875 0.646549 0 0 0 -2.01303e-05
 1.00005 4 -0.803321 -0.410181 3.84767 -1.23358 2.37881 0.223693 1.00005 5 -1.08393 -0.544643 3.8468 3.10207 3.85751e-06 -0.115474 0.116461 1.02242 0 0 0 0.0320267 -0.762875 0.646549 0 0 0 -2.01303e-05
 1.00007 4 -0.785474 -0.404672 3.77034 1.29007 -2.70355 0.284652 1.00007 5 -1.08393 -0.544643 3.8468 3.10207 3.85751e-06 -0.115474 0.0198965 0.0161511 0 0 0 0.00547154 -6.23445e-10 2.4359e-06 0 0 0 3.33284e-14
 1.00007 4 -0.785474 -0.404672 3.77034 1.29007 -2.70355 0.284652 1.00007 5 -1.08393 -0.544643 3.8468 3.10207 3.85751e-06 -0.115474 0.0198965 0.0161511 0 0 0 0.00547154 -6.23445e-10 2.4359e-06 0 0 0 3.33284e-14
 1.00011 4 -0.855403 -0.39431 3.91483 1.67435 -2.56798 -0.00807806 1.00011 5 -1.08393 -0.544643 3.8468 3.10207 3.85751e-06 -0.115474 0.023507 0.0102055 0 0 0 0.00646442 -6.23599e-10 2.4359e-06 0 0 0 -6.19455e-15
 1.00011 4 -0.855403 -0.39431 3.91483 1.67435 -2.56798 -0.00807806 1.00011 5 -1.08393 -0.544643 3.8468 3.10207 3.85751e-06 -0.115474 0.023507 0.0102055 0 0 0 0.00646442 -6.23599e-10 2.4359e-06 0 0 0 -6.19455e-15
 1.00011 4 -0.878762 -0.368204 3.80902 1.96264 -2.23763 -0.272362 1.00011 5 -1.08393 -0.544643 3.8468 3.10207 3.85751e-06 -0.115474 0.025404 0.00337172 0 0 0 0.00698609 -6.23622e-10 2.4359e-06 0 0 0 -1.18068e-14
 1.00011 4 -0.878762 -0.368204 3.80902 1.96264 -2.23763 -0.272362 1.00011 5 -1.08393 -0.544643 3.8468 3.10207 3.85751e-06 -0.115474 0.025404 0.00337172 0 0 0 0.00698609 -6.23622e-10 2.4359e-06 0 0 0 -1.18068e-14
 1.00008 4 -0.927164 -0.368705 3.81803 -2.40291 2.07911 0.273352 1.00008 5 -1.08393 -0.544643 3.8468 3.10207 3.85751e-06 -0.115474 0.025377 -0.00356914 0 0 0 0.00697867 -6.23567e-10 2.4359e-06 0 0 0 7.51142e-15
 1.00008 4 -0.927164 -0.368705 3.81803 -2.40291 2.07911 0.273352 1.00008 5 -1.08393 -0.544643 3.8468 3.10207 3.85751e-06 -0.115474 0.025377 -0.00356914 0 0 0 0.00697867 -6.23567e-10 2.4359e-06 0 0 0 7.51142e-15
 1.00005 4 -0.896315 -0.353 3.59692 -1.94342 1.53117 -0.565179 1.00005 5 -1.08393 -0.544643 3.8468 3.10207 3.85751e-06 -0.115474 0.0086487 -0.00230961 0 0 0 0.00237839 1.85467e-10 8.50896e-07 0 0 0 2.57121e-15
 1.00005 4 -0.896315 -0.353 3.59692 -1.94342 1.53117 -0.565179 1.00005 5 -1.08393 -0.544643 3.8468 3.10207 3.85751e-06 -0.115474 0.0086487 -0.00230961 0 0 0 0.00237839 1.85467e-10 8.50896e-07 0 0 0 2.57121e-15
 1.00008 4 -0.91747 -0.365927 3.78887 2.32211 -2.01395 -0.0535173 1.00008 5 -1.08393 -0.544643 3.8468 3.10207 3.85751e-06 -0.115474 0.00891027 -0.000861054 0 0 0 0.00245033 1.85464e-10 8.50896e-07 0 0 0 -4.83691e-15
 1.00008 4 -0.91747 -0.365927 3.78887 2.32211 -2.01395 -0.0535173 1.00008 5 -1.08393 -0.544643 3.8468 3.10207 3.85751e-06 -0.115474 0.00891027 -0.000861054 0 0 0 0.00245033 1.85464e-10 8.50896e-07 0 0 0 -4.83691e-15
 1.00007 4 -0.864235 -0.355517 3.688 -1.66584 1.71581 -0.48856 1.00007 5 -1.08393 -0.544643 3.8468 3.10207 3.85751e-06 -0.115474 0.00893312 0.000577763 0 0 0 0.00245661 1.85462e-10 8.50896e-07 0 0 0 1.16237e-15
 1.00007 4 -0.864235 -0.355517 3.688 -1.66584 1.71581 -0.48856 1.00007 5 -1.08393 -0.544643 3.8468 3.10207 3.85751e-06 -0.115474 0.00893312 0.000577763 0 0 0 0.00245661 1.85462e-10 8.50896e-07 0 0 0 1.16237e-15
 1.00013 4 -0.887074 -0.380328 3.89562 1.85731 -2.32211 0.135348 1.00013 5 -1.08393 -0.544643 3.8468 3.10207 3.85751e-06 -0.115474 0.00873592 0.001954 0 0 0 0.00240238 1.85457e-10 8.50896e-07 0 0 0 -6.00166e-15
 1.00013 4 -0.887074 -0.380328 3.89562 1.85731 -2.32211 0.135348 1.00013 5 -1.08393 -0.544643 3.8468 3.10207 3.85751e-06 -0.115474 0.00873592 0.001954 0 0 0 0.00240238 1.85457e-10 8.50896e-07 0 0 0 -6.00166e-15
 1.00008 4 -0.848989 -0.382314 3.8409 1.73776 -2.53022 -0.0199753 1.00008 5 -1.08393 -0.544643 3.8468 3.10207 3.85751e-06 -0.115474 0.00831172 0.00332412 0 0 0 0.00228572 1.85462e-10 8.50896e-07 0 0 0 3.57105e-16
 1.00008 4 -0.848989 -0.382314 3.8409 1.73776 -2.53022 -0.0199753 1.00008 5 -1.08393 -0.544643 3.8468 3.10207 3.85751e-06 -0.115474 0.00831172 0.00332412 0 0 0 0.00228572 1.85462e-10 8.50896e-07 0 0 0 3.57105e-16
 1.00018 4 -0.815039 -0.389751 3.79819 -1.74625 2.82556 0.142042 1.00018 5 -1.08393 -0.544643 3.8468 3.10207 3.85751e-06 -0.115474 0.007704 0.00455881 0 0 0 0.0021186 1.85469e-10 8.50896e-07 0 0 0 5.53351e-15
 1.00018 4 -0.815039 -0.389751 3.79819 -1.74625 2.82556 0.142042 1.00018 5 -1.08393 -0.544643 3.8468 3.10207 3.85751e-06 -0.115474 0.007704 0.00455881 0 0 0 0.0021186 1.85469e-10 8.50896e-07 0 0 0 5.53351e-15
