 1.00015 4 -0.38907 -0.255439 1.89135 2.23384 -1.85329 0.814286 1.00015 5 -0.603532 -0.444135 2.23672 2.58118 -0.162712 0.33531 -1.32904e-321 -4.17485e-321 0 0 0 -1.56619e-321 0 0 0 0 0 -9.88131e-324
 1.00015 4 -0.38907 -0.255439 1.89135 2.23384 -1.85329 0.814286 1.00015 5 -0.603532 -0.444135 2.23672 2.58118 -0.162712 0.33531 -1.32904e-321 -4.17485e-321 0 0 0 -1.56619e-321 0 0 0 0 0 -9.88131e-324
 1.00004 4 -0.38907 -0.255439 1.89135 2.23384 -1.85329 0.814286 1.00004 5 -0.603532 -0.444135 2.23672 2.58118 -0.162712 0.33531 -1.32904e-321 -4.17485e-321 0 0 0 -1.56619e-321 0 0 0 0 0 9.88131e-324
 1.00004 4 -0.38907 -0.255439 1.89135 2.23384 -1.85329 0.814286 1.00004 5 -0.603532 -0.444135 2.23672 2.58118 -0.162712 0.33531 -1.32904e-321 -4.17485e-321 0 0 0 -1.56619e-321 0 0 0 0 0 9.88131e-324
 1.00009 4 -0.38907 -0.255439 1.89135 2.23384 -1.85329 0.814286 1.00009 5 -0.603532 -0.444135 2.23672 2.58118 -0.162712 0.33531 -1.32904e-321 -4.17485e-321 0 0 0 -1.56619e-321 0 0 0 0 0 -9.88131e-324
 1.00009 4 -0.38907 -0.255439 1.89135 2.23384 -1.85329 0.814286 1.00009 5 -0.603532 -0.444135 2.23672 2.58118 -0.162712 0.33531 -1.32904e-321 -4.17485e-321 0 0 0 -1.56619e-321 0 0 0 0 0 -9.88131e-324
 1.00015 4 -0.38907 -0.255439 1.89135 2.23384 -1.85329 0.814286 1.00015 5 -0.603532 -0.444135 2.23672 2.58118 -0.162712 0.33531 -1.32904e-321 -4.17485e-321 0 0 0 -1.56619e-321 0 0 0 0 0 9.88131e-324
 1.00015 4 -0.38907 -0.255439 1.89135 2.23384 -1.85329 0.814286 1.00015 5 -0.603532 -0.444135 2.23672 2.58118 -0.162712 0.33531 -1.32904e-321 -4.17485e-321 0 0 0 -1.56619e-321 0 0 0 0 0 9.88131e-324
 1.00124 4 -0.38907 -0.255439 1.89135 2.23384 -1.85329 0.814286 1.00124 5 -0.603532 -0.444135 2.23672 2.58118 -0.162712 0.33531 -1.32904e-321 -4.17485e-321 0 0 0 -1.56619e-321 0 0 0 0 0 -9.88131e-324
 1.00124 4 -0.38907 -0.255439 1.89135 2.23384 -1.85329 0.814286 1.00124 5 -0.603532 -0.444135 2.23672 2.58118 -0.162712 0.33531 -1.32904e-321 -4.17485e-321 0 0 0 -1.56619e-321 0 0 0 0 0 -9.88131e-324
 1.00012 4 -0.38907 -0.255439 1.89135 2.23384 -1.85329 0.814286 1.00012 5 -0.603532 -0.444135 2.23672 2.58118 -0.162712 0.33531 -1.32904e-321 -4.17485e-321 0 0 0 -1.56619e-321 0 0 0 0 0 -9.88131e-324
 1.00012 4 -0.38907 -0.255439 1.89135 2.23384 -1.85329 0.814286 1.00012 5 -0.603532 -0.444135 2.23672 2.58118 -0.162712 0.33531 -1.32904e-321 -4.17485e-321 0 0 0 -1.56619e-321 0 0 0 0 0 -9.88131e-324
 1.00015 4 -0.38907 -0.255439 1.89135 2.23384 -1.85329 0.814286 1.00015 5 -0.603532 -0.444135 2.23672 2.58118 -0.162712 0.33531 -1.32904e-321 -4.17485e-321 0 0 0 -1.56619e-321 0 0 0 0 0 9.88131e-324
 1.00015 4 -0.38907 -0.255439 1.89135 2.23384 -1.85329 0.814286 1.00015 5 -0.603532 -0.444135 2.23672 2.58118 -0.162712 0.33531 -1.32904e-321 -4.17485e-321 0 0 0 -1.56619e-321 0 0 0 0 0 9.88131e-324
 1.00014 4 -0.38907 -0.255439 1.89135 2.23384 -1.85329 0.814286 1.00014 5 -0.603532 -0.444135 2.23672 2.58118 -0.162712 0.33531 -1.32904e-321 -4.17485e-321 0 0 0 -1.56619e-321 0 0 0 0 0 -9.88131e-324
 1.00014 4 -0.38907 -0.255439 1.89135 2.23384 -1.85329 0.814286 1.00014 5 -0.603532 -0.444135 2.23672 2.58118 -0.162712 0.33531 -1.32904e-321 -4.17485e-321 0 0 0 -1.56619e-321 0 0 0 0 0 -9.88131e-324
 1.00015 4 -0.38907 -0.255439 1.89135 2.23384 -1.85329 0.814286 1.00015 5 -0.603532 -0.444135 2.23672 2.58118 -0.162712 0.33531 -1.32904e-321 -4.17485e-321 0 0 0 -1.56619e-321 0 0 0 0 0 -9.88131e-324
 1.00015 4 -0.38907 -0.255439 1.89135 2.23384 -1.85329 0.814286 1.00015 5 -0.603532 -0.444135 2.23672 2.58118 -0.162712 0.33531 -1.32904e-321 -4.17485e-321 0 0 0 -1.56619e-321 0 0 0 0 0 -9.88131e-324
 1.00004 4 -0.38907 -0.255439 1.89135 2.23384 -1.85329 0.814286 1.00004 5 -0.603532 -0.444135 2.23672 2.58118 -0.162712 0.33531 -1.32904e-321 -4.17485e-321 0 0 0 -1.56619e-321 0 0 0 0 0 -9.88131e-324
 1.00004 4 -0.38907 -0.255439 1.89135 2.23384 -1.85329 0.814286 1.00004 5 -0.603532 -0.444135 2.23672 2.58118 -0.162712 0.33531 -1.32904e-321 -4.17485e-321 0 0 0 -1.56619e-321 0 0 0 0 0 -9.88131e-324
 1.00008 4 -0.38907 -0.255439 1.89135 2.23384 -1.85329 0.814286 1.00008 5 -0.603532 -0.444135 2.23672 2.58118 -0.162712 0.33531 -1.32904e-321 -4.17485e-321 0 0 0 -1.56619e-321 0 0 0 0 0 -9.88131e-324
 1.00008 4 -0.38907 -0.255439 1.89135 2.23384 -1.85329 0.814286 1.00008 5 -0.603532 -0.444135 2.23672 2.58118 -0.162712 0.33531 -1.32904e-321 -4.17485e-321 0 0 0 -1.56619e-321 0 0 0 0 0 -9.88131e-324
 1.00017 4 -0.38907 -0.255439 1.89135 2.23384 -1.85329 0.814286 1.00017 5 -0.603532 -0.444135 2.23672 2.58118 -0.162712 0.33531 -1.32904e-321 -4.17485e-321 0 0 0 -1.56619e-321 0 0 0 0 0 -9.88131e-324
 1.00017 4 -0.38907 -0.255439 1.89135 2.23384 -1.85329 0.814286 1.00017 5 -0.603532 -0.444135 2.23672 2.58118 -0.162712 0.33531 -1.32904e-321 -4.17485e-321 0 0 0 -1.56619e-321 0 0 0 0 0 -9.88131e-324
 1.00008 4 -0.38907 -0.255439 1.89135 2.23384 -1.85329 0.814286 1.00008 5 -0.603532 -0.444135 2.23672 2.58118 -0.162712 0.33531 -1.32904e-321 -4.17485e-321 0 0 0 -1.56619e-321 0 0 0 0 0 9.88131e-324
 1.00008 4 -0.38907 -0.255439 1.89135 2.23384 -1.85329 0.814286 1.00008 5 -0.603532 -0.444135 2.23672 2.58118 -0.162712 0.33531 -1.32904e-321 -4.17485e-321 0 0 0 -1.56619e-321 0 0 0 0 0 9.88131e-324
 1.00021 4 -0.390911 -0.250307 1.89583 2.23506 -1.90834 0.836988 1.00021 5 -0.603532 -0.444135 2.23672 2.58118 -0.162712 0.33531 -0.294409 -0.90413 0 0 0 0.186462 0.950859 0.309609 0 0 0 1.13113e-10
 1.00021 4 -0.390911 -0.250307 1.89583 2.23506 -1.90834 0.836988 1.00021 5 -0.603532 -0.444135 2.23672 2.58118 -0.162712 0.33531 -0.294409 -0.90413 0 0 0 0.186462 0.950859 0.309609 0 0 0 1.13113e-10
 1.00004 4 -0.372928 -0.192614 1.76373 2.26448 -1.89014 0.847244 1.00004 5 -0.603532 -0.444135 2.23672 2.58118 -0.162712 0.33531 -0.294409 -0.904129 0 0 0 0.226997 0.950859 0.309609 0 0 0 1.1345e-10
 1.00004 4 -0.372928 -0.192614 1.76373 2.26448 -1.89014 0.847244 1.00004 5 -0.603532 -0.444135 2.23672 2.58118 -0.162712 0.33531 -0.294409 -0.904129 0 0 0 0.226997 0.950859 0.309609 0 0 0 1.1345e-10
 1.00007 4 -0.38356 -0.198085 1.814 2.31677 -1.915 0.830481 1.00007 5 -0.603532 -0.444135 2.23672 2.58118 -0.162712 0.33531 3.21321e-09 -1 0 0 0 0.308543 0.950859 0.309625 0 0 0 2.77556e-17
 1.00007 4 -0.38356 -0.198085 1.814 2.31677 -1.915 0.830481 1.00007 5 -0.603532 -0.444135 2.23672 2.58118 -0.162712 0.33531 3.21321e-09 -1 0 0 0 0.308543 0.950859 0.309625 0 0 0 2.77556e-17
 1.00036 4 -0.385779 -0.20352 1.82855 2.28225 -1.90142 0.795738 1.00036 5 -0.603532 -0.444135 2.23672 2.58118 -0.162712 0.33531 0.294407 0.904138 0 0 0 -0.222424 -0.95086 -0.309605 0 0 0 1.13239e-10
 1.00036 4 -0.385779 -0.20352 1.82855 2.28225 -1.90142 0.795738 1.00036 5 -0.603532 -0.444135 2.23672 2.58118 -0.162712 0.33531 0.294407 0.904138 0 0 0 -0.222424 -0.95086 -0.309605 0 0 0 1.13239e-10
 1.00015 4 -0.38907 -0.255439 1.89135 2.23384 -1.85329 0.814286 1.00015 5 -0.603532 -0.444135 2.23672 2.58118 -0.162712 0.33531 3.04033e-09 1 0 0 0 -0.261 -0.95086 -0.309621 0 0 0 3.11473e-13
 1.00015 4 -0.38907 -0.255439 1.89135 2.23384 -1.85329 0.814286 1.00015 5 -0.603532 -0.444135 2.23672 2.58118 -0.162712 0.33531 3.04033e-09 1 0 0 0 -0.261 -0.95086 -0.309621 0 0 0 3.11473e-13
 1.00007 4 -0.38907 -0.255439 1.89135 2.23384 -1.85329 0.814286 1.00007 5 -0.603532 -0.444135 2.23672 2.58118 -0.162712 0.33531 2.62599e-09 1 0 0 0 -0.261 -0.95086 -0.309621 0 0 0 0
 1.00007 4 -0.38907 -0.255439 1.89135 2.23384 -1.85329 0.814286 1.00007 5 -0.603532 -0.444135 2.23672 2.58118 -0.162712 0.33531 2.62599e-09 1 0 0 0 -0.261 -0.95086 -0.309621 0 0 0 0
 1.00012 4 -0.38907 -0.255439 1.89135 2.23384 -1.85329 0.814286 1.00012 5 -0.603532 -0.444135 2.23672 2.58118 -0.162712 0.33531 -4.29148e-14 -1.31789e-13 0 0 0 6.82086e-15 6.73472e-18 8.73928e-22 0 0 0 5.69073e-19
 1.00012 4 -0.38907 -0.255439 1.89135 2.23384 -1.85329 0.814286 1.00012 5 -0.603532 -0.444135 2.23672 2.58118 -0.162712 0.33531 -4.29148e-14 -1.31789e-13 0 0 0 6.82086e-15 6.73472e-18 8.73928e-22 0 0 0 5.69073e-19
 1.00005 4 -0.38907 -0.255439 1.89135 2.23384 -1.85329 0.814286 1.00005 5 -0.603532 -0.444135 2.23672 2.58118 -0.162712 0.33531 -4.38671e-14 -1.34739e-13 0 0 0 1.40595e-14 7.16803e-18 3.8829e-22 0 0 0 -6.64568e-19
 1.00005 4 -0.38907 -0.255439 1.89135 2.23384 -1.85329 0.814286 1.00005 5 -0.603532 -0.444135 2.23672 2.58118 -0.162712 0.33531 -4.38671e-14 -1.34739e-13 0 0 0 1.40595e-14 7.16803e-18 3.8829e-22 0 0 0 -6.64568e-19
 1.00014 4 -0.38907 -0.255439 1.89135 2.23384 -1.85329 0.814286 1.00014 5 -0.603532 -0.444135 2.23672 2.58118 -0.162712 0.33531 -4.2948e-14 -1.31906e-13 0 0 0 7.3728e-15 6.97575e-18 -2.99977e-23 0 0 0 -1.21788e-19
 1.00014 4 -0.38907 -0.255439 1.89135 2.23384 -1.85329 0.814286 1.00014 5 -0.603532 -0.444135 2.23672 2.58118 -0.162712 0.33531 -4.2948e-14 -1.31906e-13 0 0 0 7.3728e-15 6.97575e-18 -2.99977e-23 0 0 0 -1.21788e-19
 1.00004 4 -0.397239 -0.258237 1.92878 2.26796 -1.90459 0.780071 1.00004 5 -0.603532 -0.444135 2.23672 2.58118 -0.162712 0.33531 -0.294409 -0.90413 0 0 0 0.183293 0.950859 0.309609 0 0 0 1.12944e-10
 1.00004 4 -0.397239 -0.258237 1.92878 2.26796 -1.90459 0.780071 1.00004 5 -0.603532 -0.444135 2.23672 2.58118 -0.162712 0.33531 -0.294409 -0.90413 0 0 0 0.183293 0.950859 0.309609 0 0 0 1.12944e-10
 1.00007 4 -0.380994 -0.198472 1.80588 2.3 -1.89085 0.889653 1.00007 5 -0.603532 -0.444135 2.23672 2.58118 -0.162712 0.33531 -0.294409 -0.904129 0 0 0 0.226081 0.950859 0.309609 0 0 0 1.13434e-10
 1.00007 4 -0.380994 -0.198472 1.80588 2.3 -1.89085 0.889653 1.00007 5 -0.603532 -0.444135 2.23672 2.58118 -0.162712 0.33531 -0.294409 -0.904129 0 0 0 0.226081 0.950859 0.309609 0 0 0 1.13434e-10
 1.00006 4 -0.38356 -0.198085 1.814 2.31677 -1.915 0.830481 1.00006 5 -0.603532 -0.444135 2.23672 2.58118 -0.162712 0.33531 3.23395e-09 -1 0 0 0 0.308543 0.950859 0.309625 0 0 0 0
 1.00006 4 -0.38356 -0.198085 1.814 2.31677 -1.915 0.830481 1.00006 5 -0.603532 -0.444135 2.23672 2.58118 -0.162712 0.33531 3.23395e-09 -1 0 0 0 0.308543 0.950859 0.309625 0 0 0 0
 1.00009 4 -0.380994 -0.198472 1.80588 2.3 -1.89085 0.889653 1.00009 5 -0.603532 -0.444135 2.23672 2.58118 -0.162712 0.33531 0.294407 0.904138 0 0 0 -0.225361 -0.95086 -0.309605 0 0 0 1.15018e-10
 1.00009 4 -0.380994 -0.198472 1.80588 2.3 -1.89085 0.889653 1.00009 5 -0.603532 -0.444135 2.23672 2.58118 -0.162712 0.33531 0.294407 0.904138 0 0 0 -0.225361 -0.95086 -0.309605 0 0 0 1.15018e-10
 1.00006 4 -0.38907 -0.255439 1.89135 2.23384 -1.85329 0.814286 1.00006 5 -0.603532 -0.444135 2.23672 2.58118 -0.162712 0.33531 2.54019e-11 1 0 0 0 -0.261 -0.95086 -0.309621 0 0 0 4.2692e-12
 1.00006 4 -0.38907 -0.255439 1.89135 2.23384 -1.85329 0.814286 1.00006 5 -0.603532 -0.444135 2.23672 2.58118 -0.162712 0.33531 2.54019e-11 1 0 0 0 -0.261 -0.95086 -0.309621 0 0 0 4.2692e-12
 1.00006 4 -0.38907 -0.255439 1.89135 2.23384 -1.85329 0.814286 1.00006 5 -0.603532 -0.444135 2.23672 2.58118 -0.162712 0.33531 2.62599e-09 1 0 0 0 -0.261 -0.95086 -0.309621 0 0 0 -2.77556e-17
 1.00006 4 -0.38907 -0.255439 1.89135 2.23384 -1.85329 0.814286 1.00006 5 -0.603532 -0.444135 2.23672 2.58118 -0.162712 0.33531 2.62599e-09 1 0 0 0 -0.261 -0.95086 -0.309621 0 0 0 -2.77556e-17
 1.00014 4 -0.38907 -0.255439 1.89135 2.23384 -1.85329 0.814286 1.00014 5 -0.603532 -0.444135 2.23672 2.58118 -0.162712 0.33531 -3.32947e-10 -1.03099e-09 0 0 0 2.4932e-09 -1.97048e-13 4.73619e-18 0 0 0 5.60475e-13
 1.00014 4 -0.38907 -0.255439 1.89135 2.23384 -1.85329 0.814286 1.00014 5 -0.603532 -0.444135 2.23672 2.58118 -0.162712 0.33531 -3.32947e-10 -1.03099e-09 0 0 0 2.4932e-09 -1.97048e-13 4.73619e-18 0 0 0 5.60475e-13
 1.00024 4 -0.38907 -0.255439 1.89135 2.23384 -1.85329 0.814286 1.00024 5 -0.603532 -0.444135 2.23672 2.58118 -0.162712 0.33531 -6.20643e-12 -1.2606e-11 0 0 0 1.02141e-12 6.6301e-16 -1.12038e-19 0 0 0 -7.74852e-17
 1.00024 4 -0.38907 -0.255439 1.89135 2.23384 -1.85329 0.814286 1.00024 5 -0.603532 -0.444135 2.23672 2.58118 -0.162712 0.33531 -6.20643e-12 -1.2606e-11 0 0 0 1.02141e-12 6.6301e-16 -1.12038e-19 0 0 0 -7.74852e-17
 1.00004 4 -0.38907 -0.255439 1.89135 2.23384 -1.85329 0.814286 1.00004 5 -0.603532 -0.444135 2.23672 2.58118 -0.162712 0.33531 -6.2609e-12 -1.27779e-11 0 0 0 1.08191e-12 6.72395e-16 -1.11666e-19 0 0 0 -8.24892e-17
 1.00004 4 -0.38907 -0.255439 1.89135 2.23384 -1.85329 0.814286 1.00004 5 -0.603532 -0.444135 2.23672 2.58118 -0.162712 0.33531 -6.2609e-12 -1.27779e-11 0 0 0 1.08191e-12 6.72395e-16 -1.11666e-19 0 0 0 -8.24892e-17
 1.00009 4 -0.384441 -0.232144 1.84954 -2.36755 1.97989 -0.95256 1.00009 5 -0.603532 -0.444135 2.23672 2.58118 -0.162712 0.33531 -0.294409 -0.904129 0 0 0 0.201733 0.950859 0.309609 0 0 0 1.13504e-10
 1.00009 4 -0.384441 -0.232144 1.84954 -2.36755 1.97989 -0.95256 1.00009 5 -0.603532 -0.444135 2.23672 2.58118 -0.162712 0.33531 -0.294409 -0.904129 0 0 0 0.201733 0.950859 0.309609 0 0 0 1.13504e-10
 1.00007 4 -0.38356 -0.198085 1.814 2.31677 -1.915 0.830481 1.00007 5 -0.603532 -0.444135 2.23672 2.58118 -0.162712 0.33531 3.20306e-09 -1 0 0 0 0.308543 0.950859 0.309625 0 0 0 -2.498e-15
 1.00007 4 -0.38356 -0.198085 1.814 2.31677 -1.915 0.830481 1.00007 5 -0.603532 -0.444135 2.23672 2.58118 -0.162712 0.33531 3.20306e-09 -1 0 0 0 0.308543 0.950859 0.309625 0 0 0 -2.498e-15
 1.00011 4 -0.38356 -0.198085 1.814 2.31677 -1.915 0.830481 1.00011 5 -0.603532 -0.444135 2.23672 2.58118 -0.162712 0.33531 3.21321e-09 -1 0 0 0 0.308543 0.950859 0.309625 0 0 0 2.77556e-17
 1.00011 4 -0.38356 -0.198085 1.814 2.31677 -1.915 0.830481 1.00011 5 -0.603532 -0.444135 2.23672 2.58118 -0.162712 0.33531 3.21321e-09 -1 0 0 0 0.308543 0.950859 0.309625 0 0 0 2.77556e-17
 1.00014 4 -0.395251 -0.220467 1.88619 2.34489 -1.9327 0.757746 1.00014 5 -0.603532 -0.444135 2.23672 2.58118 -0.162712 0.33531 0.294407 0.904137 0 0 0 -0.210643 -0.95086 -0.309605 0 0 0 1.12928e-10
 1.00014 4 -0.395251 -0.220467 1.88619 2.34489 -1.9327 0.757746 1.00014 5 -0.603532 -0.444135 2.23672 2.58118 -0.162712 0.33531 0.294407 0.904137 0 0 0 -0.210643 -0.95086 -0.309605 0 0 0 1.12928e-10
 1.00005 4 -0.38907 -0.255439 1.89135 2.23384 -1.85329 0.814286 1.00005 5 -0.603532 -0.444135 2.23672 2.58118 -0.162712 0.33531 2.62599e-09 1 0 0 0 -0.261 -0.95086 -0.309621 0 0 0 -2.77556e-17
 1.00005 4 -0.38907 -0.255439 1.89135 2.23384 -1.85329 0.814286 1.00005 5 -0.603532 -0.444135 2.23672 2.58118 -0.162712 0.33531 2.62599e-09 1 0 0 0 -0.261 -0.95086 -0.309621 0 0 0 -2.77556e-17
 1.00012 4 -0.38907 -0.255439 1.89135 2.23384 -1.85329 0.814286 1.00012 5 -0.603532 -0.444135 2.23672 2.58118 -0.162712 0.33531 2.62599e-09 1 0 0 0 -0.261 -0.95086 -0.309621 0 0 0 0
 1.00012 4 -0.38907 -0.255439 1.89135 2.23384 -1.85329 0.814286 1.00012 5 -0.603532 -0.444135 2.23672 2.58118 -0.162712 0.33531 2.62599e-09 1 0 0 0 -0.261 -0.95086 -0.309621 0 0 0 0
 1.00008 4 -0.38907 -0.255439 1.89135 2.23384 -1.85329 0.814286 1.00008 5 -0.603532 -0.444135 2.23672 2.58118 -0.162712 0.33531 -1.55416e-13 -3.82428e-13 0 0 0 3.39853e-14 3.81197e-16 1.71883e-16 0 0 0 1.73562e-17
 1.00008 4 -0.38907 -0.255439 1.89135 2.23384 -1.85329 0.814286 1.00008 5 -0.603532 -0.444135 2.23672 2.58118 -0.162712 0.33531 -1.55416e-13 -3.82428e-13 0 0 0 3.39853e-14 3.81197e-16 1.71883e-16 0 0 0 1.73562e-17
 1.00008 4 -0.390917 -0.233146 1.87846 2.26621 -1.86455 0.855894 1.00008 5 -0.603532 -0.444135 2.23672 2.58118 -0.162712 0.33531 -0.294409 -0.904129 0 0 0 0.20672 0.950859 0.309609 0 0 0 1.1364e-10
 1.00008 4 -0.390917 -0.233146 1.87846 2.26621 -1.86455 0.855894 1.00008 5 -0.603532 -0.444135 2.23672 2.58118 -0.162712 0.33531 -0.294409 -0.904129 0 0 0 0.20672 0.950859 0.309609 0 0 0 1.1364e-10
 1.00006 4 -0.38356 -0.198085 1.814 2.31677 -1.915 0.830481 1.00006 5 -0.603532 -0.444135 2.23672 2.58118 -0.162712 0.33531 3.16894e-09 -1 0 0 0 0.308543 0.950859 0.309625 0 0 0 -2.22045e-15
 1.00006 4 -0.38356 -0.198085 1.814 2.31677 -1.915 0.830481 1.00006 5 -0.603532 -0.444135 2.23672 2.58118 -0.162712 0.33531 3.16894e-09 -1 0 0 0 0.308543 0.950859 0.309625 0 0 0 -2.22045e-15
 1.00006 4 -0.38356 -0.198085 1.814 2.31677 -1.915 0.830481 1.00006 5 -0.603532 -0.444135 2.23672 2.58118 -0.162712 0.33531 3.16894e-09 -1 0 0 0 0.308543 0.950859 0.309625 0 0 0 -2.22045e-15
 1.00006 4 -0.38356 -0.198085 1.814 2.31677 -1.915 0.830481 1.00006 5 -0.603532 -0.444135 2.23672 2.58118 -0.162712 0.33531 3.16894e-09 -1 0 0 0 0.308543 0.950859 0.309625 0 0 0 -2.22045e-15
 1.00016 4 -0.388176 -0.224754 1.85841 2.88587 -2.11034 -0.724741 1.00016 5 -0.603532 -0.444135 2.23672 2.58118 -0.162712 0.33531 0.294407 0.904136 0 0 0 -0.20293 -0.95086 -0.309605 0 0 0 1.12724e-10
 1.00016 4 -0.388176 -0.224754 1.85841 2.88587 -2.11034 -0.724741 1.00016 5 -0.603532 -0.444135 2.23672 2.58118 -0.162712 0.33531 0.294407 0.904136 0 0 0 -0.20293 -0.95086 -0.309605 0 0 0 1.12724e-10
 1.00003 4 -0.38907 -0.255439 1.89135 2.23384 -1.85329 0.814286 1.00003 5 -0.603532 -0.444135 2.23672 2.58118 -0.162712 0.33531 2.62599e-09 1 0 0 0 -0.261 -0.95086 -0.309621 0 0 0 0
 1.00003 4 -0.38907 -0.255439 1.89135 2.23384 -1.85329 0.814286 1.00003 5 -0.603532 -0.444135 2.23672 2.58118 -0.162712 0.33531 2.62599e-09 1 0 0 0 -0.261 -0.95086 -0.309621 0 0 0 0
 1.00008 4 -0.38907 -0.255439 1.89135 2.23384 -1.85329 0.814286 1.00008 5 -0.603532 -0.444135 2.23672 2.58118 -0.162712 0.33531 2.62599e-09 1 0 0 0 -0.261 -0.95086 -0.309621 0 0 0 0
 1.00008 4 -0.38907 -0.255439 1.89135 2.23384 -1.85329 0.814286 1.00008 5 -0.603532 -0.444135 2.23672 2.58118 -0.162712 0.33531 2.62599e-09 1 0 0 0 -0.261 -0.95086 -0.309621 0 0 0 0
 1.00007 4 -0.38907 -0.255439 1.89135 2.23384 -1.85329 0.814286 1.00007 5 -0.603532 -0.444135 2.23672 2.58118 -0.162712 0.33531 -6.15074e-12 -1.25347e-11 0 0 0 1.03952e-12 6.53001e-16 -9.79382e-20 0 0 0 -7.94624e-17
 1.00007 4 -0.38907 -0.255439 1.89135 2.23384 -1.85329 0.814286 1.00007 5 -0.603532 -0.444135 2.23672 2.58118 -0.162712 0.33531 -6.15074e-12 -1.25347e-11 0 0 0 1.03952e-12 6.53001e-16 -9.79382e-20 0 0 0 -7.94624e-17
 1.00021 4 -0.38907 -0.255439 1.89135 2.23384 -1.85329 0.814286 1.00021 5 -0.603532 -0.444135 2.23672 2.58118 -0.162712 0.33531 -6.15008e-12 -1.25327e-11 0 0 0 1.0371e-12 6.52865e-16 -9.84277e-20 0 0 0 -7.91806e-17
 1.00021 4 -0.38907 -0.255439 1.89135 2.23384 -1.85329 0.814286 1.00021 5 -0.603532 -0.444135 2.23672 2.58118 -0.162712 0.33531 -6.15008e-12 -1.25327e-11 0 0 0 1.0371e-12 6.52865e-16 -9.84277e-20 0 0 0 -7.91806e-17
