 1.0002 4 -0.947031 -0.371264 3.76552 2.49377 -1.79671 -0.071475 1.0002 5 -1.08393 -0.544643 3.8468 3.10207 3.85751e-06 -0.115474 -3.43202e-27 -1.03319e-26 0 0 0 -9.15031e-28 5.5397e-31 -3.75613e-35 0 0 0 1.44824e-31
 1.0002 4 -0.947031 -0.371264 3.76552 2.49377 -1.79671 -0.071475 1.0002 5 -1.08393 -0.544643 3.8468 3.10207 3.85751e-06 -0.115474 -3.43202e-27 -1.03319e-26 0 0 0 -9.15031e-28 5.5397e-31 -3.75613e-35 0 0 0 1.44824e-31
 1.00006 4 -0.947031 -0.371264 3.76552 2.49377 -1.79671 -0.071475 1.00006 5 -1.08393 -0.544643 3.8468 3.10207 3.85751e-06 -0.115474 -8.20867e-27 -2.49099e-26 0 0 0 -2.2685e-27 1.25519e-30 -2.98073e-35 0 0 0 3.60849e-31
 1.00006 4 -0.947031 -0.371264 3.76552 2.49377 -1.79671 -0.071475 1.00006 5 -1.08393 -0.544643 3.8468 3.10207 3.85751e-06 -0.115474 -8.20867e-27 -2.49099e-26 0 0 0 -2.2685e-27 1.25519e-30 -2.98073e-35 0 0 0 3.60849e-31
 1.00009 4 -0.947031 -0.371264 3.76552 2.49377 -1.79671 -0.071475 1.00009 5 -1.08393 -0.544643 3.8468 3.10207 3.85751e-06 -0.115474 -3.43202e-27 -1.03319e-26 0 0 0 -9.15031e-28 5.5397e-31 -3.75613e-35 0 0 0 1.44824e-31
 1.00009 4 -0.947031 -0.371264 3.76552 2.49377 -1.79671 -0.071475 1.00009 5 -1.08393 -0.544643 3.8468 3.10207 3.85751e-06 -0.115474 -3.43202e-27 -1.03319e-26 0 0 0 -9.15031e-28 5.5397e-31 -3.75613e-35 0 0 0 1.44824e-31
 1.00253 4 -0.947031 -0.371264 3.76552 2.49377 -1.79671 -0.071475 1.00253 5 -1.08393 -0.544643 3.8468 3.10207 3.85751e-06 -0.115474 3.43202e-27 1.03319e-26 0 0 0 9.15031e-28 -5.5397e-31 3.75613e-35 0 0 0 -1.44824e-31
 1.00253 4 -0.947031 -0.371264 3.76552 2.49377 -1.79671 -0.071475 1.00253 5 -1.08393 -0.544643 3.8468 3.10207 3.85751e-06 -0.115474 3.43202e-27 1.03319e-26 0 0 0 9.15031e-28 -5.5397e-31 3.75613e-35 0 0 0 -1.44824e-31
 1.0001 4 -0.947031 -0.371264 3.76552 2.49377 -1.79671 -0.071475 1.0001 5 -1.08393 -0.544643 3.8468 3.10207 3.85751e-06 -0.115474 8.20867e-27 2.49099e-26 0 0 0 2.2685e-27 -1.25519e-30 2.98073e-35 0 0 0 -3.60849e-31
 1.0001 4 -0.947031 -0.371264 3.76552 2.49377 -1.79671 -0.071475 1.0001 5 -1.08393 -0.544643 3.8468 3.10207 3.85751e-06 -0.115474 8.20867e-27 2.49099e-26 0 0 0 2.2685e-27 -1.25519e-30 2.98073e-35 0 0 0 -3.60849e-31
 1.00012 4 -0.947031 -0.371264 3.76552 2.49377 -1.79671 -0.071475 1.00012 5 -1.08393 -0.544643 3.8468 3.10207 3.85751e-06 -0.115474 -8.20867e-27 -2.49099e-26 0 0 0 -2.2685e-27 -1.25519e-30 2.98073e-35 0 0 0 -3.60849e-31
 1.00012 4 -0.947031 -0.371264 3.76552 2.49377 -1.79671 -0.071475 1.00012 5 -1.08393 -0.544643 3.8468 3.10207 3.85751e-06 -0.115474 -8.20867e-27 -2.49099e-26 0 0 0 -2.2685e-27 -1.25519e-30 2.98073e-35 0 0 0 -3.60849e-31
 1.0001 4 -0.947031 -0.371264 3.76552 2.49377 -1.79671 -0.071475 1.0001 5 -1.08393 -0.544643 3.8468 3.10207 3.85751e-06 -0.115474 -3.43202e-27 -1.03319e-26 0 0 0 -9.15031e-28 1.25519e-30 -2.98073e-35 0 0 0 3.60849e-31
 1.0001 4 -0.947031 -0.371264 3.76552 2.49377 -1.79671 -0.071475 1.0001 5 -1.08393 -0.544643 3.8468 3.10207 3.85751e-06 -0.115474 -3.43202e-27 -1.03319e-26 0 0 0 -9.15031e-28 1.25519e-30 -2.98073e-35 0 0 0 3.60849e-31
 1.00005 4 -0.947031 -0.371264 3.76552 2.49377 -1.79671 -0.071475 1.00005 5 -1.08393 -0.544643 3.8468 3.10207 3.85751e-06 -0.115474 -8.20867e-27 -2.49099e-26 0 0 0 -2.2685e-27 1.25519e-30 -2.98073e-35 0 0 0 3.60849e-31
 1.00005 4 -0.947031 -0.371264 3.76552 2.49377 -1.79671 -0.071475 1.00005 5 -1.08393 -0.544643 3.8468 3.10207 3.85751e-06 -0.115474 -8.20867e-27 -2.49099e-26 0 0 0 -2.2685e-27 1.25519e-30 -2.98073e-35 0 0 0 3.60849e-31
 1.00008 4 -0.947031 -0.371264 3.76552 2.49377 -1.79671 -0.071475 1.00008 5 -1.08393 -0.544643 3.8468 3.10207 3.85751e-06 -0.115474 -8.20867e-27 -2.49099e-26 0 0 0 -2.2685e-27 -1.25519e-30 2.98073e-35 0 0 0 -3.60849e-31
 1.00008 4 -0.947031 -0.371264 3.76552 2.49377 -1.79671 -0.071475 1.00008 5 -1.08393 -0.544643 3.8468 3.10207 3.85751e-06 -0.115474 -8.20867e-27 -2.49099e-26 0 0 0 -2.2685e-27 -1.25519e-30 2.98073e-35 0 0 0 -3.60849e-31
 1.00007 4 -0.947031 -0.371264 3.76552 2.49377 -1.79671 -0.071475 1.00007 5 -1.08393 -0.544643 3.8468 3.10207 3.85751e-06 -0.115474 -8.20867e-27 -2.49099e-26 0 0 0 -2.2685e-27 1.25519e-30 -2.98073e-35 0 0 0 3.60849e-31
 1.00007 4 -0.947031 -0.371264 3.76552 2.49377 -1.79671 -0.071475 1.00007 5 -1.08393 -0.544643 3.8468 3.10207 3.85751e-06 -0.115474 -8.20867e-27 -2.49099e-26 0 0 0 -2.2685e-27 1.25519e-30 -2.98073e-35 0 0 0 3.60849e-31
 1.00008 4 -0.947031 -0.371264 3.76552 2.49377 -1.79671 -0.071475 1.00008 5 -1.08393 -0.544643 3.8468 3.10207 3.85751e-06 -0.115474 -3.43202e-27 -1.03319e-26 0 0 0 -9.15031e-28 5.5397e-31 -3.75613e-35 0 0 0 1.44824e-31
 1.00008 4 -0.947031 -0.371264 3.76552 2.49377 -1.79671 -0.071475 1.00008 5 -1.08393 -0.544643 3.8468 3.10207 3.85751e-06 -0.115474 -3.43202e-27 -1.03319e-26 0 0 0 -9.15031e-28 5.5397e-31 -3.75613e-35 0 0 0 1.44824e-31
 1.00013 4 -0.947031 -0.371264 3.76552 2.49377 -1.79671 -0.071475 1.00013 5 -1.08393 -0.544643 3.8468 3.10207 3.85751e-06 -0.115474 8.20867e-27 2.49099e-26 0 0 0 2.2685e-27 -1.25519e-30 2.98073e-35 0 0 0 -3.60849e-31
 1.00013 4 -0.947031 -0.371264 3.76552 2.49377 -1.79671 -0.071475 1.00013 5 -1.08393 -0.544643 3.8468 3.10207 3.85751e-06 -0.115474 8.20867e-27 2.49099e-26 0 0 0 2.2685e-27 -1.25519e-30 2.98073e-35 0 0 0 -3.60849e-31
 1.00006 4 -0.947031 -0.371264 3.76552 2.49377 -1.79671 -0.071475 1.00006 5 -1.08393 -0.544643 3.8468 3.10207 3.85751e-06 -0.115474 8.20867e-27 2.49099e-26 0 0 0 2.2685e-27 -1.25519e-30 2.98073e-35 0 0 0 -3.60849e-31
 1.00006 4 -0.947031 -0.371264 3.76552 2.49377 -1.79671 -0.071475 1.00006 5 -1.08393 -0.544643 3.8468 3.10207 3.85751e-06 -0.115474 8.20867e-27 2.49099e-26 0 0 0 2.2685e-27 -1.25519e-30 2.98073e-35 0 0 0 -3.60849e-31
 1.00006 4 -0.947031 -0.371264 3.76552 2.49377 -1.79671 -0.071475 1.00006 5 -1.08393 -0.544643 3.8468 3.10207 3.85751e-06 -0.115474 -8.20867e-27 -2.49099e-26 0 0 0 -2.2685e-27 1.25519e-30 -2.98073e-35 0 0 0 3.60849e-31
 1.00006 4 -0.947031 -0.371264 3.76552 2.49377 -1.79671 -0.071475 1.00006 5 -1.08393 -0.544643 3.8468 3.10207 3.85751e-06 -0.115474 -8.20867e-27 -2.49099e-26 0 0 0 -2.2685e-27 1.25519e-30 -2.98073e-35 0 0 0 3.60849e-31
 1.00007 4 -0.947031 -0.371264 3.76552 2.49377 -1.79671 -0.071475 1.00007 5 -1.08393 -0.544643 3.8468 3.10207 3.85751e-06 -0.115474 8.20867e-27 2.49099e-26 0 0 0 2.2685e-27 -1.25519e-30 2.98073e-35 0 0 0 -3.60849e-31
 1.00007 4 -0.947031 -0.371264 3.76552 2.49377 -1.79671 -0.071475 1.00007 5 -1.08393 -0.544643 3.8468 3.10207 3.85751e-06 -0.115474 8.20867e-27 2.49099e-26 0 0 0 2.2685e-27 -1.25519e-30 2.98073e-35 0 0 0 -3.60849e-31
 1.00114 4 -0.947031 -0.371264 3.76552 2.49377 -1.79671 -0.071475 1.00114 5 -1.08393 -0.544643 3.8468 3.10207 3.85751e-06 -0.115474 -3.43202e-27 -1.03319e-26 0 0 0 -9.15031e-28 -5.5397e-31 3.75613e-35 0 0 0 -1.44824e-31
 1.00114 4 -0.947031 -0.371264 3.76552 2.49377 -1.79671 -0.071475 1.00114 5 -1.08393 -0.544643 3.8468 3.10207 3.85751e-06 -0.115474 -3.43202e-27 -1.03319e-26 0 0 0 -9.15031e-28 -5.5397e-31 3.75613e-35 0 0 0 -1.44824e-31
 1.00006 4 -0.947031 -0.371264 3.76552 2.49377 -1.79671 -0.071475 1.00006 5 -1.08393 -0.544643 3.8468 3.10207 3.85751e-06 -0.115474 3.43202e-27 1.03319e-26 0 0 0 9.15031e-28 -5.5397e-31 3.75613e-35 0 0 0 -1.44824e-31
 1.00006 4 -0.947031 -0.371264 3.76552 2.49377 -1.79671 -0.071475 1.00006 5 -1.08393 -0.544643 3.8468 3.10207 3.85751e-06 -0.115474 3.43202e-27 1.03319e-26 0 0 0 9.15031e-28 -5.5397e-31 3.75613e-35 0 0 0 -1.44824e-31
 1.00006 4 -0.947031 -0.371264 3.76552 2.49377 -1.79671 -0.071475 1.00006 5 -1.08393 -0.544643 3.8468 3.10207 3.85751e-06 -0.115474 3.43202e-27 1.03319e-26 0 0 0 9.15031e-28 5.5397e-31 -3.75613e-35 0 0 0 1.44824e-31
 1.00006 4 -0.947031 -0.371264 3.76552 2.49377 -1.79671 -0.071475 1.00006 5 -1.08393 -0.544643 3.8468 3.10207 3.85751e-06 -0.115474 3.43202e-27 1.03319e-26 0 0 0 9.15031e-28 5.5397e-31 -3.75613e-35 0 0 0 1.44824e-31
 1.00022 4 -0.947031 -0.371264 3.76552 2.49377 -1.79671 -0.071475 1.00022 5 -1.08393 -0.544643 3.8468 3.10207 3.85751e-06 -0.115474 8.20867e-27 2.49099e-26 0 0 0 2.2685e-27 -1.25519e-30 2.98073e-35 0 0 0 -3.60849e-31
 1.00022 4 -0.947031 -0.371264 3.76552 2.49377 -1.79671 -0.071475 1.00022 5 -1.08393 -0.544643 3.8468 3.10207 3.85751e-06 -0.115474 8.20867e-27 2.49099e-26 0 0 0 2.2685e-27 -1.25519e-30 2.98073e-35 0 0 0 -3.60849e-31
 1.00003 4 -0.947031 -0.371264 3.76552 2.49377 -1.79671 -0.071475 1.00003 5 -1.08393 -0.544643 3.8468 3.10207 3.85751e-06 -0.115474 -8.20867e-27 -2.49099e-26 0 0 0 -2.2685e-27 1.25519e-30 -2.98073e-35 0 0 0 3.60849e-31
 1.00003 4 -0.947031 -0.371264 3.76552 2.49377 -1.79671 -0.071475 1.00003 5 -1.08393 -0.544643 3.8468 3.10207 3.85751e-06 -0.115474 -8.20867e-27 -2.49099e-26 0 0 0 -2.2685e-27 1.25519e-30 -2.98073e-35 0 0 0 3.60849e-31
 1.00005 4 -0.947031 -0.371264 3.76552 2.49377 -1.79671 -0.071475 1.00005 5 -1.08393 -0.544643 3.8468 3.10207 3.85751e-06 -0.115474 3.43202e-27 1.03319e-26 0 0 0 9.15031e-28 -5.5397e-31 3.75613e-35 0 0 0 -1.44824e-31
 1.00005 4 -0.947031 -0.371264 3.76552 2.49377 -1.79671 -0.071475 1.00005 5 -1.08393 -0.544643 3.8468 3.10207 3.85751e-06 -0.115474 3.43202e-27 1.03319e-26 0 0 0 9.15031e-28 -5.5397e-31 3.75613e-35 0 0 0 -1.44824e-31
 1.00015 4 -0.947031 -0.371264 3.76552 2.49377 -1.79671 -0.071475 1.00015 5 -1.08393 -0.544643 3.8468 3.10207 3.85751e-06 -0.115474 8.20867e-27 2.49099e-26 0 0 0 2.2685e-27 -5.5397e-31 3.75613e-35 0 0 0 -1.44824e-31
 1.00015 4 -0.947031 -0.371264 3.76552 2.49377 -1.79671 -0.071475 1.00015 5 -1.08393 -0.544643 3.8468 3.10207 3.85751e-06 -0.115474 8.20867e-27 2.49099e-26 0 0 0 2.2685e-27 -5.5397e-31 3.75613e-35 0 0 0 -1.44824e-31
 1.00016 4 -0.947031 -0.371264 3.76552 2.49377 -1.79671 -0.071475 1.00016 5 -1.08393 -0.544643 3.8468 3.10207 3.85751e-06 -0.115474 -8.20867e-27 -2.49099e-26 0 0 0 -2.2685e-27 1.25519e-30 -2.98073e-35 0 0 0 3.60849e-31
 1.00016 4 -0.947031 -0.371264 3.76552 2.49377 -1.79671 -0.071475 1.00016 5 -1.08393 -0.544643 3.8468 3.10207 3.85751e-06 -0.115474 -8.20867e-27 -2.49099e-26 0 0 0 -2.2685e-27 1.25519e-30 -2.98073e-35 0 0 0 3.60849e-31
 1.00013 4 -0.947031 -0.371264 3.76552 2.49377 -1.79671 -0.071475 1.00013 5 -1.08393 -0.544643 3.8468 3.10207 3.85751e-06 -0.115474 -3.43202e-27 -1.03319e-26 0 0 0 -9.15031e-28 -5.5397e-31 3.75613e-35 0 0 0 -1.44824e-31
 1.00013 4 -0.947031 -0.371264 3.76552 2.49377 -1.79671 -0.071475 1.00013 5 -1.08393 -0.544643 3.8468 3.10207 3.85751e-06 -0.115474 -3.43202e-27 -1.03319e-26 0 0 0 -9.15031e-28 -5.5397e-31 3.75613e-35 0 0 0 -1.44824e-31
 1.00007 4 -0.947031 -0.371264 3.76552 2.49377 -1.79671 -0.071475 1.00007 5 -1.08393 -0.544643 3.8468 3.10207 3.85751e-06 -0.115474 8.20867e-27 2.49099e-26 0 0 0 2.2685e-27 1.25519e-30 -2.98073e-35 0 0 0 3.60849e-31
 1.00007 4 -0.947031 -0.371264 3.76552 2.49377 -1.79671 -0.071475 1.00007 5 -1.08393 -0.544643 3.8468 3.10207 3.85751e-06 -0.115474 8.20867e-27 2.49099e-26 0 0 0 2.2685e-27 1.25519e-30 -2.98073e-35 0 0 0 3.60849e-31
 1.00011 4 -0.974937 -0.371265 3.86579 2.46956 -1.89294 0.332108 1.00011 5 -1.08393 -0.544643 3.8468 3.10207 3.85751e-06 -0.115474 -0.387072 -1.19533 0 0 0 -0.103805 0.950868 0.309612 0 0 0 3.132e-05
 1.00011 4 -0.974937 -0.371265 3.86579 2.46956 -1.89294 0.332108 1.00011 5 -1.08393 -0.544643 3.8468 3.10207 3.85751e-06 -0.115474 -0.387072 -1.19533 0 0 0 -0.103805 0.950868 0.309612 0 0 0 3.132e-05
 1.00012 4 -0.996766 -0.300719 3.86287 -2.48994 1.72103 0.106955 1.00012 5 -1.08393 -0.544643 3.8468 3.10207 3.85751e-06 -0.115474 -0.103375 -1.42541 0 0 0 -0.0248194 0.950857 0.309627 0 0 0 -2.03267e-05
 1.00012 4 -0.996766 -0.300719 3.86287 -2.48994 1.72103 0.106955 1.00012 5 -1.08393 -0.544643 3.8468 3.10207 3.85751e-06 -0.115474 -0.103375 -1.42541 0 0 0 -0.0248194 0.950857 0.309627 0 0 0 -2.03267e-05
 1.00011 4 -0.996766 -0.300719 3.86287 -2.48994 1.72103 0.106955 1.00011 5 -1.08393 -0.544643 3.8468 3.10207 3.85751e-06 -0.115474 3.29335e-07 9.7792e-07 0 0 0 9.05672e-08 -4.88035e-11 1.06262e-11 0 0 0 -2.13948e-11
 1.00011 4 -0.996766 -0.300719 3.86287 -2.48994 1.72103 0.106955 1.00011 5 -1.08393 -0.544643 3.8468 3.10207 3.85751e-06 -0.115474 3.29335e-07 9.7792e-07 0 0 0 9.05672e-08 -4.88035e-11 1.06262e-11 0 0 0 -2.13948e-11
 1.00005 4 -1.01036 -0.321117 3.95813 2.68265 -2.06231 0.623061 1.00005 5 -1.08393 -0.544643 3.8468 3.10207 3.85751e-06 -0.115474 0.246776 0.83555 0 0 0 0.0678634 -0.959147 -0.282865 0 0 0 -2.99939e-05
 1.00005 4 -1.01036 -0.321117 3.95813 2.68265 -2.06231 0.623061 1.00005 5 -1.08393 -0.544643 3.8468 3.10207 3.85751e-06 -0.115474 0.246776 0.83555 0 0 0 0.0678634 -0.959147 -0.282865 0 0 0 -2.99939e-05
 1.00009 4 -0.89793 -0.357417 3.71903 -1.8866 1.69722 -0.170161 1.00009 5 -1.08393 -0.544643 3.8468 3.10207 3.85751e-06 -0.115474 0.0778559 0.911498 0 0 0 0.0214104 -0.996559 -0.0827882 0 0 0 -2.63768e-05
 1.00009 4 -0.89793 -0.357417 3.71903 -1.8866 1.69722 -0.170161 1.00009 5 -1.08393 -0.544643 3.8468 3.10207 3.85751e-06 -0.115474 0.0778559 0.911498 0 0 0 0.0214104 -0.996559 -0.0827882 0 0 0 -2.63768e-05
 1.00013 4 -0.874909 -0.371285 3.93296 1.82413 -2.4698 -0.0261263 1.00013 5 -1.08393 -0.544643 3.8468 3.10207 3.85751e-06 -0.115474 0.0246661 -0.0633828 0 0 0 0.00678318 3.26236e-06 3.35762e-06 0 0 0 1.04443e-06
 1.00013 4 -0.874909 -0.371285 3.93296 1.82413 -2.4698 -0.0261263 1.00013 5 -1.08393 -0.544643 3.8468 3.10207 3.85751e-06 -0.115474 0.0246661 -0.0633828 0 0 0 0.00678318 3.26236e-06 3.35762e-06 0 0 0 1.04443e-06
 1.00008 4 -0.730261 -0.359776 3.78415 1.28227 -2.70638 -0.305243 1.00008 5 -1.08393 -0.544643 3.8468 3.10207 3.85751e-06 -0.115474 0.0912969 -0.091972 0 0 0 0.0251066 6.16955e-06 3.14397e-06 0 0 0 2.63994e-06
 1.00008 4 -0.730261 -0.359776 3.78415 1.28227 -2.70638 -0.305243 1.00008 5 -1.08393 -0.544643 3.8468 3.10207 3.85751e-06 -0.115474 0.0912969 -0.091972 0 0 0 0.0251066 6.16955e-06 3.14397e-06 0 0 0 2.63994e-06
 1.00005 4 -0.736732 -0.344125 3.75875 1.34639 -2.66876 -0.29609 1.00005 5 -1.08393 -0.544643 3.8468 3.10207 3.85751e-06 -0.115474 -0.000829605 0.00267944 0 0 0 -0.000228141 -1.23691e-07 1.02741e-06 0 0 0 -5.31866e-08
 1.00005 4 -0.736732 -0.344125 3.75875 1.34639 -2.66876 -0.29609 1.00005 5 -1.08393 -0.544643 3.8468 3.10207 3.85751e-06 -0.115474 -0.000829605 0.00267944 0 0 0 -0.000228141 -1.23691e-07 1.02741e-06 0 0 0 -5.31866e-08
 1.00009 4 -0.79421 -0.311668 3.80481 1.57288 -2.57241 0.314345 1.00009 5 -1.08393 -0.544643 3.8468 3.10207 3.85751e-06 -0.115474 0.0289331 0.0136404 0 0 0 0.00795662 -6.15947e-10 2.56991e-06 0 0 0 -8.30305e-15
 1.00009 4 -0.79421 -0.311668 3.80481 1.57288 -2.57241 0.314345 1.00009 5 -1.08393 -0.544643 3.8468 3.10207 3.85751e-06 -0.115474 0.0289331 0.0136404 0 0 0 0.00795662 -6.15947e-10 2.56991e-06 0 0 0 -8.30305e-15
 1.0001 4 -0.872928 -0.297652 3.8942 2.31579 -2.78558 0.36809 1.0001 5 -1.08393 -0.544643 3.8468 3.10207 3.85751e-06 -0.115474 0.0314012 0.00609517 0 0 0 0.00863533 -6.15989e-10 2.56991e-06 0 0 0 -1.6329e-14
 1.0001 4 -0.872928 -0.297652 3.8942 2.31579 -2.78558 0.36809 1.0001 5 -1.08393 -0.544643 3.8468 3.10207 3.85751e-06 -0.115474 0.0314012 0.00609517 0 0 0 0.00863533 -6.15989e-10 2.56991e-06 0 0 0 -1.6329e-14
 1.00011 4 -0.882033 -0.274357 3.66093 2.14078 -2.03752 -0.11151 1.00011 5 -1.08393 -0.544643 3.8468 3.10207 3.85751e-06 -0.115474 0.0319306 -0.00190395 0 0 0 0.00878091 -6.15953e-10 2.56991e-06 0 0 0 1.16165e-14
 1.00011 4 -0.882033 -0.274357 3.66093 2.14078 -2.03752 -0.11151 1.00011 5 -1.08393 -0.544643 3.8468 3.10207 3.85751e-06 -0.115474 0.0319306 -0.00190395 0 0 0 0.00878091 -6.15953e-10 2.56991e-06 0 0 0 1.16165e-14
 1.00006 4 -0.943789 -0.286562 3.68018 2.38333 -1.76916 -0.253201 1.00006 5 -1.08393 -0.544643 3.8468 3.10207 3.85751e-06 -0.115474 0.0306081 -0.00929148 0 0 0 0.00841722 -6.15942e-10 2.56991e-06 0 0 0 1.69325e-14
 1.00006 4 -0.943789 -0.286562 3.68018 2.38333 -1.76916 -0.253201 1.00006 5 -1.08393 -0.544643 3.8468 3.10207 3.85751e-06 -0.115474 0.0306081 -0.00929148 0 0 0 0.00841722 -6.15942e-10 2.56991e-06 0 0 0 1.69325e-14
 1.00009 4 -0.956321 -0.291412 3.82108 2.77251 -2.26145 0.0844104 1.00009 5 -1.08393 -0.544643 3.8468 3.10207 3.85751e-06 -0.115474 0.0101043 -0.00197299 0 0 0 0.00277867 1.55831e-10 8.27124e-07 0 0 0 5.53078e-15
 1.00009 4 -0.956321 -0.291412 3.82108 2.77251 -2.26145 0.0844104 1.00009 5 -1.08393 -0.544643 3.8468 3.10207 3.85751e-06 -0.115474 0.0101043 -0.00197299 0 0 0 0.00277867 1.55831e-10 8.27124e-07 0 0 0 5.53078e-15
 1.00007 4 -0.829091 -0.26859 3.57075 -1.70041 1.84228 -0.49279 1.00007 5 -1.08393 -0.544643 3.8468 3.10207 3.85751e-06 -0.115474 0.0102611 0.000835782 0 0 0 0.0028218 1.55825e-10 8.27124e-07 0 0 0 4.68062e-15
 1.00007 4 -0.829091 -0.26859 3.57075 -1.70041 1.84228 -0.49279 1.00007 5 -1.08393 -0.544643 3.8468 3.10207 3.85751e-06 -0.115474 0.0102611 0.000835782 0 0 0 0.0028218 1.55825e-10 8.27124e-07 0 0 0 4.68062e-15
 1.00007 4 -0.834626 -0.286357 3.73447 1.93221 -2.39012 -0.0380608 1.00007 5 -1.08393 -0.544643 3.8468 3.10207 3.85751e-06 -0.115474 0.0100474 0.00224467 0 0 0 0.00276304 1.55827e-10 8.27124e-07 0 0 0 -5.95968e-16
 1.00007 4 -0.834626 -0.286357 3.73447 1.93221 -2.39012 -0.0380608 1.00007 5 -1.08393 -0.544643 3.8468 3.10207 3.85751e-06 -0.115474 0.0100474 0.00224467 0 0 0 0.00276304 1.55827e-10 8.27124e-07 0 0 0 -5.95968e-16
 1.00014 4 -0.841824 -0.312467 3.92859 1.82577 -2.47202 -0.0302823 1.00014 5 -1.08393 -0.544643 3.8468 3.10207 3.85751e-06 -0.115474 0.00963503 0.00362698 0 0 0 0.00264963 1.55826e-10 8.27124e-07 0 0 0 1.6017e-15
 1.00014 4 -0.841824 -0.312467 3.92859 1.82577 -2.47202 -0.0302823 1.00014 5 -1.08393 -0.544643 3.8468 3.10207 3.85751e-06 -0.115474 0.00963503 0.00362698 0 0 0 0.00264963 1.55826e-10 8.27124e-07 0 0 0 1.6017e-15
 1.00013 4 -0.780887 -0.314659 3.78702 1.59212 -2.62108 -0.0250069 1.00013 5 -1.08393 -0.544643 3.8468 3.10207 3.85751e-06 -0.115474 0.00903656 0.00493248 0 0 0 0.00248505 1.55832e-10 8.27124e-07 0 0 0 5.04952e-15
 1.00013 4 -0.780887 -0.314659 3.78702 1.59212 -2.62108 -0.0250069 1.00013 5 -1.08393 -0.544643 3.8468 3.10207 3.85751e-06 -0.115474 0.00903656 0.00493248 0 0 0 0.00248505 1.55832e-10 8.27124e-07 0 0 0 5.04952e-15
 1.00005 4 -0.737877 -0.329206 3.72959 -1.18975 2.35759 -0.025183 1.00005 5 -1.08393 -0.544643 3.8468 3.10207 3.85751e-06 -0.115474 0.00825939 0.00614584 0 0 0 0.00227133 1.5584e-10 8.27124e-07 0 0 0 2.26038e-15
 1.00005 4 -0.737877 -0.329206 3.72959 -1.18975 2.35759 -0.025183 1.00005 5 -1.08393 -0.544643 3.8468 3.10207 3.85751e-06 -0.115474 0.00825939 0.00614584 0 0 0 0.00227133 1.5584e-10 8.27124e-07 0 0 0 2.26038e-15
 1.00014 4 -0.737684 -0.365706 3.86442 1.24317 -2.87008 0.278799 1.00014 5 -1.08393 -0.544643 3.8468 3.10207 3.85751e-06 -0.115474 0.00732266 0.00723654 0 0 0 0.00201373 1.5585e-10 8.27124e-07 0 0 0 8.35823e-15
 1.00014 4 -0.737684 -0.365706 3.86442 1.24317 -2.87008 0.278799 1.00014 5 -1.08393 -0.544643 3.8468 3.10207 3.85751e-06 -0.115474 0.00732266 0.00723654 0 0 0 0.00201373 1.5585e-10 8.27124e-07 0 0 0 8.35823e-15
 1.00011 4 -0.726371 -0.376816 3.86653 1.09857 -3.09856 0.392592 1.00011 5 -1.08393 -0.544643 3.8468 3.10207 3.85751e-06 -0.115474 0.000129293 3.87505e-05 0 0 0 3.55555e-05 3.28463e-09 1.15297e-07 0 0 0 1.43988e-09
 1.00011 4 -0.726371 -0.376816 3.86653 1.09857 -3.09856 0.392592 1.00011 5 -1.08393 -0.544643 3.8468 3.10207 3.85751e-06 -0.115474 0.000129293 3.87505e-05 0 0 0 3.55555e-05 3.28463e-09 1.15297e-07 0 0 0 1.43988e-09
 1.00004 4 -0.722635 -0.353816 3.76713 1.24623 -2.80507 -0.00734596 1.00004 5 -1.08393 -0.544643 3.8468 3.10207 3.85751e-06 -0.115474 0.446344 -0.478683 0 0 0 0.122744 0.731671 -0.681616 0 0 0 2.34062e-05
 1.00004 4 -0.722635 -0.353816 3.76713 1.24623 -2.80507 -0.00734596 1.00004 5 -1.08393 -0.544643 3.8468 3.10207 3.85751e-06 -0.115474 0.446344 -0.478683 0 0 0 0.122744 0.731671 -0.681616 0 0 0 2.34062e-05
 1.00007 4 -0.805285 -0.394678 3.79366 1.42796 -2.59502 0.130544 1.00007 5 -1.08393 -0.544643 3.8468 3.10207 3.85751e-06 -0.115474 -0.0103777 -0.93044 0 0 0 -0.00285388 0.843933 -0.536436 0 0 0 2.22533e-05
 1.00007 4 -0.805285 -0.394678 3.79366 1.42796 -2.59502 0.130544 1.00007 5 -1.08393 -0.544643 3.8468 3.10207 3.85751e-06 -0.115474 -0.0103777 -0.93044 0 0 0 -0.00285388 0.843933 -0.536436 0 0 0 2.22533e-05
 1.00006 4 -0.867485 -0.375879 3.84059 -1.96497 2.5365 0.0419264 1.00006 5 -1.08393 -0.544643 3.8468 3.10207 3.85751e-06 -0.115474 0.00161459 0.00789369 0 0 0 0.000444011 -3.55877e-07 3.27782e-06 0 0 0 -1.0119e-07
 1.00006 4 -0.867485 -0.375879 3.84059 -1.96497 2.5365 0.0419264 1.00006 5 -1.08393 -0.544643 3.8468 3.10207 3.85751e-06 -0.115474 0.00161459 0.00789369 0 0 0 0.000444011 -3.55877e-07 3.27782e-06 0 0 0 -1.0119e-07
 1.00013 4 -0.93701 -0.354066 3.80452 2.30422 -1.92654 0.132511 1.00013 5 -1.08393 -0.544643 3.8468 3.10207 3.85751e-06 -0.115474 0.178539 0.918528 0 0 0 0.0490981 -0.981249 -0.192703 0 0 0 -2.76593e-05
 1.00013 4 -0.93701 -0.354066 3.80452 2.30422 -1.92654 0.132511 1.00013 5 -1.08393 -0.544643 3.8468 3.10207 3.85751e-06 -0.115474 0.178539 0.918528 0 0 0 0.0490981 -0.981249 -0.192703 0 0 0 -2.76593e-05
 1.00005 4 -0.928076 -0.365927 3.78973 2.32197 -2.01383 -0.0541653 1.00005 5 -1.08393 -0.544643 3.8468 3.10207 3.85751e-06 -0.115474 0.144651 0.894424 0 0 0 0.0397791 -0.987542 -0.157298 0 0 0 -2.6003e-05
 1.00005 4 -0.928076 -0.365927 3.78973 2.32197 -2.01383 -0.0541653 1.00005 5 -1.08393 -0.544643 3.8468 3.10207 3.85751e-06 -0.115474 0.144651 0.894424 0 0 0 0.0397791 -0.987542 -0.157298 0 0 0 -2.6003e-05
 1.00009 4 -0.849045 -0.358579 3.76234 1.88388 -2.30776 -0.273425 1.00009 5 -1.08393 -0.544643 3.8468 3.10207 3.85751e-06 -0.115474 0.0271816 -0.0840933 0 0 0 0.00747493 4.29309e-06 4.36552e-06 0 0 0 1.32031e-06
 1.00009 4 -0.849045 -0.358579 3.76234 1.88388 -2.30776 -0.273425 1.00009 5 -1.08393 -0.544643 3.8468 3.10207 3.85751e-06 -0.115474 0.0271816 -0.0840933 0 0 0 0.00747493 4.29309e-06 4.36552e-06 0 0 0 1.32031e-06
 1.00006 4 -0.730133 -0.356168 3.78336 1.28193 -2.70599 -0.305172 1.00006 5 -1.08393 -0.544643 3.8468 3.10207 3.85751e-06 -0.115474 0.125711 -0.125625 0 0 0 0.0345704 8.45589e-06 4.04075e-06 0 0 0 3.67798e-06
 1.00006 4 -0.730133 -0.356168 3.78336 1.28193 -2.70599 -0.305172 1.00006 5 -1.08393 -0.544643 3.8468 3.10207 3.85751e-06 -0.115474 0.125711 -0.125625 0 0 0 0.0345704 8.45589e-06 4.04075e-06 0 0 0 3.67798e-06
 1.00008 4 -0.737799 -0.333011 3.742 1.35819 -2.67433 0.304366 1.00008 5 -1.08393 -0.544643 3.8468 3.10207 3.85751e-06 -0.115474 0.035974 0.0266147 0 0 0 0.00989286 -1.04097e-09 3.59521e-06 0 0 0 7.21483e-14
 1.00008 4 -0.737799 -0.333011 3.742 1.35819 -2.67433 0.304366 1.00008 5 -1.08393 -0.544643 3.8468 3.10207 3.85751e-06 -0.115474 0.035974 0.0266147 0 0 0 0.00989286 -1.04097e-09 3.59521e-06 0 0 0 7.21483e-14
 1.00009 4 -0.841824 -0.312467 3.92859 1.82577 -2.47202 -0.0302823 1.00009 5 -1.08393 -0.544643 3.8468 3.10207 3.85751e-06 -0.115474 0.0421231 0.0151035 0 0 0 0.0115839 -1.04122e-09 3.59521e-06 0 0 0 -2.59574e-14
 1.00009 4 -0.841824 -0.312467 3.92859 1.82577 -2.47202 -0.0302823 1.00009 5 -1.08393 -0.544643 3.8468 3.10207 3.85751e-06 -0.115474 0.0421231 0.0151035 0 0 0 0.0115839 -1.04122e-09 3.59521e-06 0 0 0 -2.59574e-14
 1.00008 4 -0.92327 -0.297545 3.96809 2.29002 -2.39187 -0.0307713 1.00008 5 -1.08393 -0.544643 3.8468 3.10207 3.85751e-06 -0.115474 0.0446587 0.00284163 0 0 0 0.0122811 -1.04121e-09 3.59521e-06 0 0 0 -1.38802e-14
 1.00008 4 -0.92327 -0.297545 3.96809 2.29002 -2.39187 -0.0307713 1.00008 5 -1.08393 -0.544643 3.8468 3.10207 3.85751e-06 -0.115474 0.0446587 0.00284163 0 0 0 0.0122811 -1.04121e-09 3.59521e-06 0 0 0 -1.38802e-14
 1.00015 4 -0.946506 -0.287704 3.76098 -2.47893 2.00044 0.278438 1.00015 5 -1.08393 -0.544643 3.8468 3.10207 3.85751e-06 -0.115474 0.0435794 -0.0101643 0 0 0 0.0119843 -1.04114e-09 3.59521e-06 0 0 0 2.93496e-14
 1.00015 4 -0.946506 -0.287704 3.76098 -2.47893 2.00044 0.278438 1.00015 5 -1.08393 -0.544643 3.8468 3.10207 3.85751e-06 -0.115474 0.0435794 -0.0101643 0 0 0 0.0119843 -1.04114e-09 3.59521e-06 0 0 0 2.93496e-14
 1.00429 4 -0.942878 -0.286356 3.74322 2.39356 -1.93499 -0.0658352 1.00429 5 -1.08393 -0.544643 3.8468 3.10207 3.85751e-06 -0.115474 0.0149825 -0.00320498 0 0 0 0.00412018 2.73862e-10 1.23095e-06 0 0 0 3.28463e-15
 1.00429 4 -0.942878 -0.286356 3.74322 2.39356 -1.93499 -0.0658352 1.00429 5 -1.08393 -0.544643 3.8468 3.10207 3.85751e-06 -0.115474 0.0149825 -0.00320498 0 0 0 0.00412018 2.73862e-10 1.23095e-06 0 0 0 3.28463e-15
 1.00013 4 -0.92384 -0.288163 3.84576 -1.94038 1.82228 -0.0176154 1.00013 5 -1.08393 -0.544643 3.8468 3.10207 3.85751e-06 -0.115474 0.0153106 -0.00057576 0 0 0 0.00421042 2.73862e-10 1.23095e-06 0 0 0 2.16241e-15
 1.00013 4 -0.92384 -0.288163 3.84576 -1.94038 1.82228 -0.0176154 1.00013 5 -1.08393 -0.544643 3.8468 3.10207 3.85751e-06 -0.115474 0.0153106 -0.00057576 0 0 0 0.00421042 2.73862e-10 1.23095e-06 0 0 0 2.16241e-15
 1.00015 4 -0.905256 -0.297743 3.94517 2.21599 -2.49053 -0.0146656 1.00015 5 -1.08393 -0.544643 3.8468 3.10207 3.85751e-06 -0.115474 0.0151994 0.00192998 0 0 0 0.00417984 2.73856e-10 1.23095e-06 0 0 0 -1.49962e-16
 1.00015 4 -0.905256 -0.297743 3.94517 2.21599 -2.49053 -0.0146656 1.00015 5 -1.08393 -0.544643 3.8468 3.10207 3.85751e-06 -0.115474 0.0151994 0.00192998 0 0 0 0.00417984 2.73856e-10 1.23095e-06 0 0 0 -1.49962e-16
