 1.00006 4 -1.18755 -0.461352 4.58494 2.51941 -1.76466 -0.0667794 1.00006 5 -1.33779 -0.641645 4.70143 2.94502 -0.0506893 0.1368 -1.08859e-28 -3.31784e-28 0 0 0 1.80792e-29 1.74441e-32 -3.82027e-37 0 0 0 -6.84228e-49
 1.00006 4 -1.18755 -0.461352 4.58494 2.51941 -1.76466 -0.0667794 1.00006 5 -1.33779 -0.641645 4.70143 2.94502 -0.0506893 0.1368 -1.08859e-28 -3.31784e-28 0 0 0 1.80792e-29 1.74441e-32 -3.82027e-37 0 0 0 -6.84228e-49
 1.0001 4 -1.18755 -0.461352 4.58494 2.51941 -1.76466 -0.0667794 1.0001 5 -1.33779 -0.641645 4.70143 2.94502 -0.0506893 0.1368 -1.08859e-28 -3.31784e-28 0 0 0 1.80792e-29 1.74441e-32 -3.82027e-37 0 0 0 -6.84228e-49
 1.0001 4 -1.18755 -0.461352 4.58494 2.51941 -1.76466 -0.0667794 1.0001 5 -1.33779 -0.641645 4.70143 2.94502 -0.0506893 0.1368 -1.08859e-28 -3.31784e-28 0 0 0 1.80792e-29 1.74441e-32 -3.82027e-37 0 0 0 -6.84228e-49
 1.00005 4 -1.18755 -0.461352 4.58494 2.51941 -1.76466 -0.0667794 1.00005 5 -1.33779 -0.641645 4.70143 2.94502 -0.0506893 0.1368 -1.08859e-28 -3.31784e-28 0 0 0 1.80792e-29 1.74441e-32 -3.82027e-37 0 0 0 -6.84228e-49
 1.00005 4 -1.18755 -0.461352 4.58494 2.51941 -1.76466 -0.0667794 1.00005 5 -1.33779 -0.641645 4.70143 2.94502 -0.0506893 0.1368 -1.08859e-28 -3.31784e-28 0 0 0 1.80792e-29 1.74441e-32 -3.82027e-37 0 0 0 -6.84228e-49
 1.00014 4 -1.18755 -0.461352 4.58494 2.51941 -1.76466 -0.0667794 1.00014 5 -1.33779 -0.641645 4.70143 2.94502 -0.0506893 0.1368 -1.08859e-28 -3.31784e-28 0 0 0 1.80792e-29 1.74441e-32 -3.82027e-37 0 0 0 -6.84228e-49
 1.00014 4 -1.18755 -0.461352 4.58494 2.51941 -1.76466 -0.0667794 1.00014 5 -1.33779 -0.641645 4.70143 2.94502 -0.0506893 0.1368 -1.08859e-28 -3.31784e-28 0 0 0 1.80792e-29 1.74441e-32 -3.82027e-37 0 0 0 -6.84228e-49
 1.00005 4 -1.18755 -0.461352 4.58494 2.51941 -1.76466 -0.0667794 1.00005 5 -1.33779 -0.641645 4.70143 2.94502 -0.0506893 0.1368 -1.08859e-28 -3.31784e-28 0 0 0 1.80792e-29 1.74441e-32 -3.82027e-37 0 0 0 -6.84228e-49
 1.00005 4 -1.18755 -0.461352 4.58494 2.51941 -1.76466 -0.0667794 1.00005 5 -1.33779 -0.641645 4.70143 2.94502 -0.0506893 0.1368 -1.08859e-28 -3.31784e-28 0 0 0 1.80792e-29 1.74441e-32 -3.82027e-37 0 0 0 -6.84228e-49
 1.00012 4 -1.18755 -0.461352 4.58494 2.51941 -1.76466 -0.0667794 1.00012 5 -1.33779 -0.641645 4.70143 2.94502 -0.0506893 0.1368 -1.08859e-28 -3.31784e-28 0 0 0 1.80792e-29 1.74441e-32 -3.82027e-37 0 0 0 -3.42114e-49
 1.00012 4 -1.18755 -0.461352 4.58494 2.51941 -1.76466 -0.0667794 1.00012 5 -1.33779 -0.641645 4.70143 2.94502 -0.0506893 0.1368 -1.08859e-28 -3.31784e-28 0 0 0 1.80792e-29 1.74441e-32 -3.82027e-37 0 0 0 -3.42114e-49
 1.00006 4 -1.18755 -0.461352 4.58494 2.51941 -1.76466 -0.0667794 1.00006 5 -1.33779 -0.641645 4.70143 2.94502 -0.0506893 0.1368 -1.08859e-28 -3.31784e-28 0 0 0 1.80792e-29 1.74441e-32 -3.82027e-37 0 0 0 -3.42114e-49
 1.00006 4 -1.18755 -0.461352 4.58494 2.51941 -1.76466 -0.0667794 1.00006 5 -1.33779 -0.641645 4.70143 2.94502 -0.0506893 0.1368 -1.08859e-28 -3.31784e-28 0 0 0 1.80792e-29 1.74441e-32 -3.82027e-37 0 0 0 -3.42114e-49
 1.00015 4 -1.18755 -0.461352 4.58494 2.51941 -1.76466 -0.0667794 1.00015 5 -1.33779 -0.641645 4.70143 2.94502 -0.0506893 0.1368 -1.08859e-28 -3.31784e-28 0 0 0 1.80792e-29 1.74441e-32 -3.82027e-37 0 0 0 -3.42114e-49
 1.00015 4 -1.18755 -0.461352 4.58494 2.51941 -1.76466 -0.0667794 1.00015 5 -1.33779 -0.641645 4.70143 2.94502 -0.0506893 0.1368 -1.08859e-28 -3.31784e-28 0 0 0 1.80792e-29 1.74441e-32 -3.82027e-37 0 0 0 -3.42114e-49
 1.0001 4 -1.18755 -0.461352 4.58494 2.51941 -1.76466 -0.0667794 1.0001 5 -1.33779 -0.641645 4.70143 2.94502 -0.0506893 0.1368 -1.08859e-28 -3.31784e-28 0 0 0 1.80792e-29 1.74441e-32 -3.82027e-37 0 0 0 -6.84228e-49
 1.0001 4 -1.18755 -0.461352 4.58494 2.51941 -1.76466 -0.0667794 1.0001 5 -1.33779 -0.641645 4.70143 2.94502 -0.0506893 0.1368 -1.08859e-28 -3.31784e-28 0 0 0 1.80792e-29 1.74441e-32 -3.82027e-37 0 0 0 -6.84228e-49
 1.00212 4 -1.18755 -0.461352 4.58494 2.51941 -1.76466 -0.0667794 1.00212 5 -1.33779 -0.641645 4.70143 2.94502 -0.0506893 0.1368 -1.08859e-28 -3.31784e-28 0 0 0 1.80792e-29 1.74441e-32 -3.82027e-37 0 0 0 -3.42114e-49
 1.00212 4 -1.18755 -0.461352 4.58494 2.51941 -1.76466 -0.0667794 1.00212 5 -1.33779 -0.641645 4.70143 2.94502 -0.0506893 0.1368 -1.08859e-28 -3.31784e-28 0 0 0 1.80792e-29 1.74441e-32 -3.82027e-37 0 0 0 -3.42114e-49
 1.00039 4 -1.18755 -0.461352 4.58494 2.51941 -1.76466 -0.0667794 1.00039 5 -1.33779 -0.641645 4.70143 2.94502 -0.0506893 0.1368 -1.08859e-28 -3.31784e-28 0 0 0 1.80792e-29 1.74441e-32 -3.82027e-37 0 0 0 -6.84228e-49
 1.00039 4 -1.18755 -0.461352 4.58494 2.51941 -1.76466 -0.0667794 1.00039 5 -1.33779 -0.641645 4.70143 2.94502 -0.0506893 0.1368 -1.08859e-28 -3.31784e-28 0 0 0 1.80792e-29 1.74441e-32 -3.82027e-37 0 0 0 -6.84228e-49
 1.00003 4 -1.18755 -0.461352 4.58494 2.51941 -1.76466 -0.0667794 1.00003 5 -1.33779 -0.641645 4.70143 2.94502 -0.0506893 0.1368 -1.08859e-28 -3.31784e-28 0 0 0 1.80792e-29 1.74441e-32 -3.82027e-37 0 0 0 -3.42114e-49
 1.00003 4 -1.18755 -0.461352 4.58494 2.51941 -1.76466 -0.0667794 1.00003 5 -1.33779 -0.641645 4.70143 2.94502 -0.0506893 0.1368 -1.08859e-28 -3.31784e-28 0 0 0 1.80792e-29 1.74441e-32 -3.82027e-37 0 0 0 -3.42114e-49
 1.00007 4 -1.18755 -0.461352 4.58494 2.51941 -1.76466 -0.0667794 1.00007 5 -1.33779 -0.641645 4.70143 2.94502 -0.0506893 0.1368 -1.08859e-28 -3.31784e-28 0 0 0 1.80792e-29 1.74441e-32 -3.82027e-37 0 0 0 -3.42114e-49
 1.00007 4 -1.18755 -0.461352 4.58494 2.51941 -1.76466 -0.0667794 1.00007 5 -1.33779 -0.641645 4.70143 2.94502 -0.0506893 0.1368 -1.08859e-28 -3.31784e-28 0 0 0 1.80792e-29 1.74441e-32 -3.82027e-37 0 0 0 -3.42114e-49
 1.0004 4 -1.18755 -0.461352 4.58494 2.51941 -1.76466 -0.0667794 1.0004 5 -1.33779 -0.641645 4.70143 2.94502 -0.0506893 0.1368 -1.08859e-28 -3.31784e-28 0 0 0 1.80792e-29 1.74441e-32 -3.82027e-37 0 0 0 -6.84228e-49
 1.0004 4 -1.18755 -0.461352 4.58494 2.51941 -1.76466 -0.0667794 1.0004 5 -1.33779 -0.641645 4.70143 2.94502 -0.0506893 0.1368 -1.08859e-28 -3.31784e-28 0 0 0 1.80792e-29 1.74441e-32 -3.82027e-37 0 0 0 -6.84228e-49
 1.00022 4 -1.18755 -0.461352 4.58494 2.51941 -1.76466 -0.0667794 1.00022 5 -1.33779 -0.641645 4.70143 2.94502 -0.0506893 0.1368 -1.08859e-28 -3.31784e-28 0 0 0 1.80792e-29 1.74441e-32 -3.82027e-37 0 0 0 -6.84228e-49
 1.00022 4 -1.18755 -0.461352 4.58494 2.51941 -1.76466 -0.0667794 1.00022 5 -1.33779 -0.641645 4.70143 2.94502 -0.0506893 0.1368 -1.08859e-28 -3.31784e-28 0 0 0 1.80792e-29 1.74441e-32 -3.82027e-37 0 0 0 -6.84228e-49
 1.0001 4 -1.18755 -0.461352 4.58494 2.51941 -1.76466 -0.0667794 1.0001 5 -1.33779 -0.641645 4.70143 2.94502 -0.0506893 0.1368 -1.08859e-28 -3.31784e-28 0 0 0 1.80792e-29 1.74441e-32 -3.82027e-37 0 0 0 -3.42114e-49
 1.0001 4 -1.18755 -0.461352 4.58494 2.51941 -1.76466 -0.0667794 1.0001 5 -1.33779 -0.641645 4.70143 2.94502 -0.0506893 0.1368 -1.08859e-28 -3.31784e-28 0 0 0 1.80792e-29 1.74441e-32 -3.82027e-37 0 0 0 -3.42114e-49
 1.00005 4 -1.16014 -0.431033 4.45927 -1.96198 1.4473 -0.632662 1.00005 5 -1.33779 -0.641645 4.70143 2.94502 -0.0506893 0.1368 -0.294409 -0.904129 0 0 0 0.197887 0.950859 0.309609 0 0 0 1.13423e-10
 1.00005 4 -1.16014 -0.431033 4.45927 -1.96198 1.4473 -0.632662 1.00005 5 -1.33779 -0.641645 4.70143 2.94502 -0.0506893 0.1368 -0.294409 -0.904129 0 0 0 0.197887 0.950859 0.309609 0 0 0 1.13423e-10
 1.00011 4 -1.23884 -0.418794 4.70675 2.44459 -1.86717 -0.0671091 1.00011 5 -1.33779 -0.641645 4.70143 2.94502 -0.0506893 0.1368 3.02024e-09 -1 0 0 0 0.308543 0.950859 0.309625 0 0 0 -9.2204e-14
 1.00011 4 -1.23884 -0.418794 4.70675 2.44459 -1.86717 -0.0671091 1.00011 5 -1.33779 -0.641645 4.70143 2.94502 -0.0506893 0.1368 3.02024e-09 -1 0 0 0 0.308543 0.950859 0.309625 0 0 0 -9.2204e-14
 1.00005 4 -1.23884 -0.418794 4.70675 2.44459 -1.86717 -0.0671091 1.00005 5 -1.33779 -0.641645 4.70143 2.94502 -0.0506893 0.1368 3.21321e-09 -1 0 0 0 0.308543 0.950859 0.309625 0 0 0 2.77556e-17
 1.00005 4 -1.23884 -0.418794 4.70675 2.44459 -1.86717 -0.0671091 1.00005 5 -1.33779 -0.641645 4.70143 2.94502 -0.0506893 0.1368 3.21321e-09 -1 0 0 0 0.308543 0.950859 0.309625 0 0 0 2.77556e-17
 1.00007 4 -1.20037 -0.422906 4.58482 2.52054 -1.76545 -0.0699191 1.00007 5 -1.33779 -0.641645 4.70143 2.94502 -0.0506893 0.1368 0.294407 0.904137 0 0 0 -0.211203 -0.95086 -0.309605 0 0 0 1.12929e-10
 1.00007 4 -1.20037 -0.422906 4.58482 2.52054 -1.76545 -0.0699191 1.00007 5 -1.33779 -0.641645 4.70143 2.94502 -0.0506893 0.1368 0.294407 0.904137 0 0 0 -0.211203 -0.95086 -0.309605 0 0 0 1.12929e-10
 1.00006 4 -1.18755 -0.461352 4.58494 2.51941 -1.76466 -0.0667794 1.00006 5 -1.33779 -0.641645 4.70143 2.94502 -0.0506893 0.1368 2.62599e-09 1 0 0 0 -0.261 -0.95086 -0.309621 0 0 0 -2.77556e-17
 1.00006 4 -1.18755 -0.461352 4.58494 2.51941 -1.76466 -0.0667794 1.00006 5 -1.33779 -0.641645 4.70143 2.94502 -0.0506893 0.1368 2.62599e-09 1 0 0 0 -0.261 -0.95086 -0.309621 0 0 0 -2.77556e-17
 1.00014 4 -1.18755 -0.461352 4.58494 2.51941 -1.76466 -0.0667794 1.00014 5 -1.33779 -0.641645 4.70143 2.94502 -0.0506893 0.1368 2.62599e-09 1 0 0 0 -0.261 -0.95086 -0.309621 0 0 0 -2.77556e-17
 1.00014 4 -1.18755 -0.461352 4.58494 2.51941 -1.76466 -0.0667794 1.00014 5 -1.33779 -0.641645 4.70143 2.94502 -0.0506893 0.1368 2.62599e-09 1 0 0 0 -0.261 -0.95086 -0.309621 0 0 0 -2.77556e-17
 1.00003 4 -1.18755 -0.461352 4.58494 2.51941 -1.76466 -0.0667794 1.00003 5 -1.33779 -0.641645 4.70143 2.94502 -0.0506893 0.1368 1.17977e-12 3.61038e-12 0 0 0 -4.49724e-13 6.54698e-16 -3.55927e-16 0 0 0 3.32788e-18
 1.00003 4 -1.18755 -0.461352 4.58494 2.51941 -1.76466 -0.0667794 1.00003 5 -1.33779 -0.641645 4.70143 2.94502 -0.0506893 0.1368 1.17977e-12 3.61038e-12 0 0 0 -4.49724e-13 6.54698e-16 -3.55927e-16 0 0 0 3.32788e-18
 1.00007 4 -1.18755 -0.461352 4.58494 2.51941 -1.76466 -0.0667794 1.00007 5 -1.33779 -0.641645 4.70143 2.94502 -0.0506893 0.1368 -1.96328e-12 -6.02339e-12 0 0 0 7.04676e-13 4.93714e-16 -5.27808e-16 0 0 0 -3.71654e-17
 1.00007 4 -1.18755 -0.461352 4.58494 2.51941 -1.76466 -0.0667794 1.00007 5 -1.33779 -0.641645 4.70143 2.94502 -0.0506893 0.1368 -1.96328e-12 -6.02339e-12 0 0 0 7.04676e-13 4.93714e-16 -5.27808e-16 0 0 0 -3.71654e-17
 1.00007 4 -1.18755 -0.461352 4.58494 2.51941 -1.76466 -0.0667794 1.00007 5 -1.33779 -0.641645 4.70143 2.94502 -0.0506893 0.1368 -7.48919e-13 -2.18466e-12 0 0 0 2.73652e-13 3.11144e-16 6.99688e-16 0 0 0 5.49263e-18
 1.00007 4 -1.18755 -0.461352 4.58494 2.51941 -1.76466 -0.0667794 1.00007 5 -1.33779 -0.641645 4.70143 2.94502 -0.0506893 0.1368 -7.48919e-13 -2.18466e-12 0 0 0 2.73652e-13 3.11144e-16 6.99688e-16 0 0 0 5.49263e-18
 1.00008 4 -1.18755 -0.461352 4.58494 2.51941 -1.76466 -0.0667794 1.00008 5 -1.33779 -0.641645 4.70143 2.94502 -0.0506893 0.1368 2.65455e-13 7.20475e-13 0 0 0 -9.25903e-14 1.49847e-16 5.27805e-16 0 0 0 -3.70861e-17
 1.00008 4 -1.18755 -0.461352 4.58494 2.51941 -1.76466 -0.0667794 1.00008 5 -1.33779 -0.641645 4.70143 2.94502 -0.0506893 0.1368 2.65455e-13 7.20475e-13 0 0 0 -9.25903e-14 1.49847e-16 5.27805e-16 0 0 0 -3.70861e-17
 1.00009 4 -1.18755 -0.461352 4.58494 2.51941 -1.76466 -0.0667794 1.00009 5 -1.33779 -0.641645 4.70143 2.94502 -0.0506893 0.1368 1.1722e-12 3.58674e-12 0 0 0 -4.19696e-13 4.93733e-16 -5.27808e-16 0 0 0 -3.69355e-17
 1.00009 4 -1.18755 -0.461352 4.58494 2.51941 -1.76466 -0.0667794 1.00009 5 -1.33779 -0.641645 4.70143 2.94502 -0.0506893 0.1368 1.1722e-12 3.58674e-12 0 0 0 -4.19696e-13 4.93733e-16 -5.27808e-16 0 0 0 -3.69355e-17
 1.00007 4 -1.18755 -0.461352 4.58494 2.51941 -1.76466 -0.0667794 1.00007 5 -1.33779 -0.641645 4.70143 2.94502 -0.0506893 0.1368 -7.47133e-13 -2.17896e-12 0 0 0 2.7503e-13 3.1992e-16 6.99688e-16 0 0 0 1.04896e-18
 1.00007 4 -1.18755 -0.461352 4.58494 2.51941 -1.76466 -0.0667794 1.00007 5 -1.33779 -0.641645 4.70143 2.94502 -0.0506893 0.1368 -7.47133e-13 -2.17896e-12 0 0 0 2.7503e-13 3.1992e-16 6.99688e-16 0 0 0 1.04896e-18
 1.00007 4 -1.18755 -0.461352 4.58494 2.51941 -1.76466 -0.0667794 1.00007 5 -1.33779 -0.641645 4.70143 2.94502 -0.0506893 0.1368 2.68253e-13 7.29592e-13 0 0 0 -7.11591e-14 1.49594e-16 5.27806e-16 0 0 0 -3.70913e-17
 1.00007 4 -1.18755 -0.461352 4.58494 2.51941 -1.76466 -0.0667794 1.00007 5 -1.33779 -0.641645 4.70143 2.94502 -0.0506893 0.1368 2.68253e-13 7.29592e-13 0 0 0 -7.11591e-14 1.49594e-16 5.27806e-16 0 0 0 -3.70913e-17
 1.00009 4 -1.18755 -0.461352 4.58494 2.51941 -1.76466 -0.0667794 1.00009 5 -1.33779 -0.641645 4.70143 2.94502 -0.0506893 0.1368 -1.05866e-12 -3.1641e-12 0 0 0 3.66708e-13 -1.8141e-16 -6.99687e-16 0 0 0 -1.93205e-17
 1.00009 4 -1.18755 -0.461352 4.58494 2.51941 -1.76466 -0.0667794 1.00009 5 -1.33779 -0.641645 4.70143 2.94502 -0.0506893 0.1368 -1.05866e-12 -3.1641e-12 0 0 0 3.66708e-13 -1.8141e-16 -6.99687e-16 0 0 0 -1.93205e-17
 1.0001 4 -1.18755 -0.461352 4.58494 2.51941 -1.76466 -0.0667794 1.0001 5 -1.33779 -0.641645 4.70143 2.94502 -0.0506893 0.1368 1.17865e-12 3.60682e-12 0 0 0 -4.50107e-13 3.11007e-16 6.99688e-16 0 0 0 3.30637e-18
 1.0001 4 -1.18755 -0.461352 4.58494 2.51941 -1.76466 -0.0667794 1.0001 5 -1.33779 -0.641645 4.70143 2.94502 -0.0506893 0.1368 1.17865e-12 3.60682e-12 0 0 0 -4.50107e-13 3.11007e-16 6.99688e-16 0 0 0 3.30637e-18
 1.00006 4 -1.18755 -0.461352 4.58494 2.51941 -1.76466 -0.0667794 1.00006 5 -1.33779 -0.641645 4.70143 2.94502 -0.0506893 0.1368 -7.44682e-13 -2.17142e-12 0 0 0 2.75301e-13 -2.31961e-16 -6.9969e-16 0 0 0 -1.56266e-17
 1.00006 4 -1.18755 -0.461352 4.58494 2.51941 -1.76466 -0.0667794 1.00006 5 -1.33779 -0.641645 4.70143 2.94502 -0.0506893 0.1368 -7.44682e-13 -2.17142e-12 0 0 0 2.75301e-13 -2.31961e-16 -6.9969e-16 0 0 0 -1.56266e-17
 1.00013 4 -1.18755 -0.461352 4.58494 2.51941 -1.76466 -0.0667794 1.00013 5 -1.33779 -0.641645 4.70143 2.94502 -0.0506893 0.1368 1.16977e-12 3.5788e-12 0 0 0 -4.43499e-13 -3.64053e-16 5.27809e-16 0 0 0 2.44271e-17
 1.00013 4 -1.18755 -0.461352 4.58494 2.51941 -1.76466 -0.0667794 1.00013 5 -1.33779 -0.641645 4.70143 2.94502 -0.0506893 0.1368 1.16977e-12 3.5788e-12 0 0 0 -4.43499e-13 -3.64053e-16 5.27809e-16 0 0 0 2.44271e-17
 1.00005 4 -1.18755 -0.461352 4.58494 2.51941 -1.76466 -0.0667794 1.00005 5 -1.33779 -0.641645 4.70143 2.94502 -0.0506893 0.1368 2.64722e-13 7.18109e-13 0 0 0 -9.24532e-14 -3.63914e-16 5.27809e-16 0 0 0 2.20568e-17
 1.00005 4 -1.18755 -0.461352 4.58494 2.51941 -1.76466 -0.0667794 1.00005 5 -1.33779 -0.641645 4.70143 2.94502 -0.0506893 0.1368 2.64722e-13 7.18109e-13 0 0 0 -9.24532e-14 -3.63914e-16 5.27809e-16 0 0 0 2.20568e-17
 1.00011 4 -1.18755 -0.461352 4.58494 2.51941 -1.76466 -0.0667794 1.00011 5 -1.33779 -0.641645 4.70143 2.94502 -0.0506893 0.1368 2.66509e-13 7.24324e-13 0 0 0 -7.06824e-14 6.55013e-16 -3.55926e-16 0 0 0 3.27155e-18
 1.00011 4 -1.18755 -0.461352 4.58494 2.51941 -1.76466 -0.0667794 1.00011 5 -1.33779 -0.641645 4.70143 2.94502 -0.0506893 0.1368 2.66509e-13 7.24324e-13 0 0 0 -7.06824e-14 6.55013e-16 -3.55926e-16 0 0 0 3.27155e-18
 1.00011 4 -1.18755 -0.461352 4.58494 2.51941 -1.76466 -0.0667794 1.00011 5 -1.33779 -0.641645 4.70143 2.94502 -0.0506893 0.1368 -1.30291e-14 -1.60022e-13 0 0 0 -1.01089e-14 1.72155e-16 -5.27789e-16 0 0 0 2.14292e-18
 1.00011 4 -1.18755 -0.461352 4.58494 2.51941 -1.76466 -0.0667794 1.00011 5 -1.33779 -0.641645 4.70143 2.94502 -0.0506893 0.1368 -1.30291e-14 -1.60022e-13 0 0 0 -1.01089e-14 1.72155e-16 -5.27789e-16 0 0 0 2.14292e-18
 1.00005 4 -1.18755 -0.461352 4.58494 2.51941 -1.76466 -0.0667794 1.00005 5 -1.33779 -0.641645 4.70143 2.94502 -0.0506893 0.1368 2.55637e-13 6.89839e-13 0 0 0 -7.99727e-14 3.12879e-16 6.99687e-16 0 0 0 4.3619e-18
 1.00005 4 -1.18755 -0.461352 4.58494 2.51941 -1.76466 -0.0667794 1.00005 5 -1.33779 -0.641645 4.70143 2.94502 -0.0506893 0.1368 2.55637e-13 6.89839e-13 0 0 0 -7.99727e-14 3.12879e-16 6.99687e-16 0 0 0 4.3619e-18
 1.00007 4 -1.2213 -0.467033 4.70673 2.44334 -1.86621 -0.0631114 1.00007 5 -1.33779 -0.641645 4.70143 2.94502 -0.0506893 0.1368 -0.294409 -0.90413 0 0 0 0.186201 0.950859 0.309609 0 0 0 1.13096e-10
 1.00007 4 -1.2213 -0.467033 4.70673 2.44334 -1.86621 -0.0631114 1.00007 5 -1.33779 -0.641645 4.70143 2.94502 -0.0506893 0.1368 -0.294409 -0.90413 0 0 0 0.186201 0.950859 0.309609 0 0 0 1.13096e-10
 1.00009 4 -1.23884 -0.418794 4.70675 2.44459 -1.86717 -0.0671091 1.00009 5 -1.33779 -0.641645 4.70143 2.94502 -0.0506893 0.1368 -0.294409 -0.904129 0 0 0 0.227528 0.950859 0.309609 0 0 0 1.134e-10
 1.00009 4 -1.23884 -0.418794 4.70675 2.44459 -1.86717 -0.0671091 1.00009 5 -1.33779 -0.641645 4.70143 2.94502 -0.0506893 0.1368 -0.294409 -0.904129 0 0 0 0.227528 0.950859 0.309609 0 0 0 1.134e-10
 1.0001 4 -1.23884 -0.418794 4.70675 2.44459 -1.86717 -0.0671091 1.0001 5 -1.33779 -0.641645 4.70143 2.94502 -0.0506893 0.1368 3.19464e-09 -1 0 0 0 0.308543 0.950859 0.309625 0 0 0 8.32667e-17
 1.0001 4 -1.23884 -0.418794 4.70675 2.44459 -1.86717 -0.0671091 1.0001 5 -1.33779 -0.641645 4.70143 2.94502 -0.0506893 0.1368 3.19464e-09 -1 0 0 0 0.308543 0.950859 0.309625 0 0 0 8.32667e-17
 1.00005 4 -1.20464 -0.410091 4.58481 2.52092 -1.76572 -0.0709585 1.00005 5 -1.33779 -0.641645 4.70143 2.94502 -0.0506893 0.1368 0.294407 0.904138 0 0 0 -0.222918 -0.95086 -0.309605 0 0 0 1.13199e-10
 1.00005 4 -1.20464 -0.410091 4.58481 2.52092 -1.76572 -0.0709585 1.00005 5 -1.33779 -0.641645 4.70143 2.94502 -0.0506893 0.1368 0.294407 0.904138 0 0 0 -0.222918 -0.95086 -0.309605 0 0 0 1.13199e-10
 1.00007 4 -1.18755 -0.461352 4.58494 2.51941 -1.76466 -0.0667794 1.00007 5 -1.33779 -0.641645 4.70143 2.94502 -0.0506893 0.1368 2.62553e-09 1 0 0 0 -0.261 -0.95086 -0.309621 0 0 0 -3.10862e-15
 1.00007 4 -1.18755 -0.461352 4.58494 2.51941 -1.76466 -0.0667794 1.00007 5 -1.33779 -0.641645 4.70143 2.94502 -0.0506893 0.1368 2.62553e-09 1 0 0 0 -0.261 -0.95086 -0.309621 0 0 0 -3.10862e-15
 1.00296 4 -1.18755 -0.461352 4.58494 2.51941 -1.76466 -0.0667794 1.00296 5 -1.33779 -0.641645 4.70143 2.94502 -0.0506893 0.1368 2.62599e-09 1 0 0 0 -0.261 -0.95086 -0.309621 0 0 0 0
 1.00296 4 -1.18755 -0.461352 4.58494 2.51941 -1.76466 -0.0667794 1.00296 5 -1.33779 -0.641645 4.70143 2.94502 -0.0506893 0.1368 2.62599e-09 1 0 0 0 -0.261 -0.95086 -0.309621 0 0 0 0
 1.00009 4 -1.18755 -0.461352 4.58494 2.51941 -1.76466 -0.0667794 1.00009 5 -1.33779 -0.641645 4.70143 2.94502 -0.0506893 0.1368 6.74058e-12 1.54503e-11 0 0 0 -1.01819e-12 -9.65242e-16 5.27929e-16 0 0 0 5.23343e-17
 1.00009 4 -1.18755 -0.461352 4.58494 2.51941 -1.76466 -0.0667794 1.00009 5 -1.33779 -0.641645 4.70143 2.94502 -0.0506893 0.1368 6.74058e-12 1.54503e-11 0 0 0 -1.01819e-12 -9.65242e-16 5.27929e-16 0 0 0 5.23343e-17
 1.0001 4 -1.18755 -0.461352 4.58494 2.51941 -1.76466 -0.0667794 1.0001 5 -1.33779 -0.641645 4.70143 2.94502 -0.0506893 0.1368 -7.19569e-12 -1.68271e-11 0 0 0 1.01183e-12 1.03793e-15 -5.27933e-16 0 0 0 -4.38831e-17
 1.0001 4 -1.18755 -0.461352 4.58494 2.51941 -1.76466 -0.0667794 1.0001 5 -1.33779 -0.641645 4.70143 2.94502 -0.0506893 0.1368 -7.19569e-12 -1.68271e-11 0 0 0 1.01183e-12 1.03793e-15 -5.27933e-16 0 0 0 -4.38831e-17
 1.00007 4 -1.18755 -0.461352 4.58494 2.51941 -1.76466 -0.0667794 1.00007 5 -1.33779 -0.641645 4.70143 2.94502 -0.0506893 0.1368 6.67451e-12 1.52441e-11 0 0 0 -7.87961e-13 1.07208e-15 -5.27929e-16 0 0 0 -4.13392e-17
 1.00007 4 -1.18755 -0.461352 4.58494 2.51941 -1.76466 -0.0667794 1.00007 5 -1.33779 -0.641645 4.70143 2.94502 -0.0506893 0.1368 6.67451e-12 1.52441e-11 0 0 0 -7.87961e-13 1.07208e-15 -5.27929e-16 0 0 0 -4.13392e-17
 1.00008 4 -1.22108 -0.462852 4.69756 2.42045 -1.7638 0.16657 1.00008 5 -1.33779 -0.641645 4.70143 2.94502 -0.0506893 0.1368 -0.294409 -0.90413 0 0 0 0.190426 0.950859 0.309609 0 0 0 1.13238e-10
 1.00008 4 -1.22108 -0.462852 4.69756 2.42045 -1.7638 0.16657 1.00008 5 -1.33779 -0.641645 4.70143 2.94502 -0.0506893 0.1368 -0.294409 -0.90413 0 0 0 0.190426 0.950859 0.309609 0 0 0 1.13238e-10
 1.0001 4 -1.23884 -0.418794 4.70675 2.44459 -1.86717 -0.0671091 1.0001 5 -1.33779 -0.641645 4.70143 2.94502 -0.0506893 0.1368 -4.44901e-05 -1.00005 0 0 0 0.308646 0.950859 0.309625 0 0 0 -1.04095e-08
 1.0001 4 -1.23884 -0.418794 4.70675 2.44459 -1.86717 -0.0671091 1.0001 5 -1.33779 -0.641645 4.70143 2.94502 -0.0506893 0.1368 -4.44901e-05 -1.00005 0 0 0 0.308646 0.950859 0.309625 0 0 0 -1.04095e-08
 1.00005 4 -1.23884 -0.418794 4.70675 2.44459 -1.86717 -0.0671091 1.00005 5 -1.33779 -0.641645 4.70143 2.94502 -0.0506893 0.1368 3.19464e-09 -1 0 0 0 0.308543 0.950859 0.309625 0 0 0 8.32667e-17
 1.00005 4 -1.23884 -0.418794 4.70675 2.44459 -1.86717 -0.0671091 1.00005 5 -1.33779 -0.641645 4.70143 2.94502 -0.0506893 0.1368 3.19464e-09 -1 0 0 0 0.308543 0.950859 0.309625 0 0 0 8.32667e-17
 1.00009 4 -1.20184 -0.414135 4.58255 -2.12751 1.4908 -0.495602 1.00009 5 -1.33779 -0.641645 4.70143 2.94502 -0.0506893 0.1368 0.294407 0.904137 0 0 0 -0.217791 -0.95086 -0.309605 0 0 0 1.13122e-10
 1.00009 4 -1.20184 -0.414135 4.58255 -2.12751 1.4908 -0.495602 1.00009 5 -1.33779 -0.641645 4.70143 2.94502 -0.0506893 0.1368 0.294407 0.904137 0 0 0 -0.217791 -0.95086 -0.309605 0 0 0 1.13122e-10
 1.00007 4 -1.18755 -0.461352 4.58494 2.51941 -1.76466 -0.0667794 1.00007 5 -1.33779 -0.641645 4.70143 2.94502 -0.0506893 0.1368 2.62599e-09 1 0 0 0 -0.261 -0.95086 -0.309621 0 0 0 -2.77556e-17
 1.00007 4 -1.18755 -0.461352 4.58494 2.51941 -1.76466 -0.0667794 1.00007 5 -1.33779 -0.641645 4.70143 2.94502 -0.0506893 0.1368 2.62599e-09 1 0 0 0 -0.261 -0.95086 -0.309621 0 0 0 -2.77556e-17
 1.00023 4 -1.18755 -0.461352 4.58494 2.51941 -1.76466 -0.0667794 1.00023 5 -1.33779 -0.641645 4.70143 2.94502 -0.0506893 0.1368 2.62599e-09 1 0 0 0 -0.261 -0.95086 -0.309621 0 0 0 0
 1.00023 4 -1.18755 -0.461352 4.58494 2.51941 -1.76466 -0.0667794 1.00023 5 -1.33779 -0.641645 4.70143 2.94502 -0.0506893 0.1368 2.62599e-09 1 0 0 0 -0.261 -0.95086 -0.309621 0 0 0 0
 1.00004 4 -1.18755 -0.461352 4.58494 2.51941 -1.76466 -0.0667794 1.00004 5 -1.33779 -0.641645 4.70143 2.94502 -0.0506893 0.1368 -7.41169e-12 -1.75106e-11 0 0 0 1.02209e-12 1.07221e-15 -5.27929e-16 0 0 0 -4.12112e-17
 1.00004 4 -1.18755 -0.461352 4.58494 2.51941 -1.76466 -0.0667794 1.00004 5 -1.33779 -0.641645 4.70143 2.94502 -0.0506893 0.1368 -7.41169e-12 -1.75106e-11 0 0 0 1.02209e-12 1.07221e-15 -5.27929e-16 0 0 0 -4.12112e-17
 1.00007 4 -1.18755 -0.461352 4.58494 2.51941 -1.76466 -0.0667794 1.00007 5 -1.33779 -0.641645 4.70143 2.94502 -0.0506893 0.1368 -7.41783e-12 -1.75299e-11 0 0 0 1.04371e-12 1.07344e-15 -5.27929e-16 0 0 0 -4.31876e-17
 1.00007 4 -1.18755 -0.461352 4.58494 2.51941 -1.76466 -0.0667794 1.00007 5 -1.33779 -0.641645 4.70143 2.94502 -0.0506893 0.1368 -7.41783e-12 -1.75299e-11 0 0 0 1.04371e-12 1.07344e-15 -5.27929e-16 0 0 0 -4.31876e-17
 1.0001 4 -1.18755 -0.461352 4.58494 2.51941 -1.76466 -0.0667794 1.0001 5 -1.33779 -0.641645 4.70143 2.94502 -0.0506893 0.1368 -7.50326e-12 -1.77997e-11 0 0 0 1.103e-12 -9.51651e-16 5.27929e-16 0 0 0 2.9749e-17
 1.0001 4 -1.18755 -0.461352 4.58494 2.51941 -1.76466 -0.0667794 1.0001 5 -1.33779 -0.641645 4.70143 2.94502 -0.0506893 0.1368 -7.50326e-12 -1.77997e-11 0 0 0 1.103e-12 -9.51651e-16 5.27929e-16 0 0 0 2.9749e-17
 1.00009 4 -1.26446 -0.488515 4.87755 -2.38538 1.79889 -0.182794 1.00009 5 -1.33779 -0.641645 4.70143 2.94502 -0.0506893 0.1368 -0.294409 -0.90413 0 0 0 0.183393 0.950859 0.309609 0 0 0 1.1294e-10
 1.00009 4 -1.26446 -0.488515 4.87755 -2.38538 1.79889 -0.182794 1.00009 5 -1.33779 -0.641645 4.70143 2.94502 -0.0506893 0.1368 -0.294409 -0.90413 0 0 0 0.183393 0.950859 0.309609 0 0 0 1.1294e-10
 1.00004 4 -1.23884 -0.418794 4.70675 2.44459 -1.86717 -0.0671091 1.00004 5 -1.33779 -0.641645 4.70143 2.94502 -0.0506893 0.1368 2.99782e-09 -1 0 0 0 0.308543 0.950859 0.309625 0 0 0 9.3231e-14
 1.00004 4 -1.23884 -0.418794 4.70675 2.44459 -1.86717 -0.0671091 1.00004 5 -1.33779 -0.641645 4.70143 2.94502 -0.0506893 0.1368 2.99782e-09 -1 0 0 0 0.308543 0.950859 0.309625 0 0 0 9.3231e-14
 1.00007 4 -1.23884 -0.418794 4.70675 2.44459 -1.86717 -0.0671091 1.00007 5 -1.33779 -0.641645 4.70143 2.94502 -0.0506893 0.1368 3.21321e-09 -1 0 0 0 0.308543 0.950859 0.309625 0 0 0 2.77556e-17
 1.00007 4 -1.23884 -0.418794 4.70675 2.44459 -1.86717 -0.0671091 1.00007 5 -1.33779 -0.641645 4.70143 2.94502 -0.0506893 0.1368 3.21321e-09 -1 0 0 0 0.308543 0.950859 0.309625 0 0 0 2.77556e-17
 1.00006 4 -1.23884 -0.418794 4.70675 2.44459 -1.86717 -0.0671091 1.00006 5 -1.33779 -0.641645 4.70143 2.94502 -0.0506893 0.1368 0.294407 0.904138 0 0 0 -0.224251 -0.95086 -0.309605 0 0 0 1.13562e-10
 1.00006 4 -1.23884 -0.418794 4.70675 2.44459 -1.86717 -0.0671091 1.00006 5 -1.33779 -0.641645 4.70143 2.94502 -0.0506893 0.1368 0.294407 0.904138 0 0 0 -0.224251 -0.95086 -0.309605 0 0 0 1.13562e-10
 1.00007 4 -1.18755 -0.461352 4.58494 2.51941 -1.76466 -0.0667794 1.00007 5 -1.33779 -0.641645 4.70143 2.94502 -0.0506893 0.1368 3.11632e-09 1 0 0 0 -0.261 -0.95086 -0.309621 0 0 0 3.81889e-13
 1.00007 4 -1.18755 -0.461352 4.58494 2.51941 -1.76466 -0.0667794 1.00007 5 -1.33779 -0.641645 4.70143 2.94502 -0.0506893 0.1368 3.11632e-09 1 0 0 0 -0.261 -0.95086 -0.309621 0 0 0 3.81889e-13
 1.00015 4 -1.18755 -0.461352 4.58494 2.51941 -1.76466 -0.0667794 1.00015 5 -1.33779 -0.641645 4.70143 2.94502 -0.0506893 0.1368 2.62599e-09 1 0 0 0 -0.261 -0.95086 -0.309621 0 0 0 -2.77556e-17
 1.00015 4 -1.18755 -0.461352 4.58494 2.51941 -1.76466 -0.0667794 1.00015 5 -1.33779 -0.641645 4.70143 2.94502 -0.0506893 0.1368 2.62599e-09 1 0 0 0 -0.261 -0.95086 -0.309621 0 0 0 -2.77556e-17
 1.00004 4 -1.18755 -0.461352 4.58494 2.51941 -1.76466 -0.0667794 1.00004 5 -1.33779 -0.641645 4.70143 2.94502 -0.0506893 0.1368 1.68449e-11 4.92267e-11 0 0 0 -1.44398e-10 -4.17782e-15 8.6031e-17 0 0 0 1.42189e-14
 1.00004 4 -1.18755 -0.461352 4.58494 2.51941 -1.76466 -0.0667794 1.00004 5 -1.33779 -0.641645 4.70143 2.94502 -0.0506893 0.1368 1.68449e-11 4.92267e-11 0 0 0 -1.44398e-10 -4.17782e-15 8.6031e-17 0 0 0 1.42189e-14
 1.0002 4 -1.18755 -0.461352 4.58494 2.51941 -1.76466 -0.0667794 1.0002 5 -1.33779 -0.641645 4.70143 2.94502 -0.0506893 0.1368 7.84081e-12 1.89309e-11 0 0 0 -1.19963e-12 -1.14161e-15 5.27915e-16 0 0 0 5.17613e-17
 1.0002 4 -1.18755 -0.461352 4.58494 2.51941 -1.76466 -0.0667794 1.0002 5 -1.33779 -0.641645 4.70143 2.94502 -0.0506893 0.1368 7.84081e-12 1.89309e-11 0 0 0 -1.19963e-12 -1.14161e-15 5.27915e-16 0 0 0 5.17613e-17
 1.00003 4 -1.18755 -0.461352 4.58494 2.51941 -1.76466 -0.0667794 1.00003 5 -1.33779 -0.641645 4.70143 2.94502 -0.0506893 0.1368 6.62038e-12 1.50733e-11 0 0 0 -7.40996e-13 -9.42654e-16 5.27931e-16 0 0 0 2.64701e-17
 1.00003 4 -1.18755 -0.461352 4.58494 2.51941 -1.76466 -0.0667794 1.00003 5 -1.33779 -0.641645 4.70143 2.94502 -0.0506893 0.1368 6.62038e-12 1.50733e-11 0 0 0 -7.40996e-13 -9.42654e-16 5.27931e-16 0 0 0 2.64701e-17
 1.00009 4 -1.22108 -0.462852 4.69756 2.42045 -1.7638 0.16657 1.00009 5 -1.33779 -0.641645 4.70143 2.94502 -0.0506893 0.1368 -0.294409 -0.90413 0 0 0 0.191094 0.950859 0.309609 0 0 0 1.13242e-10
 1.00009 4 -1.22108 -0.462852 4.69756 2.42045 -1.7638 0.16657 1.00009 5 -1.33779 -0.641645 4.70143 2.94502 -0.0506893 0.1368 -0.294409 -0.90413 0 0 0 0.191094 0.950859 0.309609 0 0 0 1.13242e-10
 1.00008 4 -1.23884 -0.418794 4.70675 2.44459 -1.86717 -0.0671091 1.00008 5 -1.33779 -0.641645 4.70143 2.94502 -0.0506893 0.1368 -1.94213e-06 -1.00001 0 0 0 0.308551 0.950859 0.309625 0 0 0 -7.89869e-10
 1.00008 4 -1.23884 -0.418794 4.70675 2.44459 -1.86717 -0.0671091 1.00008 5 -1.33779 -0.641645 4.70143 2.94502 -0.0506893 0.1368 -1.94213e-06 -1.00001 0 0 0 0.308551 0.950859 0.309625 0 0 0 -7.89869e-10
 1.00016 4 -1.23884 -0.418794 4.70675 2.44459 -1.86717 -0.0671091 1.00016 5 -1.33779 -0.641645 4.70143 2.94502 -0.0506893 0.1368 3.21321e-09 -1 0 0 0 0.308543 0.950859 0.309625 0 0 0 2.77556e-17
 1.00016 4 -1.23884 -0.418794 4.70675 2.44459 -1.86717 -0.0671091 1.00016 5 -1.33779 -0.641645 4.70143 2.94502 -0.0506893 0.1368 3.21321e-09 -1 0 0 0 0.308543 0.950859 0.309625 0 0 0 2.77556e-17
 1.00006 4 -1.18755 -0.461352 4.58494 2.51941 -1.76466 -0.0667794 1.00006 5 -1.33779 -0.641645 4.70143 2.94502 -0.0506893 0.1368 2.65197e-09 1 0 0 0 -0.261 -0.95086 -0.309621 0 0 0 2.02616e-15
 1.00006 4 -1.18755 -0.461352 4.58494 2.51941 -1.76466 -0.0667794 1.00006 5 -1.33779 -0.641645 4.70143 2.94502 -0.0506893 0.1368 2.65197e-09 1 0 0 0 -0.261 -0.95086 -0.309621 0 0 0 2.02616e-15
 1.00017 4 -1.18755 -0.461352 4.58494 2.51941 -1.76466 -0.0667794 1.00017 5 -1.33779 -0.641645 4.70143 2.94502 -0.0506893 0.1368 2.60002e-09 1 0 0 0 -0.261 -0.95086 -0.309621 0 0 0 -2.16493e-15
 1.00017 4 -1.18755 -0.461352 4.58494 2.51941 -1.76466 -0.0667794 1.00017 5 -1.33779 -0.641645 4.70143 2.94502 -0.0506893 0.1368 2.60002e-09 1 0 0 0 -0.261 -0.95086 -0.309621 0 0 0 -2.16493e-15
 1.00007 4 -1.18755 -0.461352 4.58494 2.51941 -1.76466 -0.0667794 1.00007 5 -1.33779 -0.641645 4.70143 2.94502 -0.0506893 0.1368 6.63253e-12 1.51108e-11 0 0 0 -8.11904e-13 -7.73618e-16 1.23435e-19 0 0 0 3.34225e-17
 1.00007 4 -1.18755 -0.461352 4.58494 2.51941 -1.76466 -0.0667794 1.00007 5 -1.33779 -0.641645 4.70143 2.94502 -0.0506893 0.1368 6.63253e-12 1.51108e-11 0 0 0 -8.11904e-13 -7.73618e-16 1.23435e-19 0 0 0 3.34225e-17
 1.00008 4 -1.2213 -0.471418 4.70687 2.44322 -1.86612 -0.0628226 1.00008 5 -1.33779 -0.641645 4.70143 2.94502 -0.0506893 0.1368 -0.294409 -0.90413 0 0 0 0.182329 0.950859 0.309609 0 0 0 1.10553e-10
 1.00008 4 -1.2213 -0.471418 4.70687 2.44322 -1.86612 -0.0628226 1.00008 5 -1.33779 -0.641645 4.70143 2.94502 -0.0506893 0.1368 -0.294409 -0.90413 0 0 0 0.182329 0.950859 0.309609 0 0 0 1.10553e-10
 1.00014 4 -1.23884 -0.418794 4.70675 2.44459 -1.86717 -0.0671091 1.00014 5 -1.33779 -0.641645 4.70143 2.94502 -0.0506893 0.1368 -0.294409 -0.904129 0 0 0 0.227336 0.950859 0.309609 0 0 0 9.97646e-11
 1.00014 4 -1.23884 -0.418794 4.70675 2.44459 -1.86717 -0.0671091 1.00014 5 -1.33779 -0.641645 4.70143 2.94502 -0.0506893 0.1368 -0.294409 -0.904129 0 0 0 0.227336 0.950859 0.309609 0 0 0 9.97646e-11
 1.00014 4 -1.23884 -0.418794 4.70675 2.44459 -1.86717 -0.0671091 1.00014 5 -1.33779 -0.641645 4.70143 2.94502 -0.0506893 0.1368 3.21321e-09 -1 0 0 0 0.308543 0.950859 0.309625 0 0 0 -2.77556e-17
 1.00014 4 -1.23884 -0.418794 4.70675 2.44459 -1.86717 -0.0671091 1.00014 5 -1.33779 -0.641645 4.70143 2.94502 -0.0506893 0.1368 3.21321e-09 -1 0 0 0 0.308543 0.950859 0.309625 0 0 0 -2.77556e-17
 1.00005 4 -1.23884 -0.418794 4.70675 2.44459 -1.86717 -0.0671091 1.00005 5 -1.33779 -0.641645 4.70143 2.94502 -0.0506893 0.1368 0.294407 0.904138 0 0 0 -0.225386 -0.95086 -0.309605 0 0 0 1.14427e-10
 1.00005 4 -1.23884 -0.418794 4.70675 2.44459 -1.86717 -0.0671091 1.00005 5 -1.33779 -0.641645 4.70143 2.94502 -0.0506893 0.1368 0.294407 0.904138 0 0 0 -0.225386 -0.95086 -0.309605 0 0 0 1.14427e-10
 1.00019 4 -1.18755 -0.461352 4.58494 2.51941 -1.76466 -0.0667794 1.00019 5 -1.33779 -0.641645 4.70143 2.94502 -0.0506893 0.1368 7.40811e-08 1 0 0 0 -0.261001 -0.95086 -0.309621 0 0 0 5.39973e-11
 1.00019 4 -1.18755 -0.461352 4.58494 2.51941 -1.76466 -0.0667794 1.00019 5 -1.33779 -0.641645 4.70143 2.94502 -0.0506893 0.1368 7.40811e-08 1 0 0 0 -0.261001 -0.95086 -0.309621 0 0 0 5.39973e-11
 1.00009 4 -1.18755 -0.461352 4.58494 2.51941 -1.76466 -0.0667794 1.00009 5 -1.33779 -0.641645 4.70143 2.94502 -0.0506893 0.1368 2.62599e-09 1 0 0 0 -0.261 -0.95086 -0.309621 0 0 0 0
 1.00009 4 -1.18755 -0.461352 4.58494 2.51941 -1.76466 -0.0667794 1.00009 5 -1.33779 -0.641645 4.70143 2.94502 -0.0506893 0.1368 2.62599e-09 1 0 0 0 -0.261 -0.95086 -0.309621 0 0 0 0
 1.00068 4 -1.18755 -0.461352 4.58494 2.51941 -1.76466 -0.0667794 1.00068 5 -1.33779 -0.641645 4.70143 2.94502 -0.0506893 0.1368 -5.14551e-09 -1.58508e-08 0 0 0 3.76523e-08 5.66205e-14 -1.4518e-15 0 0 0 -1.56041e-13
 1.00068 4 -1.18755 -0.461352 4.58494 2.51941 -1.76466 -0.0667794 1.00068 5 -1.33779 -0.641645 4.70143 2.94502 -0.0506893 0.1368 -5.14551e-09 -1.58508e-08 0 0 0 3.76523e-08 5.66205e-14 -1.4518e-15 0 0 0 -1.56041e-13
