 1.00006 4 -0.947031 -0.371264 3.76552 2.49377 -1.79671 -0.071475 1.00006 5 -1.08393 -0.544643 3.8468 3.10207 3.85751e-06 -0.115474 -1.62999e-33 -5.0064e-33 0 0 0 -4.48246e-34 2.52033e-37 -3.49274e-42 0 0 0 7.2116e-38
 1.00006 4 -0.947031 -0.371264 3.76552 2.49377 -1.79671 -0.071475 1.00006 5 -1.08393 -0.544643 3.8468 3.10207 3.85751e-06 -0.115474 -1.62999e-33 -5.0064e-33 0 0 0 -4.48246e-34 2.52033e-37 -3.49274e-42 0 0 0 7.2116e-38
 1.00007 4 -0.947031 -0.371264 3.76552 2.49377 -1.79671 -0.071475 1.00007 5 -1.08393 -0.544643 3.8468 3.10207 3.85751e-06 -0.115474 -1.63598e-33 -5.00555e-33 0 0 0 -4.49894e-34 2.52997e-37 -3.49037e-42 0 0 0 7.21303e-38
 1.00007 4 -0.947031 -0.371264 3.76552 2.49377 -1.79671 -0.071475 1.00007 5 -1.08393 -0.544643 3.8468 3.10207 3.85751e-06 -0.115474 -1.63598e-33 -5.00555e-33 0 0 0 -4.49894e-34 2.52997e-37 -3.49037e-42 0 0 0 7.21303e-38
 1.00018 4 -0.947031 -0.371264 3.76552 2.49377 -1.79671 -0.071475 1.00018 5 -1.08393 -0.544643 3.8468 3.10207 3.85751e-06 -0.115474 -1.62999e-33 -5.0064e-33 0 0 0 -4.48246e-34 2.52033e-37 -3.49274e-42 0 0 0 7.2116e-38
 1.00018 4 -0.947031 -0.371264 3.76552 2.49377 -1.79671 -0.071475 1.00018 5 -1.08393 -0.544643 3.8468 3.10207 3.85751e-06 -0.115474 -1.62999e-33 -5.0064e-33 0 0 0 -4.48246e-34 2.52033e-37 -3.49274e-42 0 0 0 7.2116e-38
 1.00007 4 -0.947031 -0.371264 3.76552 2.49377 -1.79671 -0.071475 1.00007 5 -1.08393 -0.544643 3.8468 3.10207 3.85751e-06 -0.115474 -1.63598e-33 -5.00555e-33 0 0 0 -4.49894e-34 2.52033e-37 -3.49274e-42 0 0 0 7.2116e-38
 1.00007 4 -0.947031 -0.371264 3.76552 2.49377 -1.79671 -0.071475 1.00007 5 -1.08393 -0.544643 3.8468 3.10207 3.85751e-06 -0.115474 -1.63598e-33 -5.00555e-33 0 0 0 -4.49894e-34 2.52033e-37 -3.49274e-42 0 0 0 7.2116e-38
 1.00008 4 -0.947031 -0.371264 3.76552 2.49377 -1.79671 -0.071475 1.00008 5 -1.08393 -0.544643 3.8468 3.10207 3.85751e-06 -0.115474 -1.62999e-33 -5.0064e-33 0 0 0 -4.48246e-34 2.52033e-37 -3.49274e-42 0 0 0 7.2116e-38
 1.00008 4 -0.947031 -0.371264 3.76552 2.49377 -1.79671 -0.071475 1.00008 5 -1.08393 -0.544643 3.8468 3.10207 3.85751e-06 -0.115474 -1.62999e-33 -5.0064e-33 0 0 0 -4.48246e-34 2.52033e-37 -3.49274e-42 0 0 0 7.2116e-38
 1.0001 4 -0.947031 -0.371264 3.76552 2.49377 -1.79671 -0.071475 1.0001 5 -1.08393 -0.544643 3.8468 3.10207 3.85751e-06 -0.115474 -1.63598e-33 -5.00555e-33 0 0 0 -4.49894e-34 2.52997e-37 -3.49037e-42 0 0 0 7.21303e-38
 1.0001 4 -0.947031 -0.371264 3.76552 2.49377 -1.79671 -0.071475 1.0001 5 -1.08393 -0.544643 3.8468 3.10207 3.85751e-06 -0.115474 -1.63598e-33 -5.00555e-33 0 0 0 -4.49894e-34 2.52997e-37 -3.49037e-42 0 0 0 7.21303e-38
 1.00006 4 -0.947031 -0.371264 3.76552 2.49377 -1.79671 -0.071475 1.00006 5 -1.08393 -0.544643 3.8468 3.10207 3.85751e-06 -0.115474 -1.63598e-33 -5.00555e-33 0 0 0 -4.49894e-34 2.52997e-37 -3.49037e-42 0 0 0 7.21303e-38
 1.00006 4 -0.947031 -0.371264 3.76552 2.49377 -1.79671 -0.071475 1.00006 5 -1.08393 -0.544643 3.8468 3.10207 3.85751e-06 -0.115474 -1.63598e-33 -5.00555e-33 0 0 0 -4.49894e-34 2.52997e-37 -3.49037e-42 0 0 0 7.21303e-38
 1.00008 4 -0.947031 -0.371264 3.76552 2.49377 -1.79671 -0.071475 1.00008 5 -1.08393 -0.544643 3.8468 3.10207 3.85751e-06 -0.115474 -1.62999e-33 -5.0064e-33 0 0 0 -4.48246e-34 2.52033e-37 -3.49274e-42 0 0 0 7.2116e-38
 1.00008 4 -0.947031 -0.371264 3.76552 2.49377 -1.79671 -0.071475 1.00008 5 -1.08393 -0.544643 3.8468 3.10207 3.85751e-06 -0.115474 -1.62999e-33 -5.0064e-33 0 0 0 -4.48246e-34 2.52033e-37 -3.49274e-42 0 0 0 7.2116e-38
 1.0001 4 -0.947031 -0.371264 3.76552 2.49377 -1.79671 -0.071475 1.0001 5 -1.08393 -0.544643 3.8468 3.10207 3.85751e-06 -0.115474 -1.63598e-33 -5.00555e-33 0 0 0 -4.49894e-34 2.52997e-37 -3.49037e-42 0 0 0 7.21303e-38
 1.0001 4 -0.947031 -0.371264 3.76552 2.49377 -1.79671 -0.071475 1.0001 5 -1.08393 -0.544643 3.8468 3.10207 3.85751e-06 -0.115474 -1.63598e-33 -5.00555e-33 0 0 0 -4.49894e-34 2.52997e-37 -3.49037e-42 0 0 0 7.21303e-38
 1.0013 4 -0.947031 -0.371264 3.76552 2.49377 -1.79671 -0.071475 1.0013 5 -1.08393 -0.544643 3.8468 3.10207 3.85751e-06 -0.115474 -1.63598e-33 -5.00555e-33 0 0 0 -4.49894e-34 2.52997e-37 -3.49037e-42 0 0 0 7.21303e-38
 1.0013 4 -0.947031 -0.371264 3.76552 2.49377 -1.79671 -0.071475 1.0013 5 -1.08393 -0.544643 3.8468 3.10207 3.85751e-06 -0.115474 -1.63598e-33 -5.00555e-33 0 0 0 -4.49894e-34 2.52997e-37 -3.49037e-42 0 0 0 7.21303e-38
 1.00004 4 -0.947031 -0.371264 3.76552 2.49377 -1.79671 -0.071475 1.00004 5 -1.08393 -0.544643 3.8468 3.10207 3.85751e-06 -0.115474 -1.62999e-33 -5.0064e-33 0 0 0 -4.48246e-34 2.52033e-37 -3.49274e-42 0 0 0 7.2116e-38
 1.00004 4 -0.947031 -0.371264 3.76552 2.49377 -1.79671 -0.071475 1.00004 5 -1.08393 -0.544643 3.8468 3.10207 3.85751e-06 -0.115474 -1.62999e-33 -5.0064e-33 0 0 0 -4.48246e-34 2.52033e-37 -3.49274e-42 0 0 0 7.2116e-38
 1.00018 4 -0.947031 -0.371264 3.76552 2.49377 -1.79671 -0.071475 1.00018 5 -1.08393 -0.544643 3.8468 3.10207 3.85751e-06 -0.115474 -1.63598e-33 -5.00555e-33 0 0 0 -4.49894e-34 2.52997e-37 -3.49037e-42 0 0 0 7.21303e-38
 1.00018 4 -0.947031 -0.371264 3.76552 2.49377 -1.79671 -0.071475 1.00018 5 -1.08393 -0.544643 3.8468 3.10207 3.85751e-06 -0.115474 -1.63598e-33 -5.00555e-33 0 0 0 -4.49894e-34 2.52997e-37 -3.49037e-42 0 0 0 7.21303e-38
 1.00008 4 -0.947031 -0.371264 3.76552 2.49377 -1.79671 -0.071475 1.00008 5 -1.08393 -0.544643 3.8468 3.10207 3.85751e-06 -0.115474 -1.63598e-33 -5.00555e-33 0 0 0 -4.49894e-34 2.52033e-37 -3.49274e-42 0 0 0 7.2116e-38
 1.00008 4 -0.947031 -0.371264 3.76552 2.49377 -1.79671 -0.071475 1.00008 5 -1.08393 -0.544643 3.8468 3.10207 3.85751e-06 -0.115474 -1.63598e-33 -5.00555e-33 0 0 0 -4.49894e-34 2.52033e-37 -3.49274e-42 0 0 0 7.2116e-38
 1.00007 4 -0.947031 -0.371264 3.76552 2.49377 -1.79671 -0.071475 1.00007 5 -1.08393 -0.544643 3.8468 3.10207 3.85751e-06 -0.115474 -1.62999e-33 -5.0064e-33 0 0 0 -4.48246e-34 2.52033e-37 -3.49274e-42 0 0 0 7.2116e-38
 1.00007 4 -0.947031 -0.371264 3.76552 2.49377 -1.79671 -0.071475 1.00007 5 -1.08393 -0.544643 3.8468 3.10207 3.85751e-06 -0.115474 -1.62999e-33 -5.0064e-33 0 0 0 -4.48246e-34 2.52033e-37 -3.49274e-42 0 0 0 7.2116e-38
 1.00006 4 -0.947031 -0.371264 3.76552 2.49377 -1.79671 -0.071475 1.00006 5 -1.08393 -0.544643 3.8468 3.10207 3.85751e-06 -0.115474 -1.62999e-33 -5.0064e-33 0 0 0 -4.48246e-34 2.52033e-37 -3.49274e-42 0 0 0 7.2116e-38
 1.00006 4 -0.947031 -0.371264 3.76552 2.49377 -1.79671 -0.071475 1.00006 5 -1.08393 -0.544643 3.8468 3.10207 3.85751e-06 -0.115474 -1.62999e-33 -5.0064e-33 0 0 0 -4.48246e-34 2.52033e-37 -3.49274e-42 0 0 0 7.2116e-38
 1.00006 4 -0.947031 -0.371264 3.76552 2.49377 -1.79671 -0.071475 1.00006 5 -1.08393 -0.544643 3.8468 3.10207 3.85751e-06 -0.115474 -1.62999e-33 -5.0064e-33 0 0 0 -4.48246e-34 2.52033e-37 -3.49274e-42 0 0 0 7.2116e-38
 1.00006 4 -0.947031 -0.371264 3.76552 2.49377 -1.79671 -0.071475 1.00006 5 -1.08393 -0.544643 3.8468 3.10207 3.85751e-06 -0.115474 -1.62999e-33 -5.0064e-33 0 0 0 -4.48246e-34 2.52033e-37 -3.49274e-42 0 0 0 7.2116e-38
 1.00015 4 -0.947031 -0.371264 3.76552 2.49377 -1.79671 -0.071475 1.00015 5 -1.08393 -0.544643 3.8468 3.10207 3.85751e-06 -0.115474 -1.63598e-33 -5.00555e-33 0 0 0 -4.49894e-34 2.52997e-37 -3.49037e-42 0 0 0 7.21303e-38
 1.00015 4 -0.947031 -0.371264 3.76552 2.49377 -1.79671 -0.071475 1.00015 5 -1.08393 -0.544643 3.8468 3.10207 3.85751e-06 -0.115474 -1.63598e-33 -5.00555e-33 0 0 0 -4.49894e-34 2.52997e-37 -3.49037e-42 0 0 0 7.21303e-38
 1.00016 4 -0.947031 -0.371264 3.76552 2.49377 -1.79671 -0.071475 1.00016 5 -1.08393 -0.544643 3.8468 3.10207 3.85751e-06 -0.115474 -1.63598e-33 -5.00555e-33 0 0 0 -4.49894e-34 2.52997e-37 -3.49037e-42 0 0 0 7.21303e-38
 1.00016 4 -0.947031 -0.371264 3.76552 2.49377 -1.79671 -0.071475 1.00016 5 -1.08393 -0.544643 3.8468 3.10207 3.85751e-06 -0.115474 -1.63598e-33 -5.00555e-33 0 0 0 -4.49894e-34 2.52997e-37 -3.49037e-42 0 0 0 7.21303e-38
 1.00004 4 -0.947031 -0.371264 3.76552 2.49377 -1.79671 -0.071475 1.00004 5 -1.08393 -0.544643 3.8468 3.10207 3.85751e-06 -0.115474 -1.63598e-33 -5.00555e-33 0 0 0 -4.49894e-34 2.52997e-37 -3.49037e-42 0 0 0 7.21303e-38
 1.00004 4 -0.947031 -0.371264 3.76552 2.49377 -1.79671 -0.071475 1.00004 5 -1.08393 -0.544643 3.8468 3.10207 3.85751e-06 -0.115474 -1.63598e-33 -5.00555e-33 0 0 0 -4.49894e-34 2.52997e-37 -3.49037e-42 0 0 0 7.21303e-38
 1.00007 4 -0.947031 -0.371264 3.76552 2.49377 -1.79671 -0.071475 1.00007 5 -1.08393 -0.544643 3.8468 3.10207 3.85751e-06 -0.115474 -1.63598e-33 -5.00555e-33 0 0 0 -4.49894e-34 2.52997e-37 -3.49037e-42 0 0 0 7.21303e-38
 1.00007 4 -0.947031 -0.371264 3.76552 2.49377 -1.79671 -0.071475 1.00007 5 -1.08393 -0.544643 3.8468 3.10207 3.85751e-06 -0.115474 -1.63598e-33 -5.00555e-33 0 0 0 -4.49894e-34 2.52997e-37 -3.49037e-42 0 0 0 7.21303e-38
 1.00016 4 -0.947031 -0.371264 3.76552 2.49377 -1.79671 -0.071475 1.00016 5 -1.08393 -0.544643 3.8468 3.10207 3.85751e-06 -0.115474 -1.63598e-33 -5.00555e-33 0 0 0 -4.49894e-34 2.52997e-37 -3.49037e-42 0 0 0 7.21303e-38
 1.00016 4 -0.947031 -0.371264 3.76552 2.49377 -1.79671 -0.071475 1.00016 5 -1.08393 -0.544643 3.8468 3.10207 3.85751e-06 -0.115474 -1.63598e-33 -5.00555e-33 0 0 0 -4.49894e-34 2.52997e-37 -3.49037e-42 0 0 0 7.21303e-38
 1.00007 4 -0.947031 -0.371264 3.76552 2.49377 -1.79671 -0.071475 1.00007 5 -1.08393 -0.544643 3.8468 3.10207 3.85751e-06 -0.115474 -1.62999e-33 -5.0064e-33 0 0 0 -4.48246e-34 2.52033e-37 -3.49274e-42 0 0 0 7.2116e-38
 1.00007 4 -0.947031 -0.371264 3.76552 2.49377 -1.79671 -0.071475 1.00007 5 -1.08393 -0.544643 3.8468 3.10207 3.85751e-06 -0.115474 -1.62999e-33 -5.0064e-33 0 0 0 -4.48246e-34 2.52033e-37 -3.49274e-42 0 0 0 7.2116e-38
 1.00004 4 -0.947031 -0.371264 3.76552 2.49377 -1.79671 -0.071475 1.00004 5 -1.08393 -0.544643 3.8468 3.10207 3.85751e-06 -0.115474 -1.62999e-33 -5.0064e-33 0 0 0 -4.48246e-34 2.52033e-37 -3.49274e-42 0 0 0 7.2116e-38
 1.00004 4 -0.947031 -0.371264 3.76552 2.49377 -1.79671 -0.071475 1.00004 5 -1.08393 -0.544643 3.8468 3.10207 3.85751e-06 -0.115474 -1.62999e-33 -5.0064e-33 0 0 0 -4.48246e-34 2.52033e-37 -3.49274e-42 0 0 0 7.2116e-38
 1.00007 4 -0.947031 -0.371264 3.76552 2.49377 -1.79671 -0.071475 1.00007 5 -1.08393 -0.544643 3.8468 3.10207 3.85751e-06 -0.115474 -1.63598e-33 -5.00555e-33 0 0 0 -4.49894e-34 2.52997e-37 -3.49037e-42 0 0 0 7.21303e-38
 1.00007 4 -0.947031 -0.371264 3.76552 2.49377 -1.79671 -0.071475 1.00007 5 -1.08393 -0.544643 3.8468 3.10207 3.85751e-06 -0.115474 -1.63598e-33 -5.00555e-33 0 0 0 -4.49894e-34 2.52997e-37 -3.49037e-42 0 0 0 7.21303e-38
 1.00007 4 -0.947031 -0.371264 3.76552 2.49377 -1.79671 -0.071475 1.00007 5 -1.08393 -0.544643 3.8468 3.10207 3.85751e-06 -0.115474 -1.63598e-33 -5.00555e-33 0 0 0 -4.49894e-34 2.52997e-37 -3.49037e-42 0 0 0 7.21303e-38
 1.00007 4 -0.947031 -0.371264 3.76552 2.49377 -1.79671 -0.071475 1.00007 5 -1.08393 -0.544643 3.8468 3.10207 3.85751e-06 -0.115474 -1.63598e-33 -5.00555e-33 0 0 0 -4.49894e-34 2.52997e-37 -3.49037e-42 0 0 0 7.21303e-38
 1.0001 4 -0.947031 -0.371264 3.76552 2.49377 -1.79671 -0.071475 1.0001 5 -1.08393 -0.544643 3.8468 3.10207 3.85751e-06 -0.115474 -1.63598e-33 -5.00555e-33 0 0 0 -4.49894e-34 2.52997e-37 -3.49037e-42 0 0 0 7.21303e-38
 1.0001 4 -0.947031 -0.371264 3.76552 2.49377 -1.79671 -0.071475 1.0001 5 -1.08393 -0.544643 3.8468 3.10207 3.85751e-06 -0.115474 -1.63598e-33 -5.00555e-33 0 0 0 -4.49894e-34 2.52997e-37 -3.49037e-42 0 0 0 7.21303e-38
 1.00006 4 -0.947031 -0.371264 3.76552 2.49377 -1.79671 -0.071475 1.00006 5 -1.08393 -0.544643 3.8468 3.10207 3.85751e-06 -0.115474 -1.62999e-33 -5.0064e-33 0 0 0 -4.48246e-34 2.52033e-37 -3.49274e-42 0 0 0 7.2116e-38
 1.00006 4 -0.947031 -0.371264 3.76552 2.49377 -1.79671 -0.071475 1.00006 5 -1.08393 -0.544643 3.8468 3.10207 3.85751e-06 -0.115474 -1.62999e-33 -5.0064e-33 0 0 0 -4.48246e-34 2.52033e-37 -3.49274e-42 0 0 0 7.2116e-38
 1.00006 4 -0.947031 -0.371264 3.76552 2.49377 -1.79671 -0.071475 1.00006 5 -1.08393 -0.544643 3.8468 3.10207 3.85751e-06 -0.115474 -1.62999e-33 -5.0064e-33 0 0 0 -4.48246e-34 2.52033e-37 -3.49274e-42 0 0 0 7.2116e-38
 1.00006 4 -0.947031 -0.371264 3.76552 2.49377 -1.79671 -0.071475 1.00006 5 -1.08393 -0.544643 3.8468 3.10207 3.85751e-06 -0.115474 -1.62999e-33 -5.0064e-33 0 0 0 -4.48246e-34 2.52033e-37 -3.49274e-42 0 0 0 7.2116e-38
 1.00009 4 -0.947031 -0.371264 3.76552 2.49377 -1.79671 -0.071475 1.00009 5 -1.08393 -0.544643 3.8468 3.10207 3.85751e-06 -0.115474 -1.62999e-33 -5.0064e-33 0 0 0 -4.48246e-34 2.52033e-37 -3.49274e-42 0 0 0 7.2116e-38
 1.00009 4 -0.947031 -0.371264 3.76552 2.49377 -1.79671 -0.071475 1.00009 5 -1.08393 -0.544643 3.8468 3.10207 3.85751e-06 -0.115474 -1.62999e-33 -5.0064e-33 0 0 0 -4.48246e-34 2.52033e-37 -3.49274e-42 0 0 0 7.2116e-38
 1.00012 4 -0.947031 -0.371264 3.76552 2.49377 -1.79671 -0.071475 1.00012 5 -1.08393 -0.544643 3.8468 3.10207 3.85751e-06 -0.115474 -1.63598e-33 -5.00555e-33 0 0 0 -4.49894e-34 2.52997e-37 -3.49037e-42 0 0 0 7.21303e-38
 1.00012 4 -0.947031 -0.371264 3.76552 2.49377 -1.79671 -0.071475 1.00012 5 -1.08393 -0.544643 3.8468 3.10207 3.85751e-06 -0.115474 -1.63598e-33 -5.00555e-33 0 0 0 -4.49894e-34 2.52997e-37 -3.49037e-42 0 0 0 7.21303e-38
 1.00004 4 -0.947031 -0.371264 3.76552 2.49377 -1.79671 -0.071475 1.00004 5 -1.08393 -0.544643 3.8468 3.10207 3.85751e-06 -0.115474 -1.63598e-33 -5.00555e-33 0 0 0 -4.49894e-34 2.52997e-37 -3.49037e-42 0 0 0 7.21303e-38
 1.00004 4 -0.947031 -0.371264 3.76552 2.49377 -1.79671 -0.071475 1.00004 5 -1.08393 -0.544643 3.8468 3.10207 3.85751e-06 -0.115474 -1.63598e-33 -5.00555e-33 0 0 0 -4.49894e-34 2.52997e-37 -3.49037e-42 0 0 0 7.21303e-38
 1.00006 4 -0.947031 -0.371264 3.76552 2.49377 -1.79671 -0.071475 1.00006 5 -1.08393 -0.544643 3.8468 3.10207 3.85751e-06 -0.115474 -1.62999e-33 -5.0064e-33 0 0 0 -4.48246e-34 2.52033e-37 -3.49274e-42 0 0 0 7.2116e-38
 1.00006 4 -0.947031 -0.371264 3.76552 2.49377 -1.79671 -0.071475 1.00006 5 -1.08393 -0.544643 3.8468 3.10207 3.85751e-06 -0.115474 -1.62999e-33 -5.0064e-33 0 0 0 -4.48246e-34 2.52033e-37 -3.49274e-42 0 0 0 7.2116e-38
 1.00007 4 -0.947031 -0.371264 3.76552 2.49377 -1.79671 -0.071475 1.00007 5 -1.08393 -0.544643 3.8468 3.10207 3.85751e-06 -0.115474 -1.63598e-33 -5.00555e-33 0 0 0 -4.49894e-34 2.52997e-37 -3.49037e-42 0 0 0 7.21303e-38
 1.00007 4 -0.947031 -0.371264 3.76552 2.49377 -1.79671 -0.071475 1.00007 5 -1.08393 -0.544643 3.8468 3.10207 3.85751e-06 -0.115474 -1.63598e-33 -5.00555e-33 0 0 0 -4.49894e-34 2.52997e-37 -3.49037e-42 0 0 0 7.21303e-38
 1.00008 4 -0.947031 -0.371264 3.76552 2.49377 -1.79671 -0.071475 1.00008 5 -1.08393 -0.544643 3.8468 3.10207 3.85751e-06 -0.115474 -1.62999e-33 -5.0064e-33 0 0 0 -4.48246e-34 2.52033e-37 -3.49274e-42 0 0 0 7.2116e-38
 1.00008 4 -0.947031 -0.371264 3.76552 2.49377 -1.79671 -0.071475 1.00008 5 -1.08393 -0.544643 3.8468 3.10207 3.85751e-06 -0.115474 -1.62999e-33 -5.0064e-33 0 0 0 -4.48246e-34 2.52033e-37 -3.49274e-42 0 0 0 7.2116e-38
 1.00007 4 -0.947031 -0.371264 3.76552 2.49377 -1.79671 -0.071475 1.00007 5 -1.08393 -0.544643 3.8468 3.10207 3.85751e-06 -0.115474 -1.62999e-33 -5.0064e-33 0 0 0 -4.48246e-34 2.52033e-37 -3.49274e-42 0 0 0 7.2116e-38
 1.00007 4 -0.947031 -0.371264 3.76552 2.49377 -1.79671 -0.071475 1.00007 5 -1.08393 -0.544643 3.8468 3.10207 3.85751e-06 -0.115474 -1.62999e-33 -5.0064e-33 0 0 0 -4.48246e-34 2.52033e-37 -3.49274e-42 0 0 0 7.2116e-38
 1.00007 4 -0.947031 -0.371264 3.76552 2.49377 -1.79671 -0.071475 1.00007 5 -1.08393 -0.544643 3.8468 3.10207 3.85751e-06 -0.115474 -1.62999e-33 -5.0064e-33 0 0 0 -4.48246e-34 2.52033e-37 -3.49274e-42 0 0 0 7.2116e-38
 1.00007 4 -0.947031 -0.371264 3.76552 2.49377 -1.79671 -0.071475 1.00007 5 -1.08393 -0.544643 3.8468 3.10207 3.85751e-06 -0.115474 -1.62999e-33 -5.0064e-33 0 0 0 -4.48246e-34 2.52033e-37 -3.49274e-42 0 0 0 7.2116e-38
 1.00021 4 -0.947031 -0.371264 3.76552 2.49377 -1.79671 -0.071475 1.00021 5 -1.08393 -0.544643 3.8468 3.10207 3.85751e-06 -0.115474 -1.62999e-33 -5.0064e-33 0 0 0 -4.48246e-34 2.52033e-37 -3.49274e-42 0 0 0 7.2116e-38
 1.00021 4 -0.947031 -0.371264 3.76552 2.49377 -1.79671 -0.071475 1.00021 5 -1.08393 -0.544643 3.8468 3.10207 3.85751e-06 -0.115474 -1.62999e-33 -5.0064e-33 0 0 0 -4.48246e-34 2.52033e-37 -3.49274e-42 0 0 0 7.2116e-38
 1.00005 4 -0.947031 -0.371264 3.76552 2.49377 -1.79671 -0.071475 1.00005 5 -1.08393 -0.544643 3.8468 3.10207 3.85751e-06 -0.115474 -1.63598e-33 -5.00555e-33 0 0 0 -4.49894e-34 2.52997e-37 -3.49037e-42 0 0 0 7.21303e-38
 1.00005 4 -0.947031 -0.371264 3.76552 2.49377 -1.79671 -0.071475 1.00005 5 -1.08393 -0.544643 3.8468 3.10207 3.85751e-06 -0.115474 -1.63598e-33 -5.00555e-33 0 0 0 -4.49894e-34 2.52997e-37 -3.49037e-42 0 0 0 7.21303e-38
 1.00024 4 -0.947031 -0.371264 3.76552 2.49377 -1.79671 -0.071475 1.00024 5 -1.08393 -0.544643 3.8468 3.10207 3.85751e-06 -0.115474 -1.63598e-33 -5.00555e-33 0 0 0 -4.49894e-34 2.52997e-37 -3.49037e-42 0 0 0 7.21303e-38
 1.00024 4 -0.947031 -0.371264 3.76552 2.49377 -1.79671 -0.071475 1.00024 5 -1.08393 -0.544643 3.8468 3.10207 3.85751e-06 -0.115474 -1.63598e-33 -5.00555e-33 0 0 0 -4.49894e-34 2.52997e-37 -3.49037e-42 0 0 0 7.21303e-38
 1.00012 4 -0.947031 -0.371264 3.76552 2.49377 -1.79671 -0.071475 1.00012 5 -1.08393 -0.544643 3.8468 3.10207 3.85751e-06 -0.115474 -1.63598e-33 -5.00555e-33 0 0 0 -4.49894e-34 2.52033e-37 -3.49274e-42 0 0 0 7.2116e-38
 1.00012 4 -0.947031 -0.371264 3.76552 2.49377 -1.79671 -0.071475 1.00012 5 -1.08393 -0.544643 3.8468 3.10207 3.85751e-06 -0.115474 -1.63598e-33 -5.00555e-33 0 0 0 -4.49894e-34 2.52033e-37 -3.49274e-42 0 0 0 7.2116e-38
 1.00006 4 -0.947031 -0.371264 3.76552 2.49377 -1.79671 -0.071475 1.00006 5 -1.08393 -0.544643 3.8468 3.10207 3.85751e-06 -0.115474 -1.62999e-33 -5.0064e-33 0 0 0 -4.48246e-34 2.52997e-37 -3.49037e-42 0 0 0 7.21303e-38
 1.00006 4 -0.947031 -0.371264 3.76552 2.49377 -1.79671 -0.071475 1.00006 5 -1.08393 -0.544643 3.8468 3.10207 3.85751e-06 -0.115474 -1.62999e-33 -5.0064e-33 0 0 0 -4.48246e-34 2.52997e-37 -3.49037e-42 0 0 0 7.21303e-38
 1.00007 4 -0.947031 -0.371264 3.76552 2.49377 -1.79671 -0.071475 1.00007 5 -1.08393 -0.544643 3.8468 3.10207 3.85751e-06 -0.115474 -1.62999e-33 -5.0064e-33 0 0 0 -4.48246e-34 2.52033e-37 -3.49274e-42 0 0 0 7.2116e-38
 1.00007 4 -0.947031 -0.371264 3.76552 2.49377 -1.79671 -0.071475 1.00007 5 -1.08393 -0.544643 3.8468 3.10207 3.85751e-06 -0.115474 -1.62999e-33 -5.0064e-33 0 0 0 -4.48246e-34 2.52033e-37 -3.49274e-42 0 0 0 7.2116e-38
 1.00006 4 -0.947031 -0.371264 3.76552 2.49377 -1.79671 -0.071475 1.00006 5 -1.08393 -0.544643 3.8468 3.10207 3.85751e-06 -0.115474 -1.63598e-33 -5.00555e-33 0 0 0 -4.49894e-34 2.52997e-37 -3.49037e-42 0 0 0 7.21303e-38
 1.00006 4 -0.947031 -0.371264 3.76552 2.49377 -1.79671 -0.071475 1.00006 5 -1.08393 -0.544643 3.8468 3.10207 3.85751e-06 -0.115474 -1.63598e-33 -5.00555e-33 0 0 0 -4.49894e-34 2.52997e-37 -3.49037e-42 0 0 0 7.21303e-38
 1.00011 4 -0.947031 -0.371264 3.76552 2.49377 -1.79671 -0.071475 1.00011 5 -1.08393 -0.544643 3.8468 3.10207 3.85751e-06 -0.115474 -1.62999e-33 -5.0064e-33 0 0 0 -4.48246e-34 2.52033e-37 -3.49274e-42 0 0 0 7.2116e-38
 1.00011 4 -0.947031 -0.371264 3.76552 2.49377 -1.79671 -0.071475 1.00011 5 -1.08393 -0.544643 3.8468 3.10207 3.85751e-06 -0.115474 -1.62999e-33 -5.0064e-33 0 0 0 -4.48246e-34 2.52033e-37 -3.49274e-42 0 0 0 7.2116e-38
 1.00007 4 -0.947031 -0.371264 3.76552 2.49377 -1.79671 -0.071475 1.00007 5 -1.08393 -0.544643 3.8468 3.10207 3.85751e-06 -0.115474 -1.62999e-33 -5.0064e-33 0 0 0 -4.48246e-34 2.52033e-37 -3.49274e-42 0 0 0 7.2116e-38
 1.00007 4 -0.947031 -0.371264 3.76552 2.49377 -1.79671 -0.071475 1.00007 5 -1.08393 -0.544643 3.8468 3.10207 3.85751e-06 -0.115474 -1.62999e-33 -5.0064e-33 0 0 0 -4.48246e-34 2.52033e-37 -3.49274e-42 0 0 0 7.2116e-38
 1.00007 4 -0.947031 -0.371264 3.76552 2.49377 -1.79671 -0.071475 1.00007 5 -1.08393 -0.544643 3.8468 3.10207 3.85751e-06 -0.115474 -1.63598e-33 -5.00555e-33 0 0 0 -4.49894e-34 2.52997e-37 -3.49037e-42 0 0 0 7.21303e-38
 1.00007 4 -0.947031 -0.371264 3.76552 2.49377 -1.79671 -0.071475 1.00007 5 -1.08393 -0.544643 3.8468 3.10207 3.85751e-06 -0.115474 -1.63598e-33 -5.00555e-33 0 0 0 -4.49894e-34 2.52997e-37 -3.49037e-42 0 0 0 7.21303e-38
 1.00011 4 -0.947031 -0.371264 3.76552 2.49377 -1.79671 -0.071475 1.00011 5 -1.08393 -0.544643 3.8468 3.10207 3.85751e-06 -0.115474 -1.62999e-33 -5.0064e-33 0 0 0 -4.48246e-34 2.52033e-37 -3.49274e-42 0 0 0 7.2116e-38
 1.00011 4 -0.947031 -0.371264 3.76552 2.49377 -1.79671 -0.071475 1.00011 5 -1.08393 -0.544643 3.8468 3.10207 3.85751e-06 -0.115474 -1.62999e-33 -5.0064e-33 0 0 0 -4.48246e-34 2.52033e-37 -3.49274e-42 0 0 0 7.2116e-38
 1.00005 4 -0.947031 -0.371264 3.76552 2.49377 -1.79671 -0.071475 1.00005 5 -1.08393 -0.544643 3.8468 3.10207 3.85751e-06 -0.115474 -1.63598e-33 -5.00555e-33 0 0 0 -4.49894e-34 2.52997e-37 -3.49037e-42 0 0 0 7.21303e-38
 1.00005 4 -0.947031 -0.371264 3.76552 2.49377 -1.79671 -0.071475 1.00005 5 -1.08393 -0.544643 3.8468 3.10207 3.85751e-06 -0.115474 -1.63598e-33 -5.00555e-33 0 0 0 -4.49894e-34 2.52997e-37 -3.49037e-42 0 0 0 7.21303e-38
 1.00014 4 -0.947031 -0.371264 3.76552 2.49377 -1.79671 -0.071475 1.00014 5 -1.08393 -0.544643 3.8468 3.10207 3.85751e-06 -0.115474 -1.63598e-33 -5.00555e-33 0 0 0 -4.49894e-34 2.52997e-37 -3.49037e-42 0 0 0 7.21303e-38
 1.00014 4 -0.947031 -0.371264 3.76552 2.49377 -1.79671 -0.071475 1.00014 5 -1.08393 -0.544643 3.8468 3.10207 3.85751e-06 -0.115474 -1.63598e-33 -5.00555e-33 0 0 0 -4.49894e-34 2.52997e-37 -3.49037e-42 0 0 0 7.21303e-38
 1.00006 4 -0.947031 -0.371264 3.76552 2.49377 -1.79671 -0.071475 1.00006 5 -1.08393 -0.544643 3.8468 3.10207 3.85751e-06 -0.115474 -1.62999e-33 -5.0064e-33 0 0 0 -4.48246e-34 2.52033e-37 -3.49274e-42 0 0 0 7.2116e-38
 1.00006 4 -0.947031 -0.371264 3.76552 2.49377 -1.79671 -0.071475 1.00006 5 -1.08393 -0.544643 3.8468 3.10207 3.85751e-06 -0.115474 -1.62999e-33 -5.0064e-33 0 0 0 -4.48246e-34 2.52033e-37 -3.49274e-42 0 0 0 7.2116e-38
 1.00027 4 -0.947031 -0.371264 3.76552 2.49377 -1.79671 -0.071475 1.00027 5 -1.08393 -0.544643 3.8468 3.10207 3.85751e-06 -0.115474 -1.63598e-33 -5.00555e-33 0 0 0 -4.49894e-34 2.52997e-37 -3.49037e-42 0 0 0 7.21303e-38
 1.00027 4 -0.947031 -0.371264 3.76552 2.49377 -1.79671 -0.071475 1.00027 5 -1.08393 -0.544643 3.8468 3.10207 3.85751e-06 -0.115474 -1.63598e-33 -5.00555e-33 0 0 0 -4.49894e-34 2.52997e-37 -3.49037e-42 0 0 0 7.21303e-38
 0.999893 4 -0.947031 -0.371264 3.76552 2.49377 -1.79671 -0.071475 0.999893 5 -1.08393 -0.544643 3.8468 3.10207 3.85751e-06 -0.115474 -1.62999e-33 -5.0064e-33 0 0 0 -4.48246e-34 2.52033e-37 -3.49274e-42 0 0 0 7.2116e-38
 0.999893 4 -0.947031 -0.371264 3.76552 2.49377 -1.79671 -0.071475 0.999893 5 -1.08393 -0.544643 3.8468 3.10207 3.85751e-06 -0.115474 -1.62999e-33 -5.0064e-33 0 0 0 -4.48246e-34 2.52033e-37 -3.49274e-42 0 0 0 7.2116e-38
 1.00009 4 -0.947031 -0.371264 3.76552 2.49377 -1.79671 -0.071475 1.00009 5 -1.08393 -0.544643 3.8468 3.10207 3.85751e-06 -0.115474 -1.63598e-33 -5.00555e-33 0 0 0 -4.49894e-34 2.52997e-37 -3.49037e-42 0 0 0 7.21303e-38
 1.00009 4 -0.947031 -0.371264 3.76552 2.49377 -1.79671 -0.071475 1.00009 5 -1.08393 -0.544643 3.8468 3.10207 3.85751e-06 -0.115474 -1.63598e-33 -5.00555e-33 0 0 0 -4.49894e-34 2.52997e-37 -3.49037e-42 0 0 0 7.21303e-38
 1.00007 4 -0.947031 -0.371264 3.76552 2.49377 -1.79671 -0.071475 1.00007 5 -1.08393 -0.544643 3.8468 3.10207 3.85751e-06 -0.115474 -1.63598e-33 -5.00555e-33 0 0 0 -4.49894e-34 2.52997e-37 -3.49037e-42 0 0 0 7.21303e-38
 1.00007 4 -0.947031 -0.371264 3.76552 2.49377 -1.79671 -0.071475 1.00007 5 -1.08393 -0.544643 3.8468 3.10207 3.85751e-06 -0.115474 -1.63598e-33 -5.00555e-33 0 0 0 -4.49894e-34 2.52997e-37 -3.49037e-42 0 0 0 7.21303e-38
 1.00014 4 -0.947031 -0.371264 3.76552 2.49377 -1.79671 -0.071475 1.00014 5 -1.08393 -0.544643 3.8468 3.10207 3.85751e-06 -0.115474 -1.62999e-33 -5.0064e-33 0 0 0 -4.48246e-34 2.52033e-37 -3.49274e-42 0 0 0 7.2116e-38
 1.00014 4 -0.947031 -0.371264 3.76552 2.49377 -1.79671 -0.071475 1.00014 5 -1.08393 -0.544643 3.8468 3.10207 3.85751e-06 -0.115474 -1.62999e-33 -5.0064e-33 0 0 0 -4.48246e-34 2.52033e-37 -3.49274e-42 0 0 0 7.2116e-38
 1.00007 4 -0.947031 -0.371264 3.76552 2.49377 -1.79671 -0.071475 1.00007 5 -1.08393 -0.544643 3.8468 3.10207 3.85751e-06 -0.115474 -1.63598e-33 -5.00555e-33 0 0 0 -4.49894e-34 2.52033e-37 -3.49274e-42 0 0 0 7.2116e-38
 1.00007 4 -0.947031 -0.371264 3.76552 2.49377 -1.79671 -0.071475 1.00007 5 -1.08393 -0.544643 3.8468 3.10207 3.85751e-06 -0.115474 -1.63598e-33 -5.00555e-33 0 0 0 -4.49894e-34 2.52033e-37 -3.49274e-42 0 0 0 7.2116e-38
 1.00006 4 -0.947031 -0.371264 3.76552 2.49377 -1.79671 -0.071475 1.00006 5 -1.08393 -0.544643 3.8468 3.10207 3.85751e-06 -0.115474 -1.63598e-33 -5.00555e-33 0 0 0 -4.49894e-34 2.52997e-37 -3.49037e-42 0 0 0 7.21303e-38
 1.00006 4 -0.947031 -0.371264 3.76552 2.49377 -1.79671 -0.071475 1.00006 5 -1.08393 -0.544643 3.8468 3.10207 3.85751e-06 -0.115474 -1.63598e-33 -5.00555e-33 0 0 0 -4.49894e-34 2.52997e-37 -3.49037e-42 0 0 0 7.21303e-38
 1.00016 4 -0.947031 -0.371264 3.76552 2.49377 -1.79671 -0.071475 1.00016 5 -1.08393 -0.544643 3.8468 3.10207 3.85751e-06 -0.115474 -1.63598e-33 -5.00555e-33 0 0 0 -4.49894e-34 2.52997e-37 -3.49037e-42 0 0 0 7.21303e-38
 1.00016 4 -0.947031 -0.371264 3.76552 2.49377 -1.79671 -0.071475 1.00016 5 -1.08393 -0.544643 3.8468 3.10207 3.85751e-06 -0.115474 -1.63598e-33 -5.00555e-33 0 0 0 -4.49894e-34 2.52997e-37 -3.49037e-42 0 0 0 7.21303e-38
 1.00013 4 -0.947031 -0.371264 3.76552 2.49377 -1.79671 -0.071475 1.00013 5 -1.08393 -0.544643 3.8468 3.10207 3.85751e-06 -0.115474 -1.62999e-33 -5.0064e-33 0 0 0 -4.48246e-34 2.52033e-37 -3.49274e-42 0 0 0 7.2116e-38
 1.00013 4 -0.947031 -0.371264 3.76552 2.49377 -1.79671 -0.071475 1.00013 5 -1.08393 -0.544643 3.8468 3.10207 3.85751e-06 -0.115474 -1.62999e-33 -5.0064e-33 0 0 0 -4.48246e-34 2.52033e-37 -3.49274e-42 0 0 0 7.2116e-38
 1.00008 4 -0.947031 -0.371264 3.76552 2.49377 -1.79671 -0.071475 1.00008 5 -1.08393 -0.544643 3.8468 3.10207 3.85751e-06 -0.115474 -1.63598e-33 -5.00555e-33 0 0 0 -4.49894e-34 2.52997e-37 -3.49037e-42 0 0 0 7.21303e-38
 1.00008 4 -0.947031 -0.371264 3.76552 2.49377 -1.79671 -0.071475 1.00008 5 -1.08393 -0.544643 3.8468 3.10207 3.85751e-06 -0.115474 -1.63598e-33 -5.00555e-33 0 0 0 -4.49894e-34 2.52997e-37 -3.49037e-42 0 0 0 7.21303e-38
 1.00016 4 -0.947031 -0.371264 3.76552 2.49377 -1.79671 -0.071475 1.00016 5 -1.08393 -0.544643 3.8468 3.10207 3.85751e-06 -0.115474 -1.62999e-33 -5.0064e-33 0 0 0 -4.48246e-34 2.52033e-37 -3.49274e-42 0 0 0 7.2116e-38
 1.00016 4 -0.947031 -0.371264 3.76552 2.49377 -1.79671 -0.071475 1.00016 5 -1.08393 -0.544643 3.8468 3.10207 3.85751e-06 -0.115474 -1.62999e-33 -5.0064e-33 0 0 0 -4.48246e-34 2.52033e-37 -3.49274e-42 0 0 0 7.2116e-38
 1.00006 4 -0.947031 -0.371264 3.76552 2.49377 -1.79671 -0.071475 1.00006 5 -1.08393 -0.544643 3.8468 3.10207 3.85751e-06 -0.115474 -1.63598e-33 -5.00555e-33 0 0 0 -4.49894e-34 2.52997e-37 -3.49037e-42 0 0 0 7.21303e-38
 1.00006 4 -0.947031 -0.371264 3.76552 2.49377 -1.79671 -0.071475 1.00006 5 -1.08393 -0.544643 3.8468 3.10207 3.85751e-06 -0.115474 -1.63598e-33 -5.00555e-33 0 0 0 -4.49894e-34 2.52997e-37 -3.49037e-42 0 0 0 7.21303e-38
 1.00007 4 -0.947031 -0.371264 3.76552 2.49377 -1.79671 -0.071475 1.00007 5 -1.08393 -0.544643 3.8468 3.10207 3.85751e-06 -0.115474 -1.62999e-33 -5.0064e-33 0 0 0 -4.48246e-34 2.52997e-37 -3.49037e-42 0 0 0 7.21303e-38
 1.00007 4 -0.947031 -0.371264 3.76552 2.49377 -1.79671 -0.071475 1.00007 5 -1.08393 -0.544643 3.8468 3.10207 3.85751e-06 -0.115474 -1.62999e-33 -5.0064e-33 0 0 0 -4.48246e-34 2.52997e-37 -3.49037e-42 0 0 0 7.21303e-38
 1.00009 4 -0.947031 -0.371264 3.76552 2.49377 -1.79671 -0.071475 1.00009 5 -1.08393 -0.544643 3.8468 3.10207 3.85751e-06 -0.115474 -1.63598e-33 -5.00555e-33 0 0 0 -4.49894e-34 2.52997e-37 -3.49037e-42 0 0 0 7.21303e-38
 1.00009 4 -0.947031 -0.371264 3.76552 2.49377 -1.79671 -0.071475 1.00009 5 -1.08393 -0.544643 3.8468 3.10207 3.85751e-06 -0.115474 -1.63598e-33 -5.00555e-33 0 0 0 -4.49894e-34 2.52997e-37 -3.49037e-42 0 0 0 7.21303e-38
 1.00011 4 -0.947031 -0.371264 3.76552 2.49377 -1.79671 -0.071475 1.00011 5 -1.08393 -0.544643 3.8468 3.10207 3.85751e-06 -0.115474 -1.62999e-33 -5.0064e-33 0 0 0 -4.48246e-34 2.52033e-37 -3.49274e-42 0 0 0 7.2116e-38
 1.00011 4 -0.947031 -0.371264 3.76552 2.49377 -1.79671 -0.071475 1.00011 5 -1.08393 -0.544643 3.8468 3.10207 3.85751e-06 -0.115474 -1.62999e-33 -5.0064e-33 0 0 0 -4.48246e-34 2.52033e-37 -3.49274e-42 0 0 0 7.2116e-38
 1.00006 4 -0.947031 -0.371264 3.76552 2.49377 -1.79671 -0.071475 1.00006 5 -1.08393 -0.544643 3.8468 3.10207 3.85751e-06 -0.115474 -1.63598e-33 -5.00555e-33 0 0 0 -4.49894e-34 2.52997e-37 -3.49037e-42 0 0 0 7.21303e-38
 1.00006 4 -0.947031 -0.371264 3.76552 2.49377 -1.79671 -0.071475 1.00006 5 -1.08393 -0.544643 3.8468 3.10207 3.85751e-06 -0.115474 -1.63598e-33 -5.00555e-33 0 0 0 -4.49894e-34 2.52997e-37 -3.49037e-42 0 0 0 7.21303e-38
 1.00011 4 -0.947031 -0.371264 3.76552 2.49377 -1.79671 -0.071475 1.00011 5 -1.08393 -0.544643 3.8468 3.10207 3.85751e-06 -0.115474 -1.62999e-33 -5.0064e-33 0 0 0 -4.48246e-34 2.52033e-37 -3.49274e-42 0 0 0 7.2116e-38
 1.00011 4 -0.947031 -0.371264 3.76552 2.49377 -1.79671 -0.071475 1.00011 5 -1.08393 -0.544643 3.8468 3.10207 3.85751e-06 -0.115474 -1.62999e-33 -5.0064e-33 0 0 0 -4.48246e-34 2.52033e-37 -3.49274e-42 0 0 0 7.2116e-38
 1.00014 4 -0.947031 -0.371264 3.76552 2.49377 -1.79671 -0.071475 1.00014 5 -1.08393 -0.544643 3.8468 3.10207 3.85751e-06 -0.115474 -1.63598e-33 -5.00555e-33 0 0 0 -4.49894e-34 2.52997e-37 -3.49037e-42 0 0 0 7.21303e-38
 1.00014 4 -0.947031 -0.371264 3.76552 2.49377 -1.79671 -0.071475 1.00014 5 -1.08393 -0.544643 3.8468 3.10207 3.85751e-06 -0.115474 -1.63598e-33 -5.00555e-33 0 0 0 -4.49894e-34 2.52997e-37 -3.49037e-42 0 0 0 7.21303e-38
 1.00004 4 -0.947031 -0.371264 3.76552 2.49377 -1.79671 -0.071475 1.00004 5 -1.08393 -0.544643 3.8468 3.10207 3.85751e-06 -0.115474 -1.62999e-33 -5.0064e-33 0 0 0 -4.48246e-34 2.52033e-37 -3.49274e-42 0 0 0 7.2116e-38
 1.00004 4 -0.947031 -0.371264 3.76552 2.49377 -1.79671 -0.071475 1.00004 5 -1.08393 -0.544643 3.8468 3.10207 3.85751e-06 -0.115474 -1.62999e-33 -5.0064e-33 0 0 0 -4.48246e-34 2.52033e-37 -3.49274e-42 0 0 0 7.2116e-38
 1.0009 4 -0.947031 -0.371264 3.76552 2.49377 -1.79671 -0.071475 1.0009 5 -1.08393 -0.544643 3.8468 3.10207 3.85751e-06 -0.115474 -1.63598e-33 -5.00555e-33 0 0 0 -4.49894e-34 2.52997e-37 -3.49037e-42 0 0 0 7.21303e-38
 1.0009 4 -0.947031 -0.371264 3.76552 2.49377 -1.79671 -0.071475 1.0009 5 -1.08393 -0.544643 3.8468 3.10207 3.85751e-06 -0.115474 -1.63598e-33 -5.00555e-33 0 0 0 -4.49894e-34 2.52997e-37 -3.49037e-42 0 0 0 7.21303e-38
 1.00006 4 -0.947031 -0.371264 3.76552 2.49377 -1.79671 -0.071475 1.00006 5 -1.08393 -0.544643 3.8468 3.10207 3.85751e-06 -0.115474 -1.63598e-33 -5.00555e-33 0 0 0 -4.49894e-34 2.52997e-37 -3.49037e-42 0 0 0 7.21303e-38
 1.00006 4 -0.947031 -0.371264 3.76552 2.49377 -1.79671 -0.071475 1.00006 5 -1.08393 -0.544643 3.8468 3.10207 3.85751e-06 -0.115474 -1.63598e-33 -5.00555e-33 0 0 0 -4.49894e-34 2.52997e-37 -3.49037e-42 0 0 0 7.21303e-38
 1.00011 4 -0.947031 -0.371264 3.76552 2.49377 -1.79671 -0.071475 1.00011 5 -1.08393 -0.544643 3.8468 3.10207 3.85751e-06 -0.115474 -1.63598e-33 -5.00555e-33 0 0 0 -4.49894e-34 2.52997e-37 -3.49037e-42 0 0 0 7.21303e-38
 1.00011 4 -0.947031 -0.371264 3.76552 2.49377 -1.79671 -0.071475 1.00011 5 -1.08393 -0.544643 3.8468 3.10207 3.85751e-06 -0.115474 -1.63598e-33 -5.00555e-33 0 0 0 -4.49894e-34 2.52997e-37 -3.49037e-42 0 0 0 7.21303e-38
 1.00006 4 -0.947031 -0.371264 3.76552 2.49377 -1.79671 -0.071475 1.00006 5 -1.08393 -0.544643 3.8468 3.10207 3.85751e-06 -0.115474 -1.62999e-33 -5.0064e-33 0 0 0 -4.48246e-34 2.52033e-37 -3.49274e-42 0 0 0 7.2116e-38
 1.00006 4 -0.947031 -0.371264 3.76552 2.49377 -1.79671 -0.071475 1.00006 5 -1.08393 -0.544643 3.8468 3.10207 3.85751e-06 -0.115474 -1.62999e-33 -5.0064e-33 0 0 0 -4.48246e-34 2.52033e-37 -3.49274e-42 0 0 0 7.2116e-38
 1.00011 4 -0.947031 -0.371264 3.76552 2.49377 -1.79671 -0.071475 1.00011 5 -1.08393 -0.544643 3.8468 3.10207 3.85751e-06 -0.115474 -1.63598e-33 -5.00555e-33 0 0 0 -4.49894e-34 2.52997e-37 -3.49037e-42 0 0 0 7.21303e-38
 1.00011 4 -0.947031 -0.371264 3.76552 2.49377 -1.79671 -0.071475 1.00011 5 -1.08393 -0.544643 3.8468 3.10207 3.85751e-06 -0.115474 -1.63598e-33 -5.00555e-33 0 0 0 -4.49894e-34 2.52997e-37 -3.49037e-42 0 0 0 7.21303e-38
 1.00012 4 -0.947031 -0.371264 3.76552 2.49377 -1.79671 -0.071475 1.00012 5 -1.08393 -0.544643 3.8468 3.10207 3.85751e-06 -0.115474 -1.63598e-33 -5.00555e-33 0 0 0 -4.49894e-34 2.52997e-37 -3.49037e-42 0 0 0 7.21303e-38
 1.00012 4 -0.947031 -0.371264 3.76552 2.49377 -1.79671 -0.071475 1.00012 5 -1.08393 -0.544643 3.8468 3.10207 3.85751e-06 -0.115474 -1.63598e-33 -5.00555e-33 0 0 0 -4.49894e-34 2.52997e-37 -3.49037e-42 0 0 0 7.21303e-38
 1.00005 4 -0.947031 -0.371264 3.76552 2.49377 -1.79671 -0.071475 1.00005 5 -1.08393 -0.544643 3.8468 3.10207 3.85751e-06 -0.115474 -1.63598e-33 -5.00555e-33 0 0 0 -4.49894e-34 2.52997e-37 -3.49037e-42 0 0 0 7.21303e-38
 1.00005 4 -0.947031 -0.371264 3.76552 2.49377 -1.79671 -0.071475 1.00005 5 -1.08393 -0.544643 3.8468 3.10207 3.85751e-06 -0.115474 -1.63598e-33 -5.00555e-33 0 0 0 -4.49894e-34 2.52997e-37 -3.49037e-42 0 0 0 7.21303e-38
 1.00008 4 -0.947031 -0.371264 3.76552 2.49377 -1.79671 -0.071475 1.00008 5 -1.08393 -0.544643 3.8468 3.10207 3.85751e-06 -0.115474 -1.63598e-33 -5.00555e-33 0 0 0 -4.49894e-34 2.52997e-37 -3.49037e-42 0 0 0 7.21303e-38
 1.00008 4 -0.947031 -0.371264 3.76552 2.49377 -1.79671 -0.071475 1.00008 5 -1.08393 -0.544643 3.8468 3.10207 3.85751e-06 -0.115474 -1.63598e-33 -5.00555e-33 0 0 0 -4.49894e-34 2.52997e-37 -3.49037e-42 0 0 0 7.21303e-38
 1.00008 4 -0.947031 -0.371264 3.76552 2.49377 -1.79671 -0.071475 1.00008 5 -1.08393 -0.544643 3.8468 3.10207 3.85751e-06 -0.115474 -1.63598e-33 -5.00555e-33 0 0 0 -4.49894e-34 2.52997e-37 -3.49037e-42 0 0 0 7.21303e-38
 1.00008 4 -0.947031 -0.371264 3.76552 2.49377 -1.79671 -0.071475 1.00008 5 -1.08393 -0.544643 3.8468 3.10207 3.85751e-06 -0.115474 -1.63598e-33 -5.00555e-33 0 0 0 -4.49894e-34 2.52997e-37 -3.49037e-42 0 0 0 7.21303e-38
 1.00011 4 -0.947031 -0.371264 3.76552 2.49377 -1.79671 -0.071475 1.00011 5 -1.08393 -0.544643 3.8468 3.10207 3.85751e-06 -0.115474 -1.62999e-33 -5.0064e-33 0 0 0 -4.48246e-34 2.52033e-37 -3.49274e-42 0 0 0 7.2116e-38
 1.00011 4 -0.947031 -0.371264 3.76552 2.49377 -1.79671 -0.071475 1.00011 5 -1.08393 -0.544643 3.8468 3.10207 3.85751e-06 -0.115474 -1.62999e-33 -5.0064e-33 0 0 0 -4.48246e-34 2.52033e-37 -3.49274e-42 0 0 0 7.2116e-38
 1.00006 4 -0.947031 -0.371264 3.76552 2.49377 -1.79671 -0.071475 1.00006 5 -1.08393 -0.544643 3.8468 3.10207 3.85751e-06 -0.115474 -1.63598e-33 -5.00555e-33 0 0 0 -4.49894e-34 2.52997e-37 -3.49037e-42 0 0 0 7.21303e-38
 1.00006 4 -0.947031 -0.371264 3.76552 2.49377 -1.79671 -0.071475 1.00006 5 -1.08393 -0.544643 3.8468 3.10207 3.85751e-06 -0.115474 -1.63598e-33 -5.00555e-33 0 0 0 -4.49894e-34 2.52997e-37 -3.49037e-42 0 0 0 7.21303e-38
 1.00015 4 -0.947031 -0.371264 3.76552 2.49377 -1.79671 -0.071475 1.00015 5 -1.08393 -0.544643 3.8468 3.10207 3.85751e-06 -0.115474 -1.63598e-33 -5.00555e-33 0 0 0 -4.49894e-34 2.52997e-37 -3.49037e-42 0 0 0 7.21303e-38
 1.00015 4 -0.947031 -0.371264 3.76552 2.49377 -1.79671 -0.071475 1.00015 5 -1.08393 -0.544643 3.8468 3.10207 3.85751e-06 -0.115474 -1.63598e-33 -5.00555e-33 0 0 0 -4.49894e-34 2.52997e-37 -3.49037e-42 0 0 0 7.21303e-38
 1.00005 4 -0.947031 -0.371264 3.76552 2.49377 -1.79671 -0.071475 1.00005 5 -1.08393 -0.544643 3.8468 3.10207 3.85751e-06 -0.115474 -1.62999e-33 -5.0064e-33 0 0 0 -4.48246e-34 2.52033e-37 -3.49274e-42 0 0 0 7.2116e-38
 1.00005 4 -0.947031 -0.371264 3.76552 2.49377 -1.79671 -0.071475 1.00005 5 -1.08393 -0.544643 3.8468 3.10207 3.85751e-06 -0.115474 -1.62999e-33 -5.0064e-33 0 0 0 -4.48246e-34 2.52033e-37 -3.49274e-42 0 0 0 7.2116e-38
 1.00031 4 -0.947031 -0.371264 3.76552 2.49377 -1.79671 -0.071475 1.00031 5 -1.08393 -0.544643 3.8468 3.10207 3.85751e-06 -0.115474 -1.62999e-33 -5.0064e-33 0 0 0 -4.48246e-34 2.52033e-37 -3.49274e-42 0 0 0 7.2116e-38
 1.00031 4 -0.947031 -0.371264 3.76552 2.49377 -1.79671 -0.071475 1.00031 5 -1.08393 -0.544643 3.8468 3.10207 3.85751e-06 -0.115474 -1.62999e-33 -5.0064e-33 0 0 0 -4.48246e-34 2.52033e-37 -3.49274e-42 0 0 0 7.2116e-38
 1.00006 4 -0.947031 -0.371264 3.76552 2.49377 -1.79671 -0.071475 1.00006 5 -1.08393 -0.544643 3.8468 3.10207 3.85751e-06 -0.115474 -1.62999e-33 -5.0064e-33 0 0 0 -4.48246e-34 2.52033e-37 -3.49274e-42 0 0 0 7.2116e-38
 1.00006 4 -0.947031 -0.371264 3.76552 2.49377 -1.79671 -0.071475 1.00006 5 -1.08393 -0.544643 3.8468 3.10207 3.85751e-06 -0.115474 -1.62999e-33 -5.0064e-33 0 0 0 -4.48246e-34 2.52033e-37 -3.49274e-42 0 0 0 7.2116e-38
 1.00008 4 -0.947031 -0.371264 3.76552 2.49377 -1.79671 -0.071475 1.00008 5 -1.08393 -0.544643 3.8468 3.10207 3.85751e-06 -0.115474 -1.63598e-33 -5.00555e-33 0 0 0 -4.49894e-34 2.52997e-37 -3.49037e-42 0 0 0 7.21303e-38
 1.00008 4 -0.947031 -0.371264 3.76552 2.49377 -1.79671 -0.071475 1.00008 5 -1.08393 -0.544643 3.8468 3.10207 3.85751e-06 -0.115474 -1.63598e-33 -5.00555e-33 0 0 0 -4.49894e-34 2.52997e-37 -3.49037e-42 0 0 0 7.21303e-38
 1.00008 4 -0.947031 -0.371264 3.76552 2.49377 -1.79671 -0.071475 1.00008 5 -1.08393 -0.544643 3.8468 3.10207 3.85751e-06 -0.115474 -1.63598e-33 -5.00555e-33 0 0 0 -4.49894e-34 2.52997e-37 -3.49037e-42 0 0 0 7.21303e-38
 1.00008 4 -0.947031 -0.371264 3.76552 2.49377 -1.79671 -0.071475 1.00008 5 -1.08393 -0.544643 3.8468 3.10207 3.85751e-06 -0.115474 -1.63598e-33 -5.00555e-33 0 0 0 -4.49894e-34 2.52997e-37 -3.49037e-42 0 0 0 7.21303e-38
 1.00007 4 -0.947031 -0.371264 3.76552 2.49377 -1.79671 -0.071475 1.00007 5 -1.08393 -0.544643 3.8468 3.10207 3.85751e-06 -0.115474 -1.62999e-33 -5.0064e-33 0 0 0 -4.48246e-34 2.52997e-37 -3.49037e-42 0 0 0 7.21303e-38
 1.00007 4 -0.947031 -0.371264 3.76552 2.49377 -1.79671 -0.071475 1.00007 5 -1.08393 -0.544643 3.8468 3.10207 3.85751e-06 -0.115474 -1.62999e-33 -5.0064e-33 0 0 0 -4.48246e-34 2.52997e-37 -3.49037e-42 0 0 0 7.21303e-38
 1.00007 4 -0.947031 -0.371264 3.76552 2.49377 -1.79671 -0.071475 1.00007 5 -1.08393 -0.544643 3.8468 3.10207 3.85751e-06 -0.115474 -1.63598e-33 -5.00555e-33 0 0 0 -4.49894e-34 2.52997e-37 -3.49037e-42 0 0 0 7.21303e-38
 1.00007 4 -0.947031 -0.371264 3.76552 2.49377 -1.79671 -0.071475 1.00007 5 -1.08393 -0.544643 3.8468 3.10207 3.85751e-06 -0.115474 -1.63598e-33 -5.00555e-33 0 0 0 -4.49894e-34 2.52997e-37 -3.49037e-42 0 0 0 7.21303e-38
 1.00009 4 -0.947031 -0.371264 3.76552 2.49377 -1.79671 -0.071475 1.00009 5 -1.08393 -0.544643 3.8468 3.10207 3.85751e-06 -0.115474 -1.62999e-33 -5.0064e-33 0 0 0 -4.48246e-34 2.52033e-37 -3.49274e-42 0 0 0 7.2116e-38
 1.00009 4 -0.947031 -0.371264 3.76552 2.49377 -1.79671 -0.071475 1.00009 5 -1.08393 -0.544643 3.8468 3.10207 3.85751e-06 -0.115474 -1.62999e-33 -5.0064e-33 0 0 0 -4.48246e-34 2.52033e-37 -3.49274e-42 0 0 0 7.2116e-38
 1.00003 4 -0.947031 -0.371264 3.76552 2.49377 -1.79671 -0.071475 1.00003 5 -1.08393 -0.544643 3.8468 3.10207 3.85751e-06 -0.115474 -1.63598e-33 -5.00555e-33 0 0 0 -4.49894e-34 2.52997e-37 -3.49037e-42 0 0 0 7.21303e-38
 1.00003 4 -0.947031 -0.371264 3.76552 2.49377 -1.79671 -0.071475 1.00003 5 -1.08393 -0.544643 3.8468 3.10207 3.85751e-06 -0.115474 -1.63598e-33 -5.00555e-33 0 0 0 -4.49894e-34 2.52997e-37 -3.49037e-42 0 0 0 7.21303e-38
 1.0008 4 -0.947031 -0.371264 3.76552 2.49377 -1.79671 -0.071475 1.0008 5 -1.08393 -0.544643 3.8468 3.10207 3.85751e-06 -0.115474 -1.62999e-33 -5.0064e-33 0 0 0 -4.48246e-34 2.52033e-37 -3.49274e-42 0 0 0 7.2116e-38
 1.0008 4 -0.947031 -0.371264 3.76552 2.49377 -1.79671 -0.071475 1.0008 5 -1.08393 -0.544643 3.8468 3.10207 3.85751e-06 -0.115474 -1.62999e-33 -5.0064e-33 0 0 0 -4.48246e-34 2.52033e-37 -3.49274e-42 0 0 0 7.2116e-38
 1.00006 4 -0.947031 -0.371264 3.76552 2.49377 -1.79671 -0.071475 1.00006 5 -1.08393 -0.544643 3.8468 3.10207 3.85751e-06 -0.115474 -1.63598e-33 -5.00555e-33 0 0 0 -4.49894e-34 2.52997e-37 -3.49037e-42 0 0 0 7.21303e-38
 1.00006 4 -0.947031 -0.371264 3.76552 2.49377 -1.79671 -0.071475 1.00006 5 -1.08393 -0.544643 3.8468 3.10207 3.85751e-06 -0.115474 -1.63598e-33 -5.00555e-33 0 0 0 -4.49894e-34 2.52997e-37 -3.49037e-42 0 0 0 7.21303e-38
 1.00074 4 -0.947031 -0.371264 3.76552 2.49377 -1.79671 -0.071475 1.00074 5 -1.08393 -0.544643 3.8468 3.10207 3.85751e-06 -0.115474 -1.63598e-33 -5.00555e-33 0 0 0 -4.49894e-34 2.52997e-37 -3.49037e-42 0 0 0 7.21303e-38
 1.00074 4 -0.947031 -0.371264 3.76552 2.49377 -1.79671 -0.071475 1.00074 5 -1.08393 -0.544643 3.8468 3.10207 3.85751e-06 -0.115474 -1.63598e-33 -5.00555e-33 0 0 0 -4.49894e-34 2.52997e-37 -3.49037e-42 0 0 0 7.21303e-38
 1.00006 4 -0.947031 -0.371264 3.76552 2.49377 -1.79671 -0.071475 1.00006 5 -1.08393 -0.544643 3.8468 3.10207 3.85751e-06 -0.115474 -1.63598e-33 -5.00555e-33 0 0 0 -4.49894e-34 2.52997e-37 -3.49037e-42 0 0 0 7.21303e-38
 1.00006 4 -0.947031 -0.371264 3.76552 2.49377 -1.79671 -0.071475 1.00006 5 -1.08393 -0.544643 3.8468 3.10207 3.85751e-06 -0.115474 -1.63598e-33 -5.00555e-33 0 0 0 -4.49894e-34 2.52997e-37 -3.49037e-42 0 0 0 7.21303e-38
 1.00008 4 -0.947031 -0.371264 3.76552 2.49377 -1.79671 -0.071475 1.00008 5 -1.08393 -0.544643 3.8468 3.10207 3.85751e-06 -0.115474 -1.63598e-33 -5.00555e-33 0 0 0 -4.49894e-34 2.52997e-37 -3.49037e-42 0 0 0 7.21303e-38
 1.00008 4 -0.947031 -0.371264 3.76552 2.49377 -1.79671 -0.071475 1.00008 5 -1.08393 -0.544643 3.8468 3.10207 3.85751e-06 -0.115474 -1.63598e-33 -5.00555e-33 0 0 0 -4.49894e-34 2.52997e-37 -3.49037e-42 0 0 0 7.21303e-38
 1.00006 4 -0.947031 -0.371264 3.76552 2.49377 -1.79671 -0.071475 1.00006 5 -1.08393 -0.544643 3.8468 3.10207 3.85751e-06 -0.115474 -1.63598e-33 -5.00555e-33 0 0 0 -4.49894e-34 2.52997e-37 -3.49037e-42 0 0 0 7.21303e-38
 1.00006 4 -0.947031 -0.371264 3.76552 2.49377 -1.79671 -0.071475 1.00006 5 -1.08393 -0.544643 3.8468 3.10207 3.85751e-06 -0.115474 -1.63598e-33 -5.00555e-33 0 0 0 -4.49894e-34 2.52997e-37 -3.49037e-42 0 0 0 7.21303e-38
 1.00015 4 -0.947031 -0.371264 3.76552 2.49377 -1.79671 -0.071475 1.00015 5 -1.08393 -0.544643 3.8468 3.10207 3.85751e-06 -0.115474 -1.62999e-33 -5.0064e-33 0 0 0 -4.48246e-34 2.52033e-37 -3.49274e-42 0 0 0 7.2116e-38
 1.00015 4 -0.947031 -0.371264 3.76552 2.49377 -1.79671 -0.071475 1.00015 5 -1.08393 -0.544643 3.8468 3.10207 3.85751e-06 -0.115474 -1.62999e-33 -5.0064e-33 0 0 0 -4.48246e-34 2.52033e-37 -3.49274e-42 0 0 0 7.2116e-38
 1.00008 4 -0.947031 -0.371264 3.76552 2.49377 -1.79671 -0.071475 1.00008 5 -1.08393 -0.544643 3.8468 3.10207 3.85751e-06 -0.115474 -1.62999e-33 -5.0064e-33 0 0 0 -4.48246e-34 2.52033e-37 -3.49274e-42 0 0 0 7.2116e-38
 1.00008 4 -0.947031 -0.371264 3.76552 2.49377 -1.79671 -0.071475 1.00008 5 -1.08393 -0.544643 3.8468 3.10207 3.85751e-06 -0.115474 -1.62999e-33 -5.0064e-33 0 0 0 -4.48246e-34 2.52033e-37 -3.49274e-42 0 0 0 7.2116e-38
 1.00012 4 -0.947031 -0.371264 3.76552 2.49377 -1.79671 -0.071475 1.00012 5 -1.08393 -0.544643 3.8468 3.10207 3.85751e-06 -0.115474 -1.63598e-33 -5.00555e-33 0 0 0 -4.49894e-34 2.52997e-37 -3.49037e-42 0 0 0 7.21303e-38
 1.00012 4 -0.947031 -0.371264 3.76552 2.49377 -1.79671 -0.071475 1.00012 5 -1.08393 -0.544643 3.8468 3.10207 3.85751e-06 -0.115474 -1.63598e-33 -5.00555e-33 0 0 0 -4.49894e-34 2.52997e-37 -3.49037e-42 0 0 0 7.21303e-38
 1.0001 4 -0.947031 -0.371264 3.76552 2.49377 -1.79671 -0.071475 1.0001 5 -1.08393 -0.544643 3.8468 3.10207 3.85751e-06 -0.115474 -1.63598e-33 -5.00555e-33 0 0 0 -4.49894e-34 2.52997e-37 -3.49037e-42 0 0 0 7.21303e-38
 1.0001 4 -0.947031 -0.371264 3.76552 2.49377 -1.79671 -0.071475 1.0001 5 -1.08393 -0.544643 3.8468 3.10207 3.85751e-06 -0.115474 -1.63598e-33 -5.00555e-33 0 0 0 -4.49894e-34 2.52997e-37 -3.49037e-42 0 0 0 7.21303e-38
 1.00006 4 -0.947031 -0.371264 3.76552 2.49377 -1.79671 -0.071475 1.00006 5 -1.08393 -0.544643 3.8468 3.10207 3.85751e-06 -0.115474 -1.62999e-33 -5.0064e-33 0 0 0 -4.48246e-34 2.52033e-37 -3.49274e-42 0 0 0 7.2116e-38
 1.00006 4 -0.947031 -0.371264 3.76552 2.49377 -1.79671 -0.071475 1.00006 5 -1.08393 -0.544643 3.8468 3.10207 3.85751e-06 -0.115474 -1.62999e-33 -5.0064e-33 0 0 0 -4.48246e-34 2.52033e-37 -3.49274e-42 0 0 0 7.2116e-38
 1.00015 4 -0.947031 -0.371264 3.76552 2.49377 -1.79671 -0.071475 1.00015 5 -1.08393 -0.544643 3.8468 3.10207 3.85751e-06 -0.115474 -1.63598e-33 -5.00555e-33 0 0 0 -4.49894e-34 2.52997e-37 -3.49037e-42 0 0 0 7.21303e-38
 1.00015 4 -0.947031 -0.371264 3.76552 2.49377 -1.79671 -0.071475 1.00015 5 -1.08393 -0.544643 3.8468 3.10207 3.85751e-06 -0.115474 -1.63598e-33 -5.00555e-33 0 0 0 -4.49894e-34 2.52997e-37 -3.49037e-42 0 0 0 7.21303e-38
 1.0001 4 -0.947031 -0.371264 3.76552 2.49377 -1.79671 -0.071475 1.0001 5 -1.08393 -0.544643 3.8468 3.10207 3.85751e-06 -0.115474 -1.63598e-33 -5.00555e-33 0 0 0 -4.49894e-34 2.52997e-37 -3.49037e-42 0 0 0 7.21303e-38
 1.0001 4 -0.947031 -0.371264 3.76552 2.49377 -1.79671 -0.071475 1.0001 5 -1.08393 -0.544643 3.8468 3.10207 3.85751e-06 -0.115474 -1.63598e-33 -5.00555e-33 0 0 0 -4.49894e-34 2.52997e-37 -3.49037e-42 0 0 0 7.21303e-38
