 1.00006 4 -0.38907 -0.255439 1.89135 2.23384 -1.85329 0.814286 1.00006 5 -0.603532 -0.444135 2.23672 2.58118 -0.162712 0.33531 -1.56671e-17 -4.48901e-17 0 0 0 5.22946e-18 2.25414e-21 1.80705e-25 0 0 0 -3.19732e-22
 1.00006 4 -0.38907 -0.255439 1.89135 2.23384 -1.85329 0.814286 1.00006 5 -0.603532 -0.444135 2.23672 2.58118 -0.162712 0.33531 -1.56671e-17 -4.48901e-17 0 0 0 5.22946e-18 2.25414e-21 1.80705e-25 0 0 0 -3.19732e-22
 1.00007 4 -0.38907 -0.255439 1.89135 2.23384 -1.85329 0.814286 1.00007 5 -0.603532 -0.444135 2.23672 2.58118 -0.162712 0.33531 3.43849e-17 1.04042e-16 0 0 0 -1.35058e-17 -1.71872e-16 5.27807e-16 0 0 0 -1.57556e-21
 1.00007 4 -0.38907 -0.255439 1.89135 2.23384 -1.85329 0.814286 1.00007 5 -0.603532 -0.444135 2.23672 2.58118 -0.162712 0.33531 3.43849e-17 1.04042e-16 0 0 0 -1.35058e-17 -1.71872e-16 5.27807e-16 0 0 0 -1.57556e-21
 1.00007 4 -0.38907 -0.255439 1.89135 2.23384 -1.85329 0.814286 1.00007 5 -0.603532 -0.444135 2.23672 2.58118 -0.162712 0.33531 3.43849e-17 1.04042e-16 0 0 0 -1.35058e-17 -1.71872e-16 5.27807e-16 0 0 0 -1.57556e-21
 1.00007 4 -0.38907 -0.255439 1.89135 2.23384 -1.85329 0.814286 1.00007 5 -0.603532 -0.444135 2.23672 2.58118 -0.162712 0.33531 3.43849e-17 1.04042e-16 0 0 0 -1.35058e-17 -1.71872e-16 5.27807e-16 0 0 0 -1.57556e-21
 1.00015 4 -0.38907 -0.255439 1.89135 2.23384 -1.85329 0.814286 1.00015 5 -0.603532 -0.444135 2.23672 2.58118 -0.162712 0.33531 7.52267e-19 2.38166e-18 0 0 0 4.39241e-20 -1.183e-22 -1.08388e-26 0 0 0 -1.78056e-23
 1.00015 4 -0.38907 -0.255439 1.89135 2.23384 -1.85329 0.814286 1.00015 5 -0.603532 -0.444135 2.23672 2.58118 -0.162712 0.33531 7.52267e-19 2.38166e-18 0 0 0 4.39241e-20 -1.183e-22 -1.08388e-26 0 0 0 -1.78056e-23
 1.00012 4 -0.38907 -0.255439 1.89135 2.23384 -1.85329 0.814286 1.00012 5 -0.603532 -0.444135 2.23672 2.58118 -0.162712 0.33531 -1.28602e-19 -4.02274e-19 0 0 0 4.0623e-19 2.55938e-23 6.79525e-28 0 0 0 -3.86152e-23
 1.00012 4 -0.38907 -0.255439 1.89135 2.23384 -1.85329 0.814286 1.00012 5 -0.603532 -0.444135 2.23672 2.58118 -0.162712 0.33531 -1.28602e-19 -4.02274e-19 0 0 0 4.0623e-19 2.55938e-23 6.79525e-28 0 0 0 -3.86152e-23
 1.00011 4 -0.38907 -0.255439 1.89135 2.23384 -1.85329 0.814286 1.00011 5 -0.603532 -0.444135 2.23672 2.58118 -0.162712 0.33531 3.43989e-17 1.04086e-16 0 0 0 -1.35299e-17 -1.71872e-16 5.27807e-16 0 0 0 -1.5734e-21
 1.00011 4 -0.38907 -0.255439 1.89135 2.23384 -1.85329 0.814286 1.00011 5 -0.603532 -0.444135 2.23672 2.58118 -0.162712 0.33531 3.43989e-17 1.04086e-16 0 0 0 -1.35299e-17 -1.71872e-16 5.27807e-16 0 0 0 -1.5734e-21
 1.00013 4 -0.38907 -0.255439 1.89135 2.23384 -1.85329 0.814286 1.00013 5 -0.603532 -0.444135 2.23672 2.58118 -0.162712 0.33531 -1.28964e-19 -4.03388e-19 0 0 0 4.08878e-19 2.56853e-23 6.77209e-28 0 0 0 -3.88747e-23
 1.00013 4 -0.38907 -0.255439 1.89135 2.23384 -1.85329 0.814286 1.00013 5 -0.603532 -0.444135 2.23672 2.58118 -0.162712 0.33531 -1.28964e-19 -4.03388e-19 0 0 0 4.08878e-19 2.56853e-23 6.77209e-28 0 0 0 -3.88747e-23
 1.0002 4 -0.38907 -0.255439 1.89135 2.23384 -1.85329 0.814286 1.0002 5 -0.603532 -0.444135 2.23672 2.58118 -0.162712 0.33531 -0.294346 -0.903936 0 0 0 0.17988 0.950859 0.309609 0 0 0 4.51797e-08
 1.0002 4 -0.38907 -0.255439 1.89135 2.23384 -1.85329 0.814286 1.0002 5 -0.603532 -0.444135 2.23672 2.58118 -0.162712 0.33531 -0.294346 -0.903936 0 0 0 0.17988 0.950859 0.309609 0 0 0 4.51797e-08
 1.0001 4 -0.379234 -0.186451 1.78357 2.27946 -1.91392 0.890284 1.0001 5 -0.603532 -0.444135 2.23672 2.58118 -0.162712 0.33531 -0.294408 -0.904127 0 0 0 0.238398 0.950859 0.30961 0 0 0 1.14442e-10
 1.0001 4 -0.379234 -0.186451 1.78357 2.27946 -1.91392 0.890284 1.0001 5 -0.603532 -0.444135 2.23672 2.58118 -0.162712 0.33531 -0.294408 -0.904127 0 0 0 0.238398 0.950859 0.30961 0 0 0 1.14442e-10
 1.00005 4 -0.380577 -0.174657 1.77795 2.33192 -1.90039 0.845541 1.00005 5 -0.603532 -0.444135 2.23672 2.58118 -0.162712 0.33531 3.47957e-09 -1 0 0 0 0.32756 0.950859 0.309625 0 0 0 -2.22045e-15
 1.00005 4 -0.380577 -0.174657 1.77795 2.33192 -1.90039 0.845541 1.00005 5 -0.603532 -0.444135 2.23672 2.58118 -0.162712 0.33531 3.47957e-09 -1 0 0 0 0.32756 0.950859 0.309625 0 0 0 -2.22045e-15
 1.00006 4 -0.386288 -0.17703 1.80656 -2.30674 1.89938 -0.796213 1.00006 5 -0.603532 -0.444135 2.23672 2.58118 -0.162712 0.33531 0.293488 0.901306 0 0 0 -0.242487 -0.95086 -0.309605 0 0 0 -3.66009e-07
 1.00006 4 -0.386288 -0.17703 1.80656 -2.30674 1.89938 -0.796213 1.00006 5 -0.603532 -0.444135 2.23672 2.58118 -0.162712 0.33531 0.293488 0.901306 0 0 0 -0.242487 -0.95086 -0.309605 0 0 0 -3.66009e-07
 1.0003 4 -0.386805 -0.228269 1.85656 2.2503 -1.89275 0.847409 1.0003 5 -0.603532 -0.444135 2.23672 2.58118 -0.162712 0.33531 0.294407 0.904136 0 0 0 -0.198936 -0.95086 -0.309605 0 0 0 1.12239e-10
 1.0003 4 -0.386805 -0.228269 1.85656 2.2503 -1.89275 0.847409 1.0003 5 -0.603532 -0.444135 2.23672 2.58118 -0.162712 0.33531 0.294407 0.904136 0 0 0 -0.198936 -0.95086 -0.309605 0 0 0 1.12239e-10
 1.00006 4 -0.397271 -0.26006 1.92902 2.26828 -1.90497 0.778706 1.00006 5 -0.603532 -0.444135 2.23672 2.58118 -0.162712 0.33531 6.14545e-12 1.41749e-11 0 0 0 -1.37903e-12 -3.87997e-16 6.99786e-16 0 0 0 9.05216e-17
 1.00006 4 -0.397271 -0.26006 1.92902 2.26828 -1.90497 0.778706 1.00006 5 -0.603532 -0.444135 2.23672 2.58118 -0.162712 0.33531 6.14545e-12 1.41749e-11 0 0 0 -1.37903e-12 -3.87997e-16 6.99786e-16 0 0 0 9.05216e-17
 1.00006 4 -0.390982 -0.253895 1.89633 2.23578 -1.90921 0.834332 1.00006 5 -0.603532 -0.444135 2.23672 2.58118 -0.162712 0.33531 -0.294658 -0.904897 0 0 0 0.184258 0.950859 0.309609 0 0 0 -1.74485e-07
 1.00006 4 -0.390982 -0.253895 1.89633 2.23578 -1.90921 0.834332 1.00006 5 -0.603532 -0.444135 2.23672 2.58118 -0.162712 0.33531 -0.294658 -0.904897 0 0 0 0.184258 0.950859 0.309609 0 0 0 -1.74485e-07
 1.00007 4 -0.374525 -0.185994 1.76337 2.26319 -1.88884 0.853784 1.00007 5 -0.603532 -0.444135 2.23672 2.58118 -0.162712 0.33531 -0.294408 -0.904127 0 0 0 0.239488 0.950859 0.30961 0 0 0 1.14429e-10
 1.00007 4 -0.374525 -0.185994 1.76337 2.26319 -1.88884 0.853784 1.00007 5 -0.603532 -0.444135 2.23672 2.58118 -0.162712 0.33531 -0.294408 -0.904127 0 0 0 0.239488 0.950859 0.30961 0 0 0 1.14429e-10
 1.00011 4 -0.381199 -0.186989 1.79277 2.30053 -1.94127 0.829313 1.00011 5 -0.603532 -0.444135 2.23672 2.58118 -0.162712 0.33531 0.294407 0.904137 0 0 0 -0.232532 -0.95086 -0.309605 0 0 0 1.13189e-10
 1.00011 4 -0.381199 -0.186989 1.79277 2.30053 -1.94127 0.829313 1.00011 5 -0.603532 -0.444135 2.23672 2.58118 -0.162712 0.33531 0.294407 0.904137 0 0 0 -0.232532 -0.95086 -0.309605 0 0 0 1.13189e-10
 1.00006 4 -0.38907 -0.255439 1.89135 2.23384 -1.85329 0.814286 1.00006 5 -0.603532 -0.444135 2.23672 2.58118 -0.162712 0.33531 0.000132951 0.999932 0 0 0 -0.260905 -0.95086 -0.309621 0 0 0 -5.5548e-09
 1.00006 4 -0.38907 -0.255439 1.89135 2.23384 -1.85329 0.814286 1.00006 5 -0.603532 -0.444135 2.23672 2.58118 -0.162712 0.33531 0.000132951 0.999932 0 0 0 -0.260905 -0.95086 -0.309621 0 0 0 -5.5548e-09
 1.00006 4 -0.38907 -0.255439 1.89135 2.23384 -1.85329 0.814286 1.00006 5 -0.603532 -0.444135 2.23672 2.58118 -0.162712 0.33531 2.60244e-09 1 0 0 0 -0.261 -0.95086 -0.309621 0 0 0 2.77556e-17
 1.00006 4 -0.38907 -0.255439 1.89135 2.23384 -1.85329 0.814286 1.00006 5 -0.603532 -0.444135 2.23672 2.58118 -0.162712 0.33531 2.60244e-09 1 0 0 0 -0.261 -0.95086 -0.309621 0 0 0 2.77556e-17
 1.00008 4 -0.38907 -0.255439 1.89135 2.23384 -1.85329 0.814286 1.00008 5 -0.603532 -0.444135 2.23672 2.58118 -0.162712 0.33531 -4.28173e-12 -8.07792e-12 0 0 0 -4.18277e-14 5.78378e-16 -5.27883e-16 0 0 0 1.28584e-17
 1.00008 4 -0.38907 -0.255439 1.89135 2.23384 -1.85329 0.814286 1.00008 5 -0.603532 -0.444135 2.23672 2.58118 -0.162712 0.33531 -4.28173e-12 -8.07792e-12 0 0 0 -4.18277e-14 5.78378e-16 -5.27883e-16 0 0 0 1.28584e-17
 1.00007 4 -0.38907 -0.255439 1.89135 2.23384 -1.85329 0.814286 1.00007 5 -0.603532 -0.444135 2.23672 2.58118 -0.162712 0.33531 -6.45704e-12 -1.46532e-11 0 0 0 7.16048e-13 4.08289e-16 -6.99765e-16 0 0 0 -2.56543e-17
 1.00007 4 -0.38907 -0.255439 1.89135 2.23384 -1.85329 0.814286 1.00007 5 -0.603532 -0.444135 2.23672 2.58118 -0.162712 0.33531 -6.45704e-12 -1.46532e-11 0 0 0 7.16048e-13 4.08289e-16 -6.99765e-16 0 0 0 -2.56543e-17
 1.00089 4 -0.38907 -0.255439 1.89135 2.23384 -1.85329 0.814286 1.00089 5 -0.603532 -0.444135 2.23672 2.58118 -0.162712 0.33531 -6.14738e-12 -1.36742e-11 0 0 0 6.1799e-13 5.42112e-16 5.27711e-16 0 0 0 -2.23807e-17
 1.00089 4 -0.38907 -0.255439 1.89135 2.23384 -1.85329 0.814286 1.00089 5 -0.603532 -0.444135 2.23672 2.58118 -0.162712 0.33531 -6.14738e-12 -1.36742e-11 0 0 0 6.1799e-13 5.42112e-16 5.27711e-16 0 0 0 -2.23807e-17
 1.00011 4 -0.398051 -0.249049 1.92372 2.32296 -1.88853 0.715436 1.00011 5 -0.603532 -0.444135 2.23672 2.58118 -0.162712 0.33531 -0.294409 -0.90413 0 0 0 0.191326 0.950859 0.309609 0 0 0 1.13248e-10
 1.00011 4 -0.398051 -0.249049 1.92372 2.32296 -1.88853 0.715436 1.00011 5 -0.603532 -0.444135 2.23672 2.58118 -0.162712 0.33531 -0.294409 -0.90413 0 0 0 0.191326 0.950859 0.309609 0 0 0 1.13248e-10
 1.00006 4 -0.382391 -0.175989 1.78972 2.82233 -2.0744 -0.512009 1.00006 5 -0.603532 -0.444135 2.23672 2.58118 -0.162712 0.33531 -0.294409 -0.904129 0 0 0 0.24619 0.950859 0.30961 0 0 0 1.13718e-10
 1.00006 4 -0.382391 -0.175989 1.78972 2.82233 -2.0744 -0.512009 1.00006 5 -0.603532 -0.444135 2.23672 2.58118 -0.162712 0.33531 -0.294409 -0.904129 0 0 0 0.24619 0.950859 0.30961 0 0 0 1.13718e-10
 1.00006 4 -0.380577 -0.174657 1.77795 2.33192 -1.90039 0.845541 1.00006 5 -0.603532 -0.444135 2.23672 2.58118 -0.162712 0.33531 3.46409e-09 -1 0 0 0 0.32756 0.950859 0.309625 0 0 0 5.55112e-17
 1.00006 4 -0.380577 -0.174657 1.77795 2.33192 -1.90039 0.845541 1.00006 5 -0.603532 -0.444135 2.23672 2.58118 -0.162712 0.33531 3.46409e-09 -1 0 0 0 0.32756 0.950859 0.309625 0 0 0 5.55112e-17
 1.0005 4 -0.379234 -0.186451 1.78357 2.27946 -1.91392 0.890284 1.0005 5 -0.603532 -0.444135 2.23672 2.58118 -0.162712 0.33531 0.294407 0.904137 0 0 0 -0.232944 -0.95086 -0.309605 0 0 0 1.13191e-10
 1.0005 4 -0.379234 -0.186451 1.78357 2.27946 -1.91392 0.890284 1.0005 5 -0.603532 -0.444135 2.23672 2.58118 -0.162712 0.33531 0.294407 0.904137 0 0 0 -0.232944 -0.95086 -0.309605 0 0 0 1.13191e-10
 1.00016 4 -0.38907 -0.255439 1.89135 2.23384 -1.85329 0.814286 1.00016 5 -0.603532 -0.444135 2.23672 2.58118 -0.162712 0.33531 0.294328 0.903699 0 0 0 -0.176891 -0.95086 -0.309606 0 0 0 -3.10962e-07
 1.00016 4 -0.38907 -0.255439 1.89135 2.23384 -1.85329 0.814286 1.00016 5 -0.603532 -0.444135 2.23672 2.58118 -0.162712 0.33531 0.294328 0.903699 0 0 0 -0.176891 -0.95086 -0.309606 0 0 0 -3.10962e-07
 1.00004 4 -0.38907 -0.255439 1.89135 2.23384 -1.85329 0.814286 1.00004 5 -0.603532 -0.444135 2.23672 2.58118 -0.162712 0.33531 2.62599e-09 1 0 0 0 -0.261 -0.95086 -0.309621 0 0 0 -2.77556e-17
 1.00004 4 -0.38907 -0.255439 1.89135 2.23384 -1.85329 0.814286 1.00004 5 -0.603532 -0.444135 2.23672 2.58118 -0.162712 0.33531 2.62599e-09 1 0 0 0 -0.261 -0.95086 -0.309621 0 0 0 -2.77556e-17
 1.00015 4 -0.38907 -0.255439 1.89135 2.23384 -1.85329 0.814286 1.00015 5 -0.603532 -0.444135 2.23672 2.58118 -0.162712 0.33531 -6.45882e-12 -1.46589e-11 0 0 0 7.04427e-13 2.36511e-16 -1.71959e-16 0 0 0 -2.56853e-17
 1.00015 4 -0.38907 -0.255439 1.89135 2.23384 -1.85329 0.814286 1.00015 5 -0.603532 -0.444135 2.23672 2.58118 -0.162712 0.33531 -6.45882e-12 -1.46589e-11 0 0 0 7.04427e-13 2.36511e-16 -1.71959e-16 0 0 0 -2.56853e-17
 1.00006 4 -0.38907 -0.255439 1.89135 2.23384 -1.85329 0.814286 1.00006 5 -0.603532 -0.444135 2.23672 2.58118 -0.162712 0.33531 -4.19585e-12 -7.80675e-12 0 0 0 -9.75344e-14 2.34612e-16 5.27731e-16 0 0 0 1.28678e-17
 1.00006 4 -0.38907 -0.255439 1.89135 2.23384 -1.85329 0.814286 1.00006 5 -0.603532 -0.444135 2.23672 2.58118 -0.162712 0.33531 -4.19585e-12 -7.80675e-12 0 0 0 -9.75344e-14 2.34612e-16 5.27731e-16 0 0 0 1.28678e-17
 1.00015 4 -0.38907 -0.255439 1.89135 2.23384 -1.85329 0.814286 1.00015 5 -0.603532 -0.444135 2.23672 2.58118 -0.162712 0.33531 -4.19575e-12 -7.80641e-12 0 0 0 -9.73506e-14 1.09188e-15 -3.56017e-16 0 0 0 1.69475e-17
 1.00015 4 -0.38907 -0.255439 1.89135 2.23384 -1.85329 0.814286 1.00015 5 -0.603532 -0.444135 2.23672 2.58118 -0.162712 0.33531 -4.19575e-12 -7.80641e-12 0 0 0 -9.73506e-14 1.09188e-15 -3.56017e-16 0 0 0 1.69475e-17
 1.00006 4 -0.38907 -0.255439 1.89135 2.23384 -1.85329 0.814286 1.00006 5 -0.603532 -0.444135 2.23672 2.58118 -0.162712 0.33531 5.09014e-12 1.04451e-11 0 0 0 -2.49414e-13 -5.31563e-16 9.31472e-20 0 0 0 -6.98909e-20
 1.00006 4 -0.38907 -0.255439 1.89135 2.23384 -1.85329 0.814286 1.00006 5 -0.603532 -0.444135 2.23672 2.58118 -0.162712 0.33531 5.09014e-12 1.04451e-11 0 0 0 -2.49414e-13 -5.31563e-16 9.31472e-20 0 0 0 -6.98909e-20
 1.00006 4 -0.395393 -0.258393 1.91993 2.25329 -1.88197 0.845164 1.00006 5 -0.603532 -0.444135 2.23672 2.58118 -0.162712 0.33531 -0.294409 -0.904131 0 0 0 0.181255 0.950859 0.309609 0 0 0 -1.5594e-10
 1.00006 4 -0.395393 -0.258393 1.91993 2.25329 -1.88197 0.845164 1.00006 5 -0.603532 -0.444135 2.23672 2.58118 -0.162712 0.33531 -0.294409 -0.904131 0 0 0 0.181255 0.950859 0.309609 0 0 0 -1.5594e-10
 1.00073 4 -0.37261 -0.183821 1.75434 2.24558 -1.86357 0.911515 1.00073 5 -0.603532 -0.444135 2.23672 2.58118 -0.162712 0.33531 -0.294408 -0.904127 0 0 0 0.241247 0.950859 0.30961 0 0 0 1.14509e-10
 1.00073 4 -0.37261 -0.183821 1.75434 2.24558 -1.86357 0.911515 1.00073 5 -0.603532 -0.444135 2.23672 2.58118 -0.162712 0.33531 -0.294408 -0.904127 0 0 0 0.241247 0.950859 0.30961 0 0 0 1.14509e-10
 1.00006 4 -0.380577 -0.174657 1.77795 2.33192 -1.90039 0.845541 1.00006 5 -0.603532 -0.444135 2.23672 2.58118 -0.162712 0.33531 3.46409e-09 -1 0 0 0 0.32756 0.950859 0.309625 0 0 0 0
 1.00006 4 -0.380577 -0.174657 1.77795 2.33192 -1.90039 0.845541 1.00006 5 -0.603532 -0.444135 2.23672 2.58118 -0.162712 0.33531 3.46409e-09 -1 0 0 0 0.32756 0.950859 0.309625 0 0 0 0
 1.00012 4 -0.382391 -0.175989 1.78972 2.82233 -2.0744 -0.512009 1.00012 5 -0.603532 -0.444135 2.23672 2.58118 -0.162712 0.33531 0.294409 0.904145 0 0 0 -0.245709 -0.95086 -0.309605 0 0 0 -2.75412e-09
 1.00012 4 -0.382391 -0.175989 1.78972 2.82233 -2.0744 -0.512009 1.00012 5 -0.603532 -0.444135 2.23672 2.58118 -0.162712 0.33531 0.294409 0.904145 0 0 0 -0.245709 -0.95086 -0.309605 0 0 0 -2.75412e-09
 1.00005 4 -0.38907 -0.255439 1.89135 2.23384 -1.85329 0.814286 1.00005 5 -0.603532 -0.444135 2.23672 2.58118 -0.162712 0.33531 0.308238 0.941287 0 0 0 -0.188002 -0.950862 -0.309605 0 0 0 6.5924e-07
 1.00005 4 -0.38907 -0.255439 1.89135 2.23384 -1.85329 0.814286 1.00005 5 -0.603532 -0.444135 2.23672 2.58118 -0.162712 0.33531 0.308238 0.941287 0 0 0 -0.188002 -0.950862 -0.309605 0 0 0 6.5924e-07
 1.00007 4 -0.38907 -0.255439 1.89135 2.23384 -1.85329 0.814286 1.00007 5 -0.603532 -0.444135 2.23672 2.58118 -0.162712 0.33531 2.60682e-09 1 0 0 0 -0.261 -0.95086 -0.309621 0 0 0 0
 1.00007 4 -0.38907 -0.255439 1.89135 2.23384 -1.85329 0.814286 1.00007 5 -0.603532 -0.444135 2.23672 2.58118 -0.162712 0.33531 2.60682e-09 1 0 0 0 -0.261 -0.95086 -0.309621 0 0 0 0
 1.00016 4 -0.38907 -0.255439 1.89135 2.23384 -1.85329 0.814286 1.00016 5 -0.603532 -0.444135 2.23672 2.58118 -0.162712 0.33531 -5.22754e-07 -1.61082e-06 0 0 0 3.83189e-06 1.32112e-10 -3.66586e-15 0 0 0 -3.74372e-10
 1.00016 4 -0.38907 -0.255439 1.89135 2.23384 -1.85329 0.814286 1.00016 5 -0.603532 -0.444135 2.23672 2.58118 -0.162712 0.33531 -5.22754e-07 -1.61082e-06 0 0 0 3.83189e-06 1.32112e-10 -3.66586e-15 0 0 0 -3.74372e-10
 1.00005 4 -0.38907 -0.255439 1.89135 2.23384 -1.85329 0.814286 1.00005 5 -0.603532 -0.444135 2.23672 2.58118 -0.162712 0.33531 8.50054e-13 2.59284e-12 0 0 0 -3.12382e-13 3.55981e-16 6.99687e-16 0 0 0 -6.64114e-19
 1.00005 4 -0.38907 -0.255439 1.89135 2.23384 -1.85329 0.814286 1.00005 5 -0.603532 -0.444135 2.23672 2.58118 -0.162712 0.33531 8.50054e-13 2.59284e-12 0 0 0 -3.12382e-13 3.55981e-16 6.99687e-16 0 0 0 -6.64114e-19
 1.00008 4 -0.38907 -0.255439 1.89135 2.23384 -1.85329 0.814286 1.00008 5 -0.603532 -0.444135 2.23672 2.58118 -0.162712 0.33531 -3.09535e-13 -1.07298e-12 0 0 0 8.4154e-14 2.20579e-16 -5.27789e-16 0 0 0 -2.2394e-18
 1.00008 4 -0.38907 -0.255439 1.89135 2.23384 -1.85329 0.814286 1.00008 5 -0.603532 -0.444135 2.23672 2.58118 -0.162712 0.33531 -3.09535e-13 -1.07298e-12 0 0 0 8.4154e-14 2.20579e-16 -5.27789e-16 0 0 0 -2.2394e-18
 1.00012 4 -0.385 -0.24179 1.86077 2.20426 -1.85868 0.871316 1.00012 5 -0.603532 -0.444135 2.23672 2.58118 -0.162712 0.33531 -0.294409 -0.90413 0 0 0 0.190145 0.950859 0.309609 0 0 0 1.13199e-10
 1.00012 4 -0.385 -0.24179 1.86077 2.20426 -1.85868 0.871316 1.00012 5 -0.603532 -0.444135 2.23672 2.58118 -0.162712 0.33531 -0.294409 -0.90413 0 0 0 0.190145 0.950859 0.309609 0 0 0 1.13199e-10
 1.00006 4 -0.382391 -0.175989 1.78972 2.82233 -2.0744 -0.512009 1.00006 5 -0.603532 -0.444135 2.23672 2.58118 -0.162712 0.33531 -0.294409 -0.904129 0 0 0 0.246468 0.950859 0.30961 0 0 0 1.13696e-10
 1.00006 4 -0.382391 -0.175989 1.78972 2.82233 -2.0744 -0.512009 1.00006 5 -0.603532 -0.444135 2.23672 2.58118 -0.162712 0.33531 -0.294409 -0.904129 0 0 0 0.246468 0.950859 0.30961 0 0 0 1.13696e-10
 1.00013 4 -0.380577 -0.174657 1.77795 2.33192 -1.90039 0.845541 1.00013 5 -0.603532 -0.444135 2.23672 2.58118 -0.162712 0.33531 3.46409e-09 -1 0 0 0 0.32756 0.950859 0.309625 0 0 0 2.77556e-17
 1.00013 4 -0.380577 -0.174657 1.77795 2.33192 -1.90039 0.845541 1.00013 5 -0.603532 -0.444135 2.23672 2.58118 -0.162712 0.33531 3.46409e-09 -1 0 0 0 0.32756 0.950859 0.309625 0 0 0 2.77556e-17
 1.00007 4 -0.381066 -0.182741 1.78812 2.35446 -1.92782 0.766964 1.00007 5 -0.603532 -0.444135 2.23672 2.58118 -0.162712 0.33531 0.294407 0.904138 0 0 0 -0.237751 -0.95086 -0.309605 0 0 0 1.13318e-10
 1.00007 4 -0.381066 -0.182741 1.78812 2.35446 -1.92782 0.766964 1.00007 5 -0.603532 -0.444135 2.23672 2.58118 -0.162712 0.33531 0.294407 0.904138 0 0 0 -0.237751 -0.95086 -0.309605 0 0 0 1.13318e-10
 1.00008 4 -0.391787 -0.254091 1.89986 2.94186 -2.14935 -0.669734 1.00008 5 -0.603532 -0.444135 2.23672 2.58118 -0.162712 0.33531 0.294407 0.904137 0 0 0 -0.181604 -0.95086 -0.309606 0 0 0 1.12916e-10
 1.00008 4 -0.391787 -0.254091 1.89986 2.94186 -2.14935 -0.669734 1.00008 5 -0.603532 -0.444135 2.23672 2.58118 -0.162712 0.33531 0.294407 0.904137 0 0 0 -0.181604 -0.95086 -0.309606 0 0 0 1.12916e-10
 1.00007 4 -0.38907 -0.255439 1.89135 2.23384 -1.85329 0.814286 1.00007 5 -0.603532 -0.444135 2.23672 2.58118 -0.162712 0.33531 2.60463e-09 1 0 0 0 -0.261 -0.95086 -0.309621 0 0 0 5.55112e-17
 1.00007 4 -0.38907 -0.255439 1.89135 2.23384 -1.85329 0.814286 1.00007 5 -0.603532 -0.444135 2.23672 2.58118 -0.162712 0.33531 2.60463e-09 1 0 0 0 -0.261 -0.95086 -0.309621 0 0 0 5.55112e-17
 1.00006 4 -0.38907 -0.255439 1.89135 2.23384 -1.85329 0.814286 1.00006 5 -0.603532 -0.444135 2.23672 2.58118 -0.162712 0.33531 6.33394e-12 1.48764e-11 0 0 0 -1.43875e-12 -9.44921e-16 5.27892e-16 0 0 0 9.33941e-17
 1.00006 4 -0.38907 -0.255439 1.89135 2.23384 -1.85329 0.814286 1.00006 5 -0.603532 -0.444135 2.23672 2.58118 -0.162712 0.33531 6.33394e-12 1.48764e-11 0 0 0 -1.43875e-12 -9.44921e-16 5.27892e-16 0 0 0 9.33941e-17
 1.00007 4 -0.38907 -0.255439 1.89135 2.23384 -1.85329 0.814286 1.00007 5 -0.603532 -0.444135 2.23672 2.58118 -0.162712 0.33531 -4.26784e-12 -8.53397e-12 0 0 0 6.70426e-13 1.13373e-15 -3.56026e-16 0 0 0 -5.15625e-17
 1.00007 4 -0.38907 -0.255439 1.89135 2.23384 -1.85329 0.814286 1.00007 5 -0.603532 -0.444135 2.23672 2.58118 -0.162712 0.33531 -4.26784e-12 -8.53397e-12 0 0 0 6.70426e-13 1.13373e-15 -3.56026e-16 0 0 0 -5.15625e-17
 1.00007 4 -0.38907 -0.255439 1.89135 2.23384 -1.85329 0.814286 1.00007 5 -0.603532 -0.444135 2.23672 2.58118 -0.162712 0.33531 -6.53121e-12 -1.53874e-11 0 0 0 1.48113e-12 8.06323e-16 -1.01658e-19 0 0 0 -9.4924e-17
 1.00007 4 -0.38907 -0.255439 1.89135 2.23384 -1.85329 0.814286 1.00007 5 -0.603532 -0.444135 2.23672 2.58118 -0.162712 0.33531 -6.53121e-12 -1.53874e-11 0 0 0 1.48113e-12 8.06323e-16 -1.01658e-19 0 0 0 -9.4924e-17
 1.00011 4 -0.38907 -0.255439 1.89135 2.23384 -1.85329 0.814286 1.00011 5 -0.603532 -0.444135 2.23672 2.58118 -0.162712 0.33531 6.33217e-12 1.4871e-11 0 0 0 -1.4394e-12 -9.44643e-16 5.27894e-16 0 0 0 9.33103e-17
 1.00011 4 -0.38907 -0.255439 1.89135 2.23384 -1.85329 0.814286 1.00011 5 -0.603532 -0.444135 2.23672 2.58118 -0.162712 0.33531 6.33217e-12 1.4871e-11 0 0 0 -1.4394e-12 -9.44643e-16 5.27894e-16 0 0 0 9.33103e-17
 1.00017 4 -0.38907 -0.255439 1.89135 2.23384 -1.85329 0.814286 1.00017 5 -0.603532 -0.444135 2.23672 2.58118 -0.162712 0.33531 -6.52899e-12 -1.53804e-11 0 0 0 1.49299e-12 8.0612e-16 -9.95549e-20 0 0 0 -9.60275e-17
 1.00017 4 -0.38907 -0.255439 1.89135 2.23384 -1.85329 0.814286 1.00017 5 -0.603532 -0.444135 2.23672 2.58118 -0.162712 0.33531 -6.52899e-12 -1.53804e-11 0 0 0 1.49299e-12 8.0612e-16 -9.95549e-20 0 0 0 -9.60275e-17
 1.00004 4 -0.395367 -0.259272 1.91984 2.25218 -1.88087 0.843147 1.00004 5 -0.603532 -0.444135 2.23672 2.58118 -0.162712 0.33531 -6.52975e-12 -1.53831e-11 0 0 0 1.48193e-12 8.06097e-16 -1.00738e-19 0 0 0 -9.48468e-17
 1.00004 4 -0.395367 -0.259272 1.91984 2.25218 -1.88087 0.843147 1.00004 5 -0.603532 -0.444135 2.23672 2.58118 -0.162712 0.33531 -6.52975e-12 -1.53831e-11 0 0 0 1.48193e-12 8.06097e-16 -1.00738e-19 0 0 0 -9.48468e-17
 1.00006 4 -0.397271 -0.26006 1.92902 2.26828 -1.90497 0.778706 1.00006 5 -0.603532 -0.444135 2.23672 2.58118 -0.162712 0.33531 6.29182e-12 1.4744e-11 0 0 0 -1.39866e-12 -7.65868e-16 8.73725e-20 0 0 0 8.9784e-17
 1.00006 4 -0.397271 -0.26006 1.92902 2.26828 -1.90497 0.778706 1.00006 5 -0.603532 -0.444135 2.23672 2.58118 -0.162712 0.33531 6.29182e-12 1.4744e-11 0 0 0 -1.39866e-12 -7.65868e-16 8.73725e-20 0 0 0 8.9784e-17
