 1.00006 4 -0.38907 -0.255439 1.89135 2.23384 -1.85329 0.814286 1.00006 5 -0.603532 -0.444135 2.23672 2.58118 -0.162712 0.33531 -1.32904e-321 -4.17485e-321 0 0 0 -1.56619e-321 0 0 0 0 0 9.88131e-324
 1.00006 4 -0.38907 -0.255439 1.89135 2.23384 -1.85329 0.814286 1.00006 5 -0.603532 -0.444135 2.23672 2.58118 -0.162712 0.33531 -1.32904e-321 -4.17485e-321 0 0 0 -1.56619e-321 0 0 0 0 0 9.88131e-324
 1.00013 4 -0.38907 -0.255439 1.89135 2.23384 -1.85329 0.814286 1.00013 5 -0.603532 -0.444135 2.23672 2.58118 -0.162712 0.33531 -1.32904e-321 -4.17485e-321 0 0 0 -1.56619e-321 0 0 0 0 0 9.88131e-324
 1.00013 4 -0.38907 -0.255439 1.89135 2.23384 -1.85329 0.814286 1.00013 5 -0.603532 -0.444135 2.23672 2.58118 -0.162712 0.33531 -1.32904e-321 -4.17485e-321 0 0 0 -1.56619e-321 0 0 0 0 0 9.88131e-324
 1.00006 4 -0.38907 -0.255439 1.89135 2.23384 -1.85329 0.814286 1.00006 5 -0.603532 -0.444135 2.23672 2.58118 -0.162712 0.33531 -1.32904e-321 -4.17485e-321 0 0 0 -1.56619e-321 0 0 0 0 0 9.88131e-324
 1.00006 4 -0.38907 -0.255439 1.89135 2.23384 -1.85329 0.814286 1.00006 5 -0.603532 -0.444135 2.23672 2.58118 -0.162712 0.33531 -1.32904e-321 -4.17485e-321 0 0 0 -1.56619e-321 0 0 0 0 0 9.88131e-324
 1.00016 4 -0.38907 -0.255439 1.89135 2.23384 -1.85329 0.814286 1.00016 5 -0.603532 -0.444135 2.23672 2.58118 -0.162712 0.33531 -1.32904e-321 -4.17485e-321 0 0 0 -1.56619e-321 0 0 0 0 0 9.88131e-324
 1.00016 4 -0.38907 -0.255439 1.89135 2.23384 -1.85329 0.814286 1.00016 5 -0.603532 -0.444135 2.23672 2.58118 -0.162712 0.33531 -1.32904e-321 -4.17485e-321 0 0 0 -1.56619e-321 0 0 0 0 0 9.88131e-324
 1.00013 4 -0.38907 -0.255439 1.89135 2.23384 -1.85329 0.814286 1.00013 5 -0.603532 -0.444135 2.23672 2.58118 -0.162712 0.33531 -1.32904e-321 -4.17485e-321 0 0 0 -1.56619e-321 0 0 0 0 0 -9.88131e-324
 1.00013 4 -0.38907 -0.255439 1.89135 2.23384 -1.85329 0.814286 1.00013 5 -0.603532 -0.444135 2.23672 2.58118 -0.162712 0.33531 -1.32904e-321 -4.17485e-321 0 0 0 -1.56619e-321 0 0 0 0 0 -9.88131e-324
 1.0001 4 -0.38907 -0.255439 1.89135 2.23384 -1.85329 0.814286 1.0001 5 -0.603532 -0.444135 2.23672 2.58118 -0.162712 0.33531 -1.32904e-321 -4.17485e-321 0 0 0 -1.56619e-321 0 0 0 0 0 -9.88131e-324
 1.0001 4 -0.38907 -0.255439 1.89135 2.23384 -1.85329 0.814286 1.0001 5 -0.603532 -0.444135 2.23672 2.58118 -0.162712 0.33531 -1.32904e-321 -4.17485e-321 0 0 0 -1.56619e-321 0 0 0 0 0 -9.88131e-324
 1.0001 4 -0.38907 -0.255439 1.89135 2.23384 -1.85329 0.814286 1.0001 5 -0.603532 -0.444135 2.23672 2.58118 -0.162712 0.33531 -1.32904e-321 -4.17485e-321 0 0 0 -1.56619e-321 0 0 0 0 0 -9.88131e-324
 1.0001 4 -0.38907 -0.255439 1.89135 2.23384 -1.85329 0.814286 1.0001 5 -0.603532 -0.444135 2.23672 2.58118 -0.162712 0.33531 -1.32904e-321 -4.17485e-321 0 0 0 -1.56619e-321 0 0 0 0 0 -9.88131e-324
 1.00007 4 -0.38907 -0.255439 1.89135 2.23384 -1.85329 0.814286 1.00007 5 -0.603532 -0.444135 2.23672 2.58118 -0.162712 0.33531 -1.32904e-321 -4.17485e-321 0 0 0 -1.56619e-321 0 0 0 0 0 -9.88131e-324
 1.00007 4 -0.38907 -0.255439 1.89135 2.23384 -1.85329 0.814286 1.00007 5 -0.603532 -0.444135 2.23672 2.58118 -0.162712 0.33531 -1.32904e-321 -4.17485e-321 0 0 0 -1.56619e-321 0 0 0 0 0 -9.88131e-324
 1.00011 4 -0.38907 -0.255439 1.89135 2.23384 -1.85329 0.814286 1.00011 5 -0.603532 -0.444135 2.23672 2.58118 -0.162712 0.33531 -1.32904e-321 -4.17485e-321 0 0 0 -1.56619e-321 0 0 0 0 0 9.88131e-324
 1.00011 4 -0.38907 -0.255439 1.89135 2.23384 -1.85329 0.814286 1.00011 5 -0.603532 -0.444135 2.23672 2.58118 -0.162712 0.33531 -1.32904e-321 -4.17485e-321 0 0 0 -1.56619e-321 0 0 0 0 0 9.88131e-324
 1.00004 4 -0.390845 -0.248377 1.8912 2.23275 -1.85227 0.819967 1.00004 5 -0.603532 -0.444135 2.23672 2.58118 -0.162712 0.33531 -0.294409 -0.90413 0 0 0 0.187549 0.950859 0.309609 0 0 0 1.13149e-10
 1.00004 4 -0.390845 -0.248377 1.8912 2.23275 -1.85227 0.819967 1.00004 5 -0.603532 -0.444135 2.23672 2.58118 -0.162712 0.33531 -0.294409 -0.90413 0 0 0 0.187549 0.950859 0.309609 0 0 0 1.13149e-10
 1.00006 4 -0.378445 -0.195667 1.79173 2.29628 -1.88687 0.794465 1.00006 5 -0.603532 -0.444135 2.23672 2.58118 -0.162712 0.33531 -0.294541 -0.90453 0 0 0 0.228269 0.950859 0.309609 0 0 0 -6.67757e-08
 1.00006 4 -0.378445 -0.195667 1.79173 2.29628 -1.88687 0.794465 1.00006 5 -0.603532 -0.444135 2.23672 2.58118 -0.162712 0.33531 -0.294541 -0.90453 0 0 0 0.228269 0.950859 0.309609 0 0 0 -6.67757e-08
 1.00006 4 -0.38356 -0.198085 1.814 2.31677 -1.915 0.830481 1.00006 5 -0.603532 -0.444135 2.23672 2.58118 -0.162712 0.33531 3.21321e-09 -1 0 0 0 0.308543 0.950859 0.309625 0 0 0 2.77556e-17
 1.00006 4 -0.38356 -0.198085 1.814 2.31677 -1.915 0.830481 1.00006 5 -0.603532 -0.444135 2.23672 2.58118 -0.162712 0.33531 3.21321e-09 -1 0 0 0 0.308543 0.950859 0.309625 0 0 0 2.77556e-17
 1.00006 4 -0.383921 -0.204676 1.81987 2.26504 -1.87713 0.857094 1.00006 5 -0.603532 -0.444135 2.23672 2.58118 -0.162712 0.33531 0.294407 0.904137 0 0 0 -0.220521 -0.95086 -0.309605 0 0 0 1.13195e-10
 1.00006 4 -0.383921 -0.204676 1.81987 2.26504 -1.87713 0.857094 1.00006 5 -0.603532 -0.444135 2.23672 2.58118 -0.162712 0.33531 0.294407 0.904137 0 0 0 -0.220521 -0.95086 -0.309605 0 0 0 1.13195e-10
 1.00012 4 -0.38907 -0.255439 1.89135 2.23384 -1.85329 0.814286 1.00012 5 -0.603532 -0.444135 2.23672 2.58118 -0.162712 0.33531 2.62596e-09 1 0 0 0 -0.261 -0.95086 -0.309621 0 0 0 0
 1.00012 4 -0.38907 -0.255439 1.89135 2.23384 -1.85329 0.814286 1.00012 5 -0.603532 -0.444135 2.23672 2.58118 -0.162712 0.33531 2.62596e-09 1 0 0 0 -0.261 -0.95086 -0.309621 0 0 0 0
 1.0001 4 -0.38907 -0.255439 1.89135 2.23384 -1.85329 0.814286 1.0001 5 -0.603532 -0.444135 2.23672 2.58118 -0.162712 0.33531 2.62599e-09 1 0 0 0 -0.261 -0.95086 -0.309621 0 0 0 0
 1.0001 4 -0.38907 -0.255439 1.89135 2.23384 -1.85329 0.814286 1.0001 5 -0.603532 -0.444135 2.23672 2.58118 -0.162712 0.33531 2.62599e-09 1 0 0 0 -0.261 -0.95086 -0.309621 0 0 0 0
 1.00008 4 -0.38907 -0.255439 1.89135 2.23384 -1.85329 0.814286 1.00008 5 -0.603532 -0.444135 2.23672 2.58118 -0.162712 0.33531 -6.15058e-12 -1.25342e-11 0 0 0 1.03499e-12 6.52927e-16 -9.7485e-20 0 0 0 -7.90304e-17
 1.00008 4 -0.38907 -0.255439 1.89135 2.23384 -1.85329 0.814286 1.00008 5 -0.603532 -0.444135 2.23672 2.58118 -0.162712 0.33531 -6.15058e-12 -1.25342e-11 0 0 0 1.03499e-12 6.52927e-16 -9.7485e-20 0 0 0 -7.90304e-17
 1.00002 4 -0.38907 -0.255439 1.89135 2.23384 -1.85329 0.814286 1.00002 5 -0.603532 -0.444135 2.23672 2.58118 -0.162712 0.33531 -6.14988e-12 -1.25321e-11 0 0 0 1.03511e-12 6.52807e-16 -9.68744e-20 0 0 0 -7.90029e-17
 1.00002 4 -0.38907 -0.255439 1.89135 2.23384 -1.85329 0.814286 1.00002 5 -0.603532 -0.444135 2.23672 2.58118 -0.162712 0.33531 -6.14988e-12 -1.25321e-11 0 0 0 1.03511e-12 6.52807e-16 -9.68744e-20 0 0 0 -7.90029e-17
 1.00011 4 -0.38907 -0.255439 1.89135 2.23384 -1.85329 0.814286 1.00011 5 -0.603532 -0.444135 2.23672 2.58118 -0.162712 0.33531 -6.15022e-12 -1.25331e-11 0 0 0 1.04204e-12 6.52949e-16 -9.75062e-20 0 0 0 -7.96408e-17
 1.00011 4 -0.38907 -0.255439 1.89135 2.23384 -1.85329 0.814286 1.00011 5 -0.603532 -0.444135 2.23672 2.58118 -0.162712 0.33531 -6.15022e-12 -1.25331e-11 0 0 0 1.04204e-12 6.52949e-16 -9.75062e-20 0 0 0 -7.96408e-17
 1.00005 4 -0.38907 -0.255439 1.89135 2.23384 -1.85329 0.814286 1.00005 5 -0.603532 -0.444135 2.23672 2.58118 -0.162712 0.33531 6.20363e-12 1.27105e-11 0 0 0 -1.01949e-12 -6.38401e-16 9.72361e-20 0 0 0 7.81013e-17
 1.00005 4 -0.38907 -0.255439 1.89135 2.23384 -1.85329 0.814286 1.00005 5 -0.603532 -0.444135 2.23672 2.58118 -0.162712 0.33531 6.20363e-12 1.27105e-11 0 0 0 -1.01949e-12 -6.38401e-16 9.72361e-20 0 0 0 7.81013e-17
 1.00008 4 -0.38907 -0.255439 1.89135 2.23384 -1.85329 0.814286 1.00008 5 -0.603532 -0.444135 2.23672 2.58118 -0.162712 0.33531 1.8074e-90 5.95289e-90 0 0 0 2.95699e-90 -2.97039e-95 -1.07677e-100 0 0 0 -4.111e-95
 1.00008 4 -0.38907 -0.255439 1.89135 2.23384 -1.85329 0.814286 1.00008 5 -0.603532 -0.444135 2.23672 2.58118 -0.162712 0.33531 1.8074e-90 5.95289e-90 0 0 0 2.95699e-90 -2.97039e-95 -1.07677e-100 0 0 0 -4.111e-95
 1.00027 4 -0.38907 -0.255439 1.89135 2.23384 -1.85329 0.814286 1.00027 5 -0.603532 -0.444135 2.23672 2.58118 -0.162712 0.33531 -0.305074 -0.938051 0 0 0 0.166073 0.950861 0.309608 0 0 0 1.58533e-06
 1.00027 4 -0.38907 -0.255439 1.89135 2.23384 -1.85329 0.814286 1.00027 5 -0.603532 -0.444135 2.23672 2.58118 -0.162712 0.33531 -0.305074 -0.938051 0 0 0 0.166073 0.950861 0.309608 0 0 0 1.58533e-06
 1.00008 4 -0.378483 -0.197362 1.79197 2.29667 -1.88731 0.792968 1.00008 5 -0.603532 -0.444135 2.23672 2.58118 -0.162712 0.33531 -0.337903 -1.00015 0 0 0 0.293279 0.950864 0.30961 0 0 0 -6.07651e-06
 1.00008 4 -0.378483 -0.197362 1.79197 2.29667 -1.88731 0.792968 1.00008 5 -0.603532 -0.444135 2.23672 2.58118 -0.162712 0.33531 -0.337903 -1.00015 0 0 0 0.293279 0.950864 0.30961 0 0 0 -6.07651e-06
 1.0001 4 -0.38356 -0.198085 1.814 2.31677 -1.915 0.830481 1.0001 5 -0.603532 -0.444135 2.23672 2.58118 -0.162712 0.33531 3.21321e-09 -1 0 0 0 0.308543 0.950859 0.309625 0 0 0 2.77556e-17
 1.0001 4 -0.38356 -0.198085 1.814 2.31677 -1.915 0.830481 1.0001 5 -0.603532 -0.444135 2.23672 2.58118 -0.162712 0.33531 3.21321e-09 -1 0 0 0 0.308543 0.950859 0.309625 0 0 0 2.77556e-17
 1.00012 4 -0.38356 -0.198085 1.814 2.31677 -1.915 0.830481 1.00012 5 -0.603532 -0.444135 2.23672 2.58118 -0.162712 0.33531 0.00306792 0.00947646 0 0 0 -0.013392 -6.53076e-07 -1.62925e-10 0 0 0 1.23867e-06
 1.00012 4 -0.38356 -0.198085 1.814 2.31677 -1.915 0.830481 1.00012 5 -0.603532 -0.444135 2.23672 2.58118 -0.162712 0.33531 0.00306792 0.00947646 0 0 0 -0.013392 -6.53076e-07 -1.62925e-10 0 0 0 1.23867e-06
 1.00014 4 -0.391133 -0.250443 1.89683 2.24351 -1.87253 0.758114 1.00014 5 -0.603532 -0.444135 2.23672 2.58118 -0.162712 0.33531 -223.453 82.7298 0 0 0 -63.0148 -0.951274 -0.321516 0 0 0 2.92689e-05
 1.00014 4 -0.391133 -0.250443 1.89683 2.24351 -1.87253 0.758114 1.00014 5 -0.603532 -0.444135 2.23672 2.58118 -0.162712 0.33531 -223.453 82.7298 0 0 0 -63.0148 -0.951274 -0.321516 0 0 0 2.92689e-05
 1.00005 4 -0.38907 -0.255439 1.89135 2.23384 -1.85329 0.814286 1.00005 5 -0.603532 -0.444135 2.23672 2.58118 -0.162712 0.33531 2.62599e-09 1 0 0 0 -0.261 -0.95086 -0.309621 0 0 0 0
 1.00005 4 -0.38907 -0.255439 1.89135 2.23384 -1.85329 0.814286 1.00005 5 -0.603532 -0.444135 2.23672 2.58118 -0.162712 0.33531 2.62599e-09 1 0 0 0 -0.261 -0.95086 -0.309621 0 0 0 0
 1.00006 4 -0.38907 -0.255439 1.89135 2.23384 -1.85329 0.814286 1.00006 5 -0.603532 -0.444135 2.23672 2.58118 -0.162712 0.33531 2.62599e-09 1 0 0 0 -0.261 -0.95086 -0.309621 0 0 0 0
 1.00006 4 -0.38907 -0.255439 1.89135 2.23384 -1.85329 0.814286 1.00006 5 -0.603532 -0.444135 2.23672 2.58118 -0.162712 0.33531 2.62599e-09 1 0 0 0 -0.261 -0.95086 -0.309621 0 0 0 0
 1.00008 4 -0.38907 -0.255439 1.89135 2.23384 -1.85329 0.814286 1.00008 5 -0.603532 -0.444135 2.23672 2.58118 -0.162712 0.33531 -7.42955e-12 -1.64722e-11 0 0 0 1.48155e-12 8.62236e-16 -9.6204e-20 0 0 0 -1.01889e-16
 1.00008 4 -0.38907 -0.255439 1.89135 2.23384 -1.85329 0.814286 1.00008 5 -0.603532 -0.444135 2.23672 2.58118 -0.162712 0.33531 -7.42955e-12 -1.64722e-11 0 0 0 1.48155e-12 8.62236e-16 -9.6204e-20 0 0 0 -1.01889e-16
 1.00006 4 -0.38907 -0.255439 1.89135 2.23384 -1.85329 0.814286 1.00006 5 -0.603532 -0.444135 2.23672 2.58118 -0.162712 0.33531 5.22116e-34 1.7174e-33 0 0 0 8.81877e-34 -5.3238e-37 -1.64501e-42 0 0 0 -7.26764e-37
 1.00006 4 -0.38907 -0.255439 1.89135 2.23384 -1.85329 0.814286 1.00006 5 -0.603532 -0.444135 2.23672 2.58118 -0.162712 0.33531 5.22116e-34 1.7174e-33 0 0 0 8.81877e-34 -5.3238e-37 -1.64501e-42 0 0 0 -7.26764e-37
 1.00007 4 -0.38907 -0.255439 1.89135 2.23384 -1.85329 0.814286 1.00007 5 -0.603532 -0.444135 2.23672 2.58118 -0.162712 0.33531 5.99097e-115 1.97337e-114 0 0 0 9.78052e-115 -8.20819e-119 -2.99975e-124 0 0 0 -1.13687e-118
 1.00007 4 -0.38907 -0.255439 1.89135 2.23384 -1.85329 0.814286 1.00007 5 -0.603532 -0.444135 2.23672 2.58118 -0.162712 0.33531 5.99097e-115 1.97337e-114 0 0 0 9.78052e-115 -8.20819e-119 -2.99975e-124 0 0 0 -1.13687e-118
 1.00011 4 -0.397738 -0.226735 1.89818 2.30031 -1.91224 0.723939 1.00011 5 -0.603532 -0.444135 2.23672 2.58118 -0.162712 0.33531 -0.294408 -0.904128 0 0 0 0.212631 0.950859 0.309609 0 0 0 1.13815e-10
 1.00011 4 -0.397738 -0.226735 1.89818 2.30031 -1.91224 0.723939 1.00011 5 -0.603532 -0.444135 2.23672 2.58118 -0.162712 0.33531 -0.294408 -0.904128 0 0 0 0.212631 0.950859 0.309609 0 0 0 1.13815e-10
 1.00007 4 -0.38356 -0.198085 1.814 2.31677 -1.915 0.830481 1.00007 5 -0.603532 -0.444135 2.23672 2.58118 -0.162712 0.33531 3.21321e-09 -1 0 0 0 0.308543 0.950859 0.309625 0 0 0 2.77556e-17
 1.00007 4 -0.38356 -0.198085 1.814 2.31677 -1.915 0.830481 1.00007 5 -0.603532 -0.444135 2.23672 2.58118 -0.162712 0.33531 3.21321e-09 -1 0 0 0 0.308543 0.950859 0.309625 0 0 0 2.77556e-17
 1.00007 4 -0.38356 -0.198085 1.814 2.31677 -1.915 0.830481 1.00007 5 -0.603532 -0.444135 2.23672 2.58118 -0.162712 0.33531 3.21321e-09 -1 0 0 0 0.308543 0.950859 0.309625 0 0 0 2.77556e-17
 1.00007 4 -0.38356 -0.198085 1.814 2.31677 -1.915 0.830481 1.00007 5 -0.603532 -0.444135 2.23672 2.58118 -0.162712 0.33531 3.21321e-09 -1 0 0 0 0.308543 0.950859 0.309625 0 0 0 2.77556e-17
 1.00007 4 -0.382705 -0.219967 1.83058 2.23129 -1.86501 0.822881 1.00007 5 -0.603532 -0.444135 2.23672 2.58118 -0.162712 0.33531 0.294407 0.904136 0 0 0 -0.202759 -0.95086 -0.309605 0 0 0 1.1271e-10
 1.00007 4 -0.382705 -0.219967 1.83058 2.23129 -1.86501 0.822881 1.00007 5 -0.603532 -0.444135 2.23672 2.58118 -0.162712 0.33531 0.294407 0.904136 0 0 0 -0.202759 -0.95086 -0.309605 0 0 0 1.1271e-10
 1.00006 4 -0.38907 -0.255439 1.89135 2.23384 -1.85329 0.814286 1.00006 5 -0.603532 -0.444135 2.23672 2.58118 -0.162712 0.33531 2.62599e-09 1 0 0 0 -0.261 -0.95086 -0.309621 0 0 0 -2.77556e-17
 1.00006 4 -0.38907 -0.255439 1.89135 2.23384 -1.85329 0.814286 1.00006 5 -0.603532 -0.444135 2.23672 2.58118 -0.162712 0.33531 2.62599e-09 1 0 0 0 -0.261 -0.95086 -0.309621 0 0 0 -2.77556e-17
 1.00006 4 -0.38907 -0.255439 1.89135 2.23384 -1.85329 0.814286 1.00006 5 -0.603532 -0.444135 2.23672 2.58118 -0.162712 0.33531 2.62599e-09 1 0 0 0 -0.261 -0.95086 -0.309621 0 0 0 -2.77556e-17
 1.00006 4 -0.38907 -0.255439 1.89135 2.23384 -1.85329 0.814286 1.00006 5 -0.603532 -0.444135 2.23672 2.58118 -0.162712 0.33531 2.62599e-09 1 0 0 0 -0.261 -0.95086 -0.309621 0 0 0 -2.77556e-17
 1.00008 4 -0.38907 -0.255439 1.89135 2.23384 -1.85329 0.814286 1.00008 5 -0.603532 -0.444135 2.23672 2.58118 -0.162712 0.33531 -4.3019e-14 -1.32113e-13 0 0 0 7.30343e-15 6.94703e-18 -1.35676e-22 0 0 0 -2.45327e-21
 1.00008 4 -0.38907 -0.255439 1.89135 2.23384 -1.85329 0.814286 1.00008 5 -0.603532 -0.444135 2.23672 2.58118 -0.162712 0.33531 -4.3019e-14 -1.32113e-13 0 0 0 7.30343e-15 6.94703e-18 -1.35676e-22 0 0 0 -2.45327e-21
 1.0014 4 -0.38907 -0.255439 1.89135 2.23384 -1.85329 0.814286 1.0014 5 -0.603532 -0.444135 2.23672 2.58118 -0.162712 0.33531 1.4275e-45 4.69955e-45 0 0 0 2.36142e-45 -2.43188e-50 -8.44506e-56 0 0 0 -3.35264e-50
 1.0014 4 -0.38907 -0.255439 1.89135 2.23384 -1.85329 0.814286 1.0014 5 -0.603532 -0.444135 2.23672 2.58118 -0.162712 0.33531 1.4275e-45 4.69955e-45 0 0 0 2.36142e-45 -2.43188e-50 -8.44506e-56 0 0 0 -3.35264e-50
 1.0001 4 -0.38907 -0.255439 1.89135 2.23384 -1.85329 0.814286 1.0001 5 -0.603532 -0.444135 2.23672 2.58118 -0.162712 0.33531 1.1105e-129 3.65804e-129 0 0 0 1.81081e-129 -1.28199e-132 -4.70536e-138 0 0 0 -1.77632e-132
 1.0001 4 -0.38907 -0.255439 1.89135 2.23384 -1.85329 0.814286 1.0001 5 -0.603532 -0.444135 2.23672 2.58118 -0.162712 0.33531 1.1105e-129 3.65804e-129 0 0 0 1.81081e-129 -1.28199e-132 -4.70536e-138 0 0 0 -1.77632e-132
 1.00006 4 -0.395932 -0.232038 1.89812 2.30068 -1.91255 0.71895 1.00006 5 -0.603532 -0.444135 2.23672 2.58118 -0.162712 0.33531 -0.294409 -0.904129 0 0 0 0.20693 0.950859 0.309609 0 0 0 1.13669e-10
 1.00006 4 -0.395932 -0.232038 1.89812 2.30068 -1.91255 0.71895 1.00006 5 -0.603532 -0.444135 2.23672 2.58118 -0.162712 0.33531 -0.294409 -0.904129 0 0 0 0.20693 0.950859 0.309609 0 0 0 1.13669e-10
 1.00008 4 -0.38356 -0.198085 1.814 2.31677 -1.915 0.830481 1.00008 5 -0.603532 -0.444135 2.23672 2.58118 -0.162712 0.33531 3.21321e-09 -1 0 0 0 0.308543 0.950859 0.309625 0 0 0 2.77556e-17
 1.00008 4 -0.38356 -0.198085 1.814 2.31677 -1.915 0.830481 1.00008 5 -0.603532 -0.444135 2.23672 2.58118 -0.162712 0.33531 3.21321e-09 -1 0 0 0 0.308543 0.950859 0.309625 0 0 0 2.77556e-17
 1.00006 4 -0.38356 -0.198085 1.814 2.31677 -1.915 0.830481 1.00006 5 -0.603532 -0.444135 2.23672 2.58118 -0.162712 0.33531 3.21321e-09 -1 0 0 0 0.308543 0.950859 0.309625 0 0 0 2.77556e-17
 1.00006 4 -0.38356 -0.198085 1.814 2.31677 -1.915 0.830481 1.00006 5 -0.603532 -0.444135 2.23672 2.58118 -0.162712 0.33531 3.21321e-09 -1 0 0 0 0.308543 0.950859 0.309625 0 0 0 2.77556e-17
 1.00008 4 -0.382705 -0.219967 1.83058 2.23129 -1.86501 0.822881 1.00008 5 -0.603532 -0.444135 2.23672 2.58118 -0.162712 0.33531 0.294407 0.904137 0 0 0 -0.204768 -0.95086 -0.309605 0 0 0 1.12769e-10
 1.00008 4 -0.382705 -0.219967 1.83058 2.23129 -1.86501 0.822881 1.00008 5 -0.603532 -0.444135 2.23672 2.58118 -0.162712 0.33531 0.294407 0.904137 0 0 0 -0.204768 -0.95086 -0.309605 0 0 0 1.12769e-10
 1.00009 4 -0.38907 -0.255439 1.89135 2.23384 -1.85329 0.814286 1.00009 5 -0.603532 -0.444135 2.23672 2.58118 -0.162712 0.33531 2.62599e-09 1 0 0 0 -0.261 -0.95086 -0.309621 0 0 0 0
 1.00009 4 -0.38907 -0.255439 1.89135 2.23384 -1.85329 0.814286 1.00009 5 -0.603532 -0.444135 2.23672 2.58118 -0.162712 0.33531 2.62599e-09 1 0 0 0 -0.261 -0.95086 -0.309621 0 0 0 0
 1.0001 4 -0.38907 -0.255439 1.89135 2.23384 -1.85329 0.814286 1.0001 5 -0.603532 -0.444135 2.23672 2.58118 -0.162712 0.33531 2.62599e-09 1 0 0 0 -0.261 -0.95086 -0.309621 0 0 0 -2.77556e-17
 1.0001 4 -0.38907 -0.255439 1.89135 2.23384 -1.85329 0.814286 1.0001 5 -0.603532 -0.444135 2.23672 2.58118 -0.162712 0.33531 2.62599e-09 1 0 0 0 -0.261 -0.95086 -0.309621 0 0 0 -2.77556e-17
 1.00012 4 -0.38907 -0.255439 1.89135 2.23384 -1.85329 0.814286 1.00012 5 -0.603532 -0.444135 2.23672 2.58118 -0.162712 0.33531 -4.29496e-14 -1.31893e-13 0 0 0 7.31392e-15 6.93587e-18 4.16718e-22 0 0 0 -4.81102e-21
 1.00012 4 -0.38907 -0.255439 1.89135 2.23384 -1.85329 0.814286 1.00012 5 -0.603532 -0.444135 2.23672 2.58118 -0.162712 0.33531 -4.29496e-14 -1.31893e-13 0 0 0 7.31392e-15 6.93587e-18 4.16718e-22 0 0 0 -4.81102e-21
 1.00005 4 -0.38907 -0.255439 1.89135 2.23384 -1.85329 0.814286 1.00005 5 -0.603532 -0.444135 2.23672 2.58118 -0.162712 0.33531 -4.3996e-14 -1.34985e-13 0 0 0 2.82898e-14 7.372e-18 5.35573e-22 0 0 0 -2.08499e-18
 1.00005 4 -0.38907 -0.255439 1.89135 2.23384 -1.85329 0.814286 1.00005 5 -0.603532 -0.444135 2.23672 2.58118 -0.162712 0.33531 -4.3996e-14 -1.34985e-13 0 0 0 2.82898e-14 7.372e-18 5.35573e-22 0 0 0 -2.08499e-18
 1.00009 4 -0.38907 -0.255439 1.89135 2.23384 -1.85329 0.814286 1.00009 5 -0.603532 -0.444135 2.23672 2.58118 -0.162712 0.33531 6.92743e-13 2.194e-12 0 0 0 -2.27278e-13 -2.84217e-16 5.27797e-16 0 0 0 1.04519e-17
 1.00009 4 -0.38907 -0.255439 1.89135 2.23384 -1.85329 0.814286 1.00009 5 -0.603532 -0.444135 2.23672 2.58118 -0.162712 0.33531 6.92743e-13 2.194e-12 0 0 0 -2.27278e-13 -2.84217e-16 5.27797e-16 0 0 0 1.04519e-17
 1.00013 4 -0.38907 -0.255439 1.89135 2.23384 -1.85329 0.814286 1.00013 5 -0.603532 -0.444135 2.23672 2.58118 -0.162712 0.33531 -1.03435e-13 -3.2243e-13 0 0 0 8.33619e-14 1.74743e-17 3.8242e-22 0 0 0 -6.5163e-18
 1.00013 4 -0.38907 -0.255439 1.89135 2.23384 -1.85329 0.814286 1.00013 5 -0.603532 -0.444135 2.23672 2.58118 -0.162712 0.33531 -1.03435e-13 -3.2243e-13 0 0 0 8.33619e-14 1.74743e-17 3.8242e-22 0 0 0 -6.5163e-18
 1.00006 4 -0.38907 -0.255439 1.89135 2.23384 -1.85329 0.814286 1.00006 5 -0.603532 -0.444135 2.23672 2.58118 -0.162712 0.33531 1.74039e-56 5.73083e-56 0 0 0 2.8638e-56 -2.38486e-60 -8.44309e-66 0 0 0 -3.29351e-60
 1.00006 4 -0.38907 -0.255439 1.89135 2.23384 -1.85329 0.814286 1.00006 5 -0.603532 -0.444135 2.23672 2.58118 -0.162712 0.33531 1.74039e-56 5.73083e-56 0 0 0 2.8638e-56 -2.38486e-60 -8.44309e-66 0 0 0 -3.29351e-60
 1.00013 4 -0.38907 -0.255439 1.89135 2.23384 -1.85329 0.814286 1.00013 5 -0.603532 -0.444135 2.23672 2.58118 -0.162712 0.33531 9.27802e-139 3.05633e-138 0 0 0 1.51175e-138 -1.27113e-142 -4.68089e-148 0 0 0 -1.76181e-142
 1.00013 4 -0.38907 -0.255439 1.89135 2.23384 -1.85329 0.814286 1.00013 5 -0.603532 -0.444135 2.23672 2.58118 -0.162712 0.33531 9.27802e-139 3.05633e-138 0 0 0 1.51175e-138 -1.27113e-142 -4.68089e-148 0 0 0 -1.76181e-142
 1.00007 4 -0.38907 -0.255439 1.89135 2.23384 -1.85329 0.814286 1.00007 5 -0.603532 -0.444135 2.23672 2.58118 -0.162712 0.33531 -7.98736e-223 -2.6279e-222 0 0 0 -1.34162e-222 1.42794e-227 4.67879e-233 0 0 0 1.95872e-227
 1.00007 4 -0.38907 -0.255439 1.89135 2.23384 -1.85329 0.814286 1.00007 5 -0.603532 -0.444135 2.23672 2.58118 -0.162712 0.33531 -7.98736e-223 -2.6279e-222 0 0 0 -1.34162e-222 1.42794e-227 4.67879e-233 0 0 0 1.95872e-227
 1.00012 4 -0.38907 -0.255439 1.89135 2.23384 -1.85329 0.814286 1.00012 5 -0.603532 -0.444135 2.23672 2.58118 -0.162712 0.33531 -7.69949e-304 -2.53615e-303 0 0 0 -1.25682e-303 1.0549e-307 3.85708e-313 0 0 0 1.46114e-307
 1.00012 4 -0.38907 -0.255439 1.89135 2.23384 -1.85329 0.814286 1.00012 5 -0.603532 -0.444135 2.23672 2.58118 -0.162712 0.33531 -7.69949e-304 -2.53615e-303 0 0 0 -1.25682e-303 1.0549e-307 3.85708e-313 0 0 0 1.46114e-307
 1.00006 4 -0.38907 -0.255439 1.89135 2.23384 -1.85329 0.814286 1.00006 5 -0.603532 -0.444135 2.23672 2.58118 -0.162712 0.33531 -1.49208e-321 -4.74303e-321 0 0 0 -2.02567e-321 0 0 0 0 0 -9.88131e-324
 1.00006 4 -0.38907 -0.255439 1.89135 2.23384 -1.85329 0.814286 1.00006 5 -0.603532 -0.444135 2.23672 2.58118 -0.162712 0.33531 -1.49208e-321 -4.74303e-321 0 0 0 -2.02567e-321 0 0 0 0 0 -9.88131e-324
 1.00014 4 -0.38907 -0.255439 1.89135 2.23384 -1.85329 0.814286 1.00014 5 -0.603532 -0.444135 2.23672 2.58118 -0.162712 0.33531 -0.293716 -0.901997 0 0 0 0.174715 0.950859 0.309609 0 0 0 5.25293e-07
 1.00014 4 -0.38907 -0.255439 1.89135 2.23384 -1.85329 0.814286 1.00014 5 -0.603532 -0.444135 2.23672 2.58118 -0.162712 0.33531 -0.293716 -0.901997 0 0 0 0.174715 0.950859 0.309609 0 0 0 5.25293e-07
 1.00004 4 -0.38227 -0.211507 1.82025 2.26631 -1.87842 0.850715 1.00004 5 -0.603532 -0.444135 2.23672 2.58118 -0.162712 0.33531 -0.294408 -0.904128 0 0 0 0.218988 0.950859 0.309609 0 0 0 1.13983e-10
 1.00004 4 -0.38227 -0.211507 1.82025 2.26631 -1.87842 0.850715 1.00004 5 -0.603532 -0.444135 2.23672 2.58118 -0.162712 0.33531 -0.294408 -0.904128 0 0 0 0.218988 0.950859 0.309609 0 0 0 1.13983e-10
 1.00007 4 -0.38356 -0.198085 1.814 2.31677 -1.915 0.830481 1.00007 5 -0.603532 -0.444135 2.23672 2.58118 -0.162712 0.33531 3.21321e-09 -1 0 0 0 0.308543 0.950859 0.309625 0 0 0 2.77556e-17
 1.00007 4 -0.38356 -0.198085 1.814 2.31677 -1.915 0.830481 1.00007 5 -0.603532 -0.444135 2.23672 2.58118 -0.162712 0.33531 3.21321e-09 -1 0 0 0 0.308543 0.950859 0.309625 0 0 0 2.77556e-17
 1.00006 4 -0.38356 -0.198085 1.814 2.31677 -1.915 0.830481 1.00006 5 -0.603532 -0.444135 2.23672 2.58118 -0.162712 0.33531 0.508963 1.58 0 0 0 -0.286592 -0.950894 -0.309607 0 0 0 -1.25889e-06
 1.00006 4 -0.38356 -0.198085 1.814 2.31677 -1.915 0.830481 1.00006 5 -0.603532 -0.444135 2.23672 2.58118 -0.162712 0.33531 0.508963 1.58 0 0 0 -0.286592 -0.950894 -0.309607 0 0 0 -1.25889e-06
 1.00011 4 -0.385 -0.24179 1.86077 2.20426 -1.85868 0.871316 1.00011 5 -0.603532 -0.444135 2.23672 2.58118 -0.162712 0.33531 0.294407 0.904136 0 0 0 -0.184987 -0.95086 -0.309606 0 0 0 1.12248e-10
 1.00011 4 -0.385 -0.24179 1.86077 2.20426 -1.85868 0.871316 1.00011 5 -0.603532 -0.444135 2.23672 2.58118 -0.162712 0.33531 0.294407 0.904136 0 0 0 -0.184987 -0.95086 -0.309606 0 0 0 1.12248e-10
 1.00007 4 -0.38907 -0.255439 1.89135 2.23384 -1.85329 0.814286 1.00007 5 -0.603532 -0.444135 2.23672 2.58118 -0.162712 0.33531 2.62599e-09 1 0 0 0 -0.261 -0.95086 -0.309621 0 0 0 -2.77556e-17
 1.00007 4 -0.38907 -0.255439 1.89135 2.23384 -1.85329 0.814286 1.00007 5 -0.603532 -0.444135 2.23672 2.58118 -0.162712 0.33531 2.62599e-09 1 0 0 0 -0.261 -0.95086 -0.309621 0 0 0 -2.77556e-17
 1.00006 4 -0.38907 -0.255439 1.89135 2.23384 -1.85329 0.814286 1.00006 5 -0.603532 -0.444135 2.23672 2.58118 -0.162712 0.33531 -0.00457265 -0.0144465 0 0 0 0.0179114 9.61908e-07 2.16266e-09 0 0 0 -1.70926e-06
 1.00006 4 -0.38907 -0.255439 1.89135 2.23384 -1.85329 0.814286 1.00006 5 -0.603532 -0.444135 2.23672 2.58118 -0.162712 0.33531 -0.00457265 -0.0144465 0 0 0 0.0179114 9.61908e-07 2.16266e-09 0 0 0 -1.70926e-06
 1.00012 4 -0.38907 -0.255439 1.89135 2.23384 -1.85329 0.814286 1.00012 5 -0.603532 -0.444135 2.23672 2.58118 -0.162712 0.33531 2.07094e-14 1.86291e-13 0 0 0 -1.6422e-15 8.69895e-16 -8.83765e-16 0 0 0 -1.10869e-18
 1.00012 4 -0.38907 -0.255439 1.89135 2.23384 -1.85329 0.814286 1.00012 5 -0.603532 -0.444135 2.23672 2.58118 -0.162712 0.33531 2.07094e-14 1.86291e-13 0 0 0 -1.6422e-15 8.69895e-16 -8.83765e-16 0 0 0 -1.10869e-18
 1.00006 4 -0.38907 -0.255439 1.89135 2.23384 -1.85329 0.814286 1.00006 5 -0.603532 -0.444135 2.23672 2.58118 -0.162712 0.33531 2.07096e-14 1.86292e-13 0 0 0 -1.64229e-15 8.69895e-16 -8.83765e-16 0 0 0 -1.10869e-18
 1.00006 4 -0.38907 -0.255439 1.89135 2.23384 -1.85329 0.814286 1.00006 5 -0.603532 -0.444135 2.23672 2.58118 -0.162712 0.33531 2.07096e-14 1.86292e-13 0 0 0 -1.64229e-15 8.69895e-16 -8.83765e-16 0 0 0 -1.10869e-18
 1.00012 4 -0.38907 -0.255439 1.89135 2.23384 -1.85329 0.814286 1.00012 5 -0.603532 -0.444135 2.23672 2.58118 -0.162712 0.33531 1.4352e-38 4.72325e-38 0 0 0 2.39417e-38 -1.9672e-42 -6.57092e-48 0 0 0 -2.70283e-42
 1.00012 4 -0.38907 -0.255439 1.89135 2.23384 -1.85329 0.814286 1.00012 5 -0.603532 -0.444135 2.23672 2.58118 -0.162712 0.33531 1.4352e-38 4.72325e-38 0 0 0 2.39417e-38 -1.9672e-42 -6.57092e-48 0 0 0 -2.70283e-42
 1.00005 4 -0.38907 -0.255439 1.89135 2.23384 -1.85329 0.814286 1.00005 5 -0.603532 -0.444135 2.23672 2.58118 -0.162712 0.33531 5.59627e-120 1.84339e-119 0 0 0 9.1327e-120 -9.12101e-125 -3.33928e-130 0 0 0 -1.2635e-124
 1.00005 4 -0.38907 -0.255439 1.89135 2.23384 -1.85329 0.814286 1.00005 5 -0.603532 -0.444135 2.23672 2.58118 -0.162712 0.33531 5.59627e-120 1.84339e-119 0 0 0 9.1327e-120 -9.12101e-125 -3.33928e-130 0 0 0 -1.2635e-124
 1.00006 4 -0.384064 -0.208644 1.8286 2.2829 -1.90202 0.790647 1.00006 5 -0.603532 -0.444135 2.23672 2.58118 -0.162712 0.33531 -0.294408 -0.904128 0 0 0 0.222267 0.950859 0.309609 0 0 0 1.14063e-10
 1.00006 4 -0.384064 -0.208644 1.8286 2.2829 -1.90202 0.790647 1.00006 5 -0.603532 -0.444135 2.23672 2.58118 -0.162712 0.33531 -0.294408 -0.904128 0 0 0 0.222267 0.950859 0.309609 0 0 0 1.14063e-10
 1.00007 4 -0.38356 -0.198085 1.814 2.31677 -1.915 0.830481 1.00007 5 -0.603532 -0.444135 2.23672 2.58118 -0.162712 0.33531 3.21321e-09 -1 0 0 0 0.308543 0.950859 0.309625 0 0 0 2.77556e-17
 1.00007 4 -0.38356 -0.198085 1.814 2.31677 -1.915 0.830481 1.00007 5 -0.603532 -0.444135 2.23672 2.58118 -0.162712 0.33531 3.21321e-09 -1 0 0 0 0.308543 0.950859 0.309625 0 0 0 2.77556e-17
 1.00065 4 -0.38356 -0.198085 1.814 2.31677 -1.915 0.830481 1.00065 5 -0.603532 -0.444135 2.23672 2.58118 -0.162712 0.33531 3.21321e-09 -1 0 0 0 0.308543 0.950859 0.309625 0 0 0 2.77556e-17
 1.00065 4 -0.38356 -0.198085 1.814 2.31677 -1.915 0.830481 1.00065 5 -0.603532 -0.444135 2.23672 2.58118 -0.162712 0.33531 3.21321e-09 -1 0 0 0 0.308543 0.950859 0.309625 0 0 0 2.77556e-17
 1.00007 4 -0.385 -0.24179 1.86077 2.20426 -1.85868 0.871316 1.00007 5 -0.603532 -0.444135 2.23672 2.58118 -0.162712 0.33531 0.294407 0.904136 0 0 0 -0.185211 -0.95086 -0.309606 0 0 0 1.12279e-10
 1.00007 4 -0.385 -0.24179 1.86077 2.20426 -1.85868 0.871316 1.00007 5 -0.603532 -0.444135 2.23672 2.58118 -0.162712 0.33531 0.294407 0.904136 0 0 0 -0.185211 -0.95086 -0.309606 0 0 0 1.12279e-10
 1.00015 4 -0.38907 -0.255439 1.89135 2.23384 -1.85329 0.814286 1.00015 5 -0.603532 -0.444135 2.23672 2.58118 -0.162712 0.33531 2.62599e-09 1 0 0 0 -0.261 -0.95086 -0.309621 0 0 0 -2.77556e-17
 1.00015 4 -0.38907 -0.255439 1.89135 2.23384 -1.85329 0.814286 1.00015 5 -0.603532 -0.444135 2.23672 2.58118 -0.162712 0.33531 2.62599e-09 1 0 0 0 -0.261 -0.95086 -0.309621 0 0 0 -2.77556e-17
 1.00005 4 -0.38907 -0.255439 1.89135 2.23384 -1.85329 0.814286 1.00005 5 -0.603532 -0.444135 2.23672 2.58118 -0.162712 0.33531 2.62599e-09 1 0 0 0 -0.261 -0.95086 -0.309621 0 0 0 -2.77556e-17
 1.00005 4 -0.38907 -0.255439 1.89135 2.23384 -1.85329 0.814286 1.00005 5 -0.603532 -0.444135 2.23672 2.58118 -0.162712 0.33531 2.62599e-09 1 0 0 0 -0.261 -0.95086 -0.309621 0 0 0 -2.77556e-17
 1.00009 4 -0.38907 -0.255439 1.89135 2.23384 -1.85329 0.814286 1.00009 5 -0.603532 -0.444135 2.23672 2.58118 -0.162712 0.33531 2.02591e-20 6.21298e-20 0 0 0 -1.36444e-19 -5.04022e-24 1.22764e-28 0 0 0 1.40233e-23
 1.00009 4 -0.38907 -0.255439 1.89135 2.23384 -1.85329 0.814286 1.00009 5 -0.603532 -0.444135 2.23672 2.58118 -0.162712 0.33531 2.02591e-20 6.21298e-20 0 0 0 -1.36444e-19 -5.04022e-24 1.22764e-28 0 0 0 1.40233e-23
 1.0002 4 -0.38907 -0.255439 1.89135 2.23384 -1.85329 0.814286 1.0002 5 -0.603532 -0.444135 2.23672 2.58118 -0.162712 0.33531 3.14998e-97 1.03751e-96 0 0 0 5.1501e-97 -4.3159e-101 -1.56807e-106 0 0 0 -5.97443e-101
 1.0002 4 -0.38907 -0.255439 1.89135 2.23384 -1.85329 0.814286 1.0002 5 -0.603532 -0.444135 2.23672 2.58118 -0.162712 0.33531 3.14998e-97 1.03751e-96 0 0 0 5.1501e-97 -4.3159e-101 -1.56807e-106 0 0 0 -5.97443e-101
 1.00005 4 -0.38907 -0.255439 1.89135 2.23384 -1.85329 0.814286 1.00005 5 -0.603532 -0.444135 2.23672 2.58118 -0.162712 0.33531 3.41431e-179 1.12499e-178 0 0 0 5.53061e-179 -3.77113e-183 -1.42064e-188 0 0 0 -5.23813e-183
 1.00005 4 -0.38907 -0.255439 1.89135 2.23384 -1.85329 0.814286 1.00005 5 -0.603532 -0.444135 2.23672 2.58118 -0.162712 0.33531 3.41431e-179 1.12499e-178 0 0 0 5.53061e-179 -3.77113e-183 -1.42064e-188 0 0 0 -5.23813e-183
 1.00015 4 -0.38907 -0.255439 1.89135 2.23384 -1.85329 0.814286 1.00015 5 -0.603532 -0.444135 2.23672 2.58118 -0.162712 0.33531 -1.31616e-261 -4.33459e-261 0 0 0 -2.15743e-261 1.80341e-265 6.48503e-271 0 0 0 2.49406e-265
 1.00015 4 -0.38907 -0.255439 1.89135 2.23384 -1.85329 0.814286 1.00015 5 -0.603532 -0.444135 2.23672 2.58118 -0.162712 0.33531 -1.31616e-261 -4.33459e-261 0 0 0 -2.15743e-261 1.80341e-265 6.48503e-271 0 0 0 2.49406e-265
