 1.00005 4 -0.38907 -0.255439 1.89135 2.23384 -1.85329 0.814286 1.00005 5 -0.603532 -0.444135 2.23672 2.58118 -0.162712 0.33531 -2.56249e-30 7.21005e-29 0 0 0 -6.87645e-31 -4.45156e-33 -1.64955e-33 0 0 0 -9.32327e-34
 1.00005 4 -0.38907 -0.255439 1.89135 2.23384 -1.85329 0.814286 1.00005 5 -0.603532 -0.444135 2.23672 2.58118 -0.162712 0.33531 -2.56249e-30 7.21005e-29 0 0 0 -6.87645e-31 -4.45156e-33 -1.64955e-33 0 0 0 -9.32327e-34
 1.00011 4 -0.38907 -0.255439 1.89135 2.23384 -1.85329 0.814286 1.00011 5 -0.603532 -0.444135 2.23672 2.58118 -0.162712 0.33531 -2.56258e-30 7.20995e-29 0 0 0 -6.87707e-31 -3.25141e-33 -1.25876e-33 0 0 0 -9.32295e-34
 1.00011 4 -0.38907 -0.255439 1.89135 2.23384 -1.85329 0.814286 1.00011 5 -0.603532 -0.444135 2.23672 2.58118 -0.162712 0.33531 -2.56258e-30 7.20995e-29 0 0 0 -6.87707e-31 -3.25141e-33 -1.25876e-33 0 0 0 -9.32295e-34
 1.00005 4 -0.38907 -0.255439 1.89135 2.23384 -1.85329 0.814286 1.00005 5 -0.603532 -0.444135 2.23672 2.58118 -0.162712 0.33531 -1.38637e-28 -2.04996e-28 0 0 0 -3.80982e-29 1.1598e-32 -3.35883e-33 0 0 0 3.24411e-33
 1.00005 4 -0.38907 -0.255439 1.89135 2.23384 -1.85329 0.814286 1.00005 5 -0.603532 -0.444135 2.23672 2.58118 -0.162712 0.33531 -1.38637e-28 -2.04996e-28 0 0 0 -3.80982e-29 1.1598e-32 -3.35883e-33 0 0 0 3.24411e-33
 1.00009 4 -0.38907 -0.255439 1.89135 2.23384 -1.85329 0.814286 1.00009 5 -0.603532 -0.444135 2.23672 2.58118 -0.162712 0.33531 -1.38353e-28 -2.04628e-28 0 0 0 -3.80116e-29 -4.45156e-33 -1.64955e-33 0 0 0 -9.32327e-34
 1.00009 4 -0.38907 -0.255439 1.89135 2.23384 -1.85329 0.814286 1.00009 5 -0.603532 -0.444135 2.23672 2.58118 -0.162712 0.33531 -1.38353e-28 -2.04628e-28 0 0 0 -3.80116e-29 -4.45156e-33 -1.64955e-33 0 0 0 -9.32327e-34
 1.00014 4 -0.38907 -0.255439 1.89135 2.23384 -1.85329 0.814286 1.00014 5 -0.603532 -0.444135 2.23672 2.58118 -0.162712 0.33531 -1.38353e-28 -2.04628e-28 0 0 0 -3.80116e-29 1.03793e-32 -3.74218e-33 0 0 0 3.23851e-33
 1.00014 4 -0.38907 -0.255439 1.89135 2.23384 -1.85329 0.814286 1.00014 5 -0.603532 -0.444135 2.23672 2.58118 -0.162712 0.33531 -1.38353e-28 -2.04628e-28 0 0 0 -3.80116e-29 1.03793e-32 -3.74218e-33 0 0 0 3.23851e-33
 1.00013 4 -0.38907 -0.255439 1.89135 2.23384 -1.85329 0.814286 1.00013 5 -0.603532 -0.444135 2.23672 2.58118 -0.162712 0.33531 -1.38353e-28 -2.04629e-28 0 0 0 -3.80116e-29 1.15795e-32 -3.35139e-33 0 0 0 3.23854e-33
 1.00013 4 -0.38907 -0.255439 1.89135 2.23384 -1.85329 0.814286 1.00013 5 -0.603532 -0.444135 2.23672 2.58118 -0.162712 0.33531 -1.38353e-28 -2.04629e-28 0 0 0 -3.80116e-29 1.15795e-32 -3.35139e-33 0 0 0 3.23854e-33
 1.00005 4 -0.38907 -0.255439 1.89135 2.23384 -1.85329 0.814286 1.00005 5 -0.603532 -0.444135 2.23672 2.58118 -0.162712 0.33531 -0.0624012 -1.28384 0 0 0 -0.0148557 0.950847 0.309628 0 0 0 -1.59672e-05
 1.00005 4 -0.38907 -0.255439 1.89135 2.23384 -1.85329 0.814286 1.00005 5 -0.603532 -0.444135 2.23672 2.58118 -0.162712 0.33531 -0.0624012 -1.28384 0 0 0 -0.0148557 0.950847 0.309628 0 0 0 -1.59672e-05
 1.00008 4 -0.38907 -0.255439 1.89135 2.23384 -1.85329 0.814286 1.00008 5 -0.603532 -0.444135 2.23672 2.58118 -0.162712 0.33531 0.0918463 -0.734495 0 0 0 0.409929 0.950847 0.309628 0 0 0 -1.59672e-05
 1.00008 4 -0.38907 -0.255439 1.89135 2.23384 -1.85329 0.814286 1.00008 5 -0.603532 -0.444135 2.23672 2.58118 -0.162712 0.33531 0.0918463 -0.734495 0 0 0 0.409929 0.950847 0.309628 0 0 0 -1.59672e-05
 1.00014 4 -0.38907 -0.255439 1.89135 2.23384 -1.85329 0.814286 1.00014 5 -0.603532 -0.444135 2.23672 2.58118 -0.162712 0.33531 -0.0624012 -1.28384 0 0 0 -0.0148557 0.950859 0.309626 0 0 0 -1.36404e-05
 1.00014 4 -0.38907 -0.255439 1.89135 2.23384 -1.85329 0.814286 1.00014 5 -0.603532 -0.444135 2.23672 2.58118 -0.162712 0.33531 -0.0624012 -1.28384 0 0 0 -0.0148557 0.950859 0.309626 0 0 0 -1.36404e-05
 1.00012 4 -0.375017 -0.249762 1.87112 2.16544 -1.94755 0.875231 1.00012 5 -0.603532 -0.444135 2.23672 2.58118 -0.162712 0.33531 -0.00855048 0.926002 0 0 0 -0.00235138 -0.969558 -0.244834 0 0 0 -2.55688e-05
 1.00012 4 -0.375017 -0.249762 1.87112 2.16544 -1.94755 0.875231 1.00012 5 -0.603532 -0.444135 2.23672 2.58118 -0.162712 0.33531 -0.00855048 0.926002 0 0 0 -0.00235138 -0.969558 -0.244834 0 0 0 -2.55688e-05
 1.00009 4 -0.348879 -0.248695 1.89069 2.00726 -2.17204 0.900033 1.00009 5 -0.603532 -0.444135 2.23672 2.58118 -0.162712 0.33531 0.0338 0.92187 0 0 0 0.00929499 -0.998056 -0.0622035 0 0 0 -2.63212e-05
 1.00009 4 -0.348879 -0.248695 1.89069 2.00726 -2.17204 0.900033 1.00009 5 -0.603532 -0.444135 2.23672 2.58118 -0.162712 0.33531 0.0338 0.92187 0 0 0 0.00929499 -0.998056 -0.0622035 0 0 0 -2.63212e-05
 1.00006 4 -0.282683 -0.2487 1.84773 1.59218 -2.58059 0.9614 1.00006 5 -0.603532 -0.444135 2.23672 2.58118 -0.162712 0.33531 0.109553 0.957725 0 0 0 0.0301272 -0.953479 0.301445 0 0 0 -2.51511e-05
 1.00006 4 -0.282683 -0.2487 1.84773 1.59218 -2.58059 0.9614 1.00006 5 -0.603532 -0.444135 2.23672 2.58118 -0.162712 0.33531 0.109553 0.957725 0 0 0 0.0301272 -0.953479 0.301445 0 0 0 -2.51511e-05
 1.00015 4 -0.211793 -0.278887 1.79272 0.808658 -3.04986 1.14254 1.00015 5 -0.603532 -0.444135 2.23672 2.58118 -0.162712 0.33531 0.0646225 0.0707885 0 0 0 0.0177712 5.63389e-09 9.11077e-06 0 0 0 8.1143e-13
 1.00015 4 -0.211793 -0.278887 1.79272 0.808658 -3.04986 1.14254 1.00015 5 -0.603532 -0.444135 2.23672 2.58118 -0.162712 0.33531 0.0646225 0.0707885 0 0 0 0.0177712 5.63389e-09 9.11077e-06 0 0 0 8.1143e-13
 1.00009 4 -0.234028 -0.259076 1.79231 1.11687 -2.88226 1.14247 1.00009 5 -0.603532 -0.444135 2.23672 2.58118 -0.162712 0.33531 0.0278986 0.0183466 0 0 0 0.00767211 -9.46127e-10 3.17388e-06 0 0 0 2.98302e-14
 1.00009 4 -0.234028 -0.259076 1.79231 1.11687 -2.88226 1.14247 1.00009 5 -0.603532 -0.444135 2.23672 2.58118 -0.162712 0.33531 0.0278986 0.0183466 0 0 0 0.00767211 -9.46127e-10 3.17388e-06 0 0 0 2.98302e-14
 1.00031 4 -0.273936 -0.243255 1.80708 1.55716 -2.58676 1.02811 1.00031 5 -0.603532 -0.444135 2.23672 2.58118 -0.162712 0.33531 0.0320417 0.00939428 0 0 0 0.00881148 -9.46334e-10 3.17388e-06 0 0 0 -2.18139e-14
 1.00031 4 -0.273936 -0.243255 1.80708 1.55716 -2.58676 1.02811 1.00031 5 -0.603532 -0.444135 2.23672 2.58118 -0.162712 0.33531 0.0320417 0.00939428 0 0 0 0.00881148 -9.46334e-10 3.17388e-06 0 0 0 -2.18139e-14
 1.00015 4 -0.320649 -0.240372 1.82949 1.88136 -2.30903 0.978427 1.00015 5 -0.603532 -0.444135 2.23672 2.58118 -0.162712 0.33531 0.0333863 0.000530378 0 0 0 0.00918123 -9.4628e-10 3.17388e-06 0 0 0 8.98444e-16
 1.00015 4 -0.320649 -0.240372 1.82949 1.88136 -2.30903 0.978427 1.00015 5 -0.603532 -0.444135 2.23672 2.58118 -0.162712 0.33531 0.0333863 0.000530378 0 0 0 0.00918123 -9.4628e-10 3.17388e-06 0 0 0 8.98444e-16
 1.0001 4 -0.38683 -0.255979 1.91458 2.15991 -1.92999 0.807981 1.0001 5 -0.603532 -0.444135 2.23672 2.58118 -0.162712 0.33531 0.0320749 -0.0092806 0 0 0 0.00882059 -9.46217e-10 3.17388e-06 0 0 0 2.49178e-14
 1.0001 4 -0.38683 -0.255979 1.91458 2.15991 -1.92999 0.807981 1.0001 5 -0.603532 -0.444135 2.23672 2.58118 -0.162712 0.33531 0.0320749 -0.0092806 0 0 0 0.00882059 -9.46217e-10 3.17388e-06 0 0 0 2.49178e-14
 1.00005 4 -0.359236 -0.245914 1.86081 2.11235 -2.0848 0.911416 1.00005 5 -0.603532 -0.444135 2.23672 2.58118 -0.162712 0.33531 0.0108911 -0.00182611 0 0 0 0.00299504 2.49253e-10 1.04968e-06 0 0 0 7.0014e-15
 1.00005 4 -0.359236 -0.245914 1.86081 2.11235 -2.0848 0.911416 1.00005 5 -0.603532 -0.444135 2.23672 2.58118 -0.162712 0.33531 0.0108911 -0.00182611 0 0 0 0.00299504 2.49253e-10 1.04968e-06 0 0 0 7.0014e-15
 1.00009 4 -0.319397 -0.236798 1.80567 1.90913 -2.29385 0.974629 1.00009 5 -0.603532 -0.444135 2.23672 2.58118 -0.162712 0.33531 0.011042 0.00015652 0 0 0 0.00303654 2.49245e-10 1.04968e-06 0 0 0 1.17237e-16
 1.00009 4 -0.319397 -0.236798 1.80567 1.90913 -2.29385 0.974629 1.00009 5 -0.603532 -0.444135 2.23672 2.58118 -0.162712 0.33531 0.011042 0.00015652 0 0 0 0.00303654 2.49245e-10 1.04968e-06 0 0 0 1.17237e-16
 1.00008 4 -0.29215 -0.241264 1.81847 1.71613 -2.4721 1.01717 1.00008 5 -0.603532 -0.444135 2.23672 2.58118 -0.162712 0.33531 0.0108353 0.00213196 0 0 0 0.00297972 2.49237e-10 1.04968e-06 0 0 0 -3.82235e-16
 1.00008 4 -0.29215 -0.241264 1.81847 1.71613 -2.4721 1.01717 1.00008 5 -0.603532 -0.444135 2.23672 2.58118 -0.162712 0.33531 0.0108353 0.00213196 0 0 0 0.00297972 2.49237e-10 1.04968e-06 0 0 0 -3.82235e-16
 1.00007 4 -0.261873 -0.244059 1.79079 1.48229 -2.6286 1.01322 1.00007 5 -0.603532 -0.444135 2.23672 2.58118 -0.162712 0.33531 0.0103032 0.00397403 0 0 0 0.00283339 2.49241e-10 1.04968e-06 0 0 0 1.8844e-15
 1.00007 4 -0.261873 -0.244059 1.79079 1.48229 -2.6286 1.01322 1.00007 5 -0.603532 -0.444135 2.23672 2.58118 -0.162712 0.33531 0.0103032 0.00397403 0 0 0 0.00283339 2.49241e-10 1.04968e-06 0 0 0 1.8844e-15
 1.00012 4 -0.241635 -0.257094 1.80215 1.2143 -2.83764 1.11433 1.00012 5 -0.603532 -0.444135 2.23672 2.58118 -0.162712 0.33531 0.0094438 0.00572403 0 0 0 0.00259704 2.49257e-10 1.04968e-06 0 0 0 5.76497e-16
 1.00012 4 -0.241635 -0.257094 1.80215 1.2143 -2.83764 1.11433 1.00012 5 -0.603532 -0.444135 2.23672 2.58118 -0.162712 0.33531 0.0094438 0.00572403 0 0 0 0.00259704 2.49257e-10 1.04968e-06 0 0 0 5.76497e-16
 1.00006 4 -0.227332 -0.277822 1.84709 0.992758 -3.02418 1.05699 1.00006 5 -0.603532 -0.444135 2.23672 2.58118 -0.162712 0.33531 0.00828142 0.00730533 0 0 0 0.00227739 2.49278e-10 1.04968e-06 0 0 0 9.75947e-15
 1.00006 4 -0.227332 -0.277822 1.84709 0.992758 -3.02418 1.05699 1.00006 5 -0.603532 -0.444135 2.23672 2.58118 -0.162712 0.33531 0.00828142 0.00730533 0 0 0 0.00227739 2.49278e-10 1.04968e-06 0 0 0 9.75947e-15
 1.00007 4 -0.215997 -0.290293 1.84671 -0.653608 2.64119 -0.942242 1.00007 5 -0.603532 -0.444135 2.23672 2.58118 -0.162712 0.33531 0.00256946 0.00291677 0 0 0 0.000706602 -2.73828e-11 3.69483e-07 0 0 0 3.86905e-15
 1.00007 4 -0.215997 -0.290293 1.84671 -0.653608 2.64119 -0.942242 1.00007 5 -0.603532 -0.444135 2.23672 2.58118 -0.162712 0.33531 0.00256946 0.00291677 0 0 0 0.000706602 -2.73828e-11 3.69483e-07 0 0 0 3.86905e-15
 1.00009 4 -0.218784 -0.273959 1.80165 0.892776 -2.95634 1.16163 1.00009 5 -0.603532 -0.444135 2.23672 2.58118 -0.162712 0.33531 0.00285275 0.00264036 0 0 0 0.000784505 -2.73854e-11 3.69483e-07 0 0 0 1.5034e-16
 1.00009 4 -0.218784 -0.273959 1.80165 0.892776 -2.95634 1.16163 1.00009 5 -0.603532 -0.444135 2.23672 2.58118 -0.162712 0.33531 0.00285275 0.00264036 0 0 0 0.000784505 -2.73854e-11 3.69483e-07 0 0 0 1.5034e-16
 1.00006 4 -0.22531 -0.261393 1.77654 1.05704 -2.91031 1.17037 1.00006 5 -0.603532 -0.444135 2.23672 2.58118 -0.162712 0.33531 0.00309885 0.00234666 0 0 0 0.000852183 -2.73857e-11 3.69483e-07 0 0 0 -4.20157e-16
 1.00006 4 -0.22531 -0.261393 1.77654 1.05704 -2.91031 1.17037 1.00006 5 -0.603532 -0.444135 2.23672 2.58118 -0.162712 0.33531 0.00309885 0.00234666 0 0 0 0.000852183 -2.73857e-11 3.69483e-07 0 0 0 -4.20157e-16
 1.00014 4 -0.24125 -0.259335 1.81188 1.21048 -2.86512 1.03825 1.00014 5 -0.603532 -0.444135 2.23672 2.58118 -0.162712 0.33531 0.00331554 0.002029 0 0 0 0.000911774 -2.73866e-11 3.69483e-07 0 0 0 2.71282e-17
 1.00014 4 -0.24125 -0.259335 1.81188 1.21048 -2.86512 1.03825 1.00014 5 -0.603532 -0.444135 2.23672 2.58118 -0.162712 0.33531 0.00331554 0.002029 0 0 0 0.000911774 -2.73866e-11 3.69483e-07 0 0 0 2.71282e-17
 1.0001 4 -0.252959 -0.252351 1.80781 1.36325 -2.7526 1.04417 1.0001 5 -0.603532 -0.444135 2.23672 2.58118 -0.162712 0.33531 0.00350605 0.00167848 0 0 0 0.000964163 -2.73874e-11 3.69483e-07 0 0 0 -4.79665e-16
 1.0001 4 -0.252959 -0.252351 1.80781 1.36325 -2.7526 1.04417 1.0001 5 -0.603532 -0.444135 2.23672 2.58118 -0.162712 0.33531 0.00350605 0.00167848 0 0 0 0.000964163 -2.73874e-11 3.69483e-07 0 0 0 -4.79665e-16
 1.00005 4 -0.269041 -0.249528 1.83105 1.50465 -2.64913 0.985806 1.00005 5 -0.603532 -0.444135 2.23672 2.58118 -0.162712 0.33531 0.00365165 0.00133234 0 0 0 0.0010042 -2.73894e-11 3.69483e-07 0 0 0 4.93641e-15
 1.00005 4 -0.269041 -0.249528 1.83105 1.50465 -2.64913 0.985806 1.00005 5 -0.603532 -0.444135 2.23672 2.58118 -0.162712 0.33531 0.00365165 0.00133234 0 0 0 0.0010042 -2.73894e-11 3.69483e-07 0 0 0 4.93641e-15
 1.0001 4 -0.281686 -0.242761 1.81641 1.64861 -2.57235 0.999996 1.0001 5 -0.603532 -0.444135 2.23672 2.58118 -0.162712 0.33531 0.00377248 0.000937038 0 0 0 0.00103743 -2.73887e-11 3.69483e-07 0 0 0 -3.11694e-15
 1.0001 4 -0.281686 -0.242761 1.81641 1.64861 -2.57235 0.999996 1.0001 5 -0.603532 -0.444135 2.23672 2.58118 -0.162712 0.33531 0.00377248 0.000937038 0 0 0 0.00103743 -2.73887e-11 3.69483e-07 0 0 0 -3.11694e-15
 1.00009 4 -0.29506 -0.236853 1.79505 -1.73997 2.41289 -0.973406 1.00009 5 -0.603532 -0.444135 2.23672 2.58118 -0.162712 0.33531 0.00384847 0.000546773 0 0 0 0.00105833 -2.73869e-11 3.69483e-07 0 0 0 1.41732e-17
 1.00009 4 -0.29506 -0.236853 1.79505 -1.73997 2.41289 -0.973406 1.00009 5 -0.603532 -0.444135 2.23672 2.58118 -0.162712 0.33531 0.00384847 0.000546773 0 0 0 0.00105833 -2.73869e-11 3.69483e-07 0 0 0 1.41732e-17
 1.00006 4 -0.318242 -0.24147 1.83763 -1.85181 2.30076 -0.99995 1.00006 5 -0.603532 -0.444135 2.23672 2.58118 -0.162712 0.33531 0.00388424 0.000149436 0 0 0 0.00106817 -2.73864e-11 3.69483e-07 0 0 0 -7.27904e-15
 1.00006 4 -0.318242 -0.24147 1.83763 -1.85181 2.30076 -0.99995 1.00006 5 -0.603532 -0.444135 2.23672 2.58118 -0.162712 0.33531 0.00388424 0.000149436 0 0 0 0.00106817 -2.73864e-11 3.69483e-07 0 0 0 -7.27904e-15
 1.00008 4 -0.338567 -0.243702 1.85572 1.99014 -2.19092 0.888819 1.00008 5 -0.603532 -0.444135 2.23672 2.58118 -0.162712 0.33531 0.00387878 -0.000254426 0 0 0 0.00106667 -2.73886e-11 3.69483e-07 0 0 0 1.96066e-15
 1.00008 4 -0.338567 -0.243702 1.85572 1.99014 -2.19092 0.888819 1.00008 5 -0.603532 -0.444135 2.23672 2.58118 -0.162712 0.33531 0.00387878 -0.000254426 0 0 0 0.00106667 -2.73886e-11 3.69483e-07 0 0 0 1.96066e-15
 1.00006 4 -0.363313 -0.248955 1.88592 2.69326 -2.34937 -0.904163 1.00006 5 -0.603532 -0.444135 2.23672 2.58118 -0.162712 0.33531 0.00382921 -0.000668428 0 0 0 0.00105303 -2.73862e-11 3.69483e-07 0 0 0 3.25109e-15
 1.00006 4 -0.363313 -0.248955 1.88592 2.69326 -2.34937 -0.904163 1.00006 5 -0.603532 -0.444135 2.23672 2.58118 -0.162712 0.33531 0.00382921 -0.000668428 0 0 0 0.00105303 -2.73862e-11 3.69483e-07 0 0 0 3.25109e-15
 1.00016 4 -0.384999 -0.254322 1.90555 2.19697 -1.94569 0.828173 1.00016 5 -0.603532 -0.444135 2.23672 2.58118 -0.162712 0.33531 0.00373968 -0.00106043 0 0 0 0.00102841 -2.73857e-11 3.69483e-07 0 0 0 -4.29719e-15
 1.00016 4 -0.384999 -0.254322 1.90555 2.19697 -1.94569 0.828173 1.00016 5 -0.603532 -0.444135 2.23672 2.58118 -0.162712 0.33531 0.00373968 -0.00106043 0 0 0 0.00102841 -2.73857e-11 3.69483e-07 0 0 0 -4.29719e-15
 1.00015 4 -0.382559 -0.252436 1.88501 2.21651 -1.9366 0.912828 1.00015 5 -0.603532 -0.444135 2.23672 2.58118 -0.162712 0.33531 0.00129249 -0.000373481 0 0 0 0.000355435 1.40853e-11 1.27882e-07 0 0 0 4.36861e-15
 1.00015 4 -0.382559 -0.252436 1.88501 2.21651 -1.9366 0.912828 1.00015 5 -0.603532 -0.444135 2.23672 2.58118 -0.162712 0.33531 0.00129249 -0.000373481 0 0 0 0.000355435 1.40853e-11 1.27882e-07 0 0 0 4.36861e-15
 1.00004 4 -0.370914 -0.249657 1.87647 2.12504 -1.98271 0.871192 1.00004 5 -0.603532 -0.444135 2.23672 2.58118 -0.162712 0.33531 0.00131264 -0.000294952 0 0 0 0.000360976 1.40854e-11 1.27882e-07 0 0 0 -2.23542e-15
 1.00004 4 -0.370914 -0.249657 1.87647 2.12504 -1.98271 0.871192 1.00004 5 -0.603532 -0.444135 2.23672 2.58118 -0.162712 0.33531 0.00131264 -0.000294952 0 0 0 0.000360976 1.40854e-11 1.27882e-07 0 0 0 -2.23542e-15
 1.00016 4 -0.361767 -0.248083 1.87388 2.08054 -2.07145 0.883966 1.00016 5 -0.603532 -0.444135 2.23672 2.58118 -0.162712 0.33531 0.0133281 -0.926111 0 0 0 0.00366522 0.98581 0.167825 0 0 0 2.59985e-05
 1.00016 4 -0.361767 -0.248083 1.87388 2.08054 -2.07145 0.883966 1.00016 5 -0.603532 -0.444135 2.23672 2.58118 -0.162712 0.33531 0.0133281 -0.926111 0 0 0 0.00366522 0.98581 0.167825 0 0 0 2.59985e-05
 1.00004 4 -0.359652 -0.243686 1.83452 2.08212 -1.96006 0.96401 1.00004 5 -0.603532 -0.444135 2.23672 2.58118 -0.162712 0.33531 0.0227129 -0.92873 0 0 0 0.00624605 0.977578 0.210542 0 0 0 2.57824e-05
 1.00004 4 -0.359652 -0.243686 1.83452 2.08212 -1.96006 0.96401 1.00004 5 -0.603532 -0.444135 2.23672 2.58118 -0.162712 0.33531 0.0227129 -0.92873 0 0 0 0.00624605 0.977578 0.210542 0 0 0 2.57824e-05
 1.0001 4 -0.382559 -0.252436 1.88501 2.21651 -1.9366 0.912828 1.0001 5 -0.603532 -0.444135 2.23672 2.58118 -0.162712 0.33531 0.0227581 -0.930358 0 0 0 0.00625848 0.961395 0.275148 0 0 0 2.5354e-05
 1.0001 4 -0.382559 -0.252436 1.88501 2.21651 -1.9366 0.912828 1.0001 5 -0.603532 -0.444135 2.23672 2.58118 -0.162712 0.33531 0.0227581 -0.930358 0 0 0 0.00625848 0.961395 0.275148 0 0 0 2.5354e-05
 1.00008 4 -0.382582 -0.253168 1.89367 2.23426 -1.96249 0.854218 1.00008 5 -0.603532 -0.444135 2.23672 2.58118 -0.162712 0.33531 -0.0189742 0.929293 0 0 0 -0.00521789 -0.961282 -0.275542 0 0 0 -2.53522e-05
 1.00008 4 -0.382582 -0.253168 1.89367 2.23426 -1.96249 0.854218 1.00008 5 -0.603532 -0.444135 2.23672 2.58118 -0.162712 0.33531 -0.0189742 0.929293 0 0 0 -0.00521789 -0.961282 -0.275542 0 0 0 -2.53522e-05
 1.00008 4 -0.376879 -0.249838 1.87181 2.16575 -1.94823 0.8759 1.00008 5 -0.603532 -0.444135 2.23672 2.58118 -0.162712 0.33531 -0.0151964 0.927909 0 0 0 -0.00417902 -0.966014 -0.258464 0 0 0 -2.54757e-05
 1.00008 4 -0.376879 -0.249838 1.87181 2.16575 -1.94823 0.8759 1.00008 5 -0.603532 -0.444135 2.23672 2.58118 -0.162712 0.33531 -0.0151964 0.927909 0 0 0 -0.00417902 -0.966014 -0.258464 0 0 0 -2.54757e-05
 1.00012 4 -0.349895 -0.246479 1.87744 2.03813 -2.18631 0.931886 1.00012 5 -0.603532 -0.444135 2.23672 2.58118 -0.162712 0.33531 0.0216274 0.921785 0 0 0 0.00594753 -0.995535 -0.0943185 0 0 0 -2.62545e-05
 1.00012 4 -0.349895 -0.246479 1.87744 2.03813 -2.18631 0.931886 1.00012 5 -0.603532 -0.444135 2.23672 2.58118 -0.162712 0.33531 0.0216274 0.921785 0 0 0 0.00594753 -0.995535 -0.0943185 0 0 0 -2.62545e-05
 1.00009 4 -0.284798 -0.23952 1.79872 1.67393 -2.50201 1.00424 1.00009 5 -0.603532 -0.444135 2.23672 2.58118 -0.162712 0.33531 0.0732882 0.0185029 0 0 0 0.0201543 3.97691e-09 7.18487e-06 0 0 0 -3.60204e-14
 1.00009 4 -0.284798 -0.23952 1.79872 1.67393 -2.50201 1.00424 1.00009 5 -0.603532 -0.444135 2.23672 2.58118 -0.162712 0.33531 0.0732882 0.0185029 0 0 0 0.0201543 3.97691e-09 7.18487e-06 0 0 0 -3.60204e-14
 1.00006 4 -0.234157 -0.251759 1.76174 1.21472 -2.84225 1.09602 1.00006 5 -0.603532 -0.444135 2.23672 2.58118 -0.162712 0.33531 -0.00739598 -0.928633 0 0 0 -0.0020339 0.840741 -0.541425 0 0 0 2.21784e-05
 1.00006 4 -0.234157 -0.251759 1.76174 1.21472 -2.84225 1.09602 1.00006 5 -0.603532 -0.444135 2.23672 2.58118 -0.162712 0.33531 -0.00739598 -0.928633 0 0 0 -0.0020339 0.840741 -0.541425 0 0 0 2.21784e-05
 1.00011 4 -0.220401 -0.278759 1.82209 0.8723 -3.0278 1.11534 1.00011 5 -0.603532 -0.444135 2.23672 2.58118 -0.162712 0.33531 -0.03178 -0.955007 0 0 0 -0.00873949 0.713798 -0.700345 0 0 0 1.88291e-05
 1.00011 4 -0.220401 -0.278759 1.82209 0.8723 -3.0278 1.11534 1.00011 5 -0.603532 -0.444135 2.23672 2.58118 -0.162712 0.33531 -0.03178 -0.955007 0 0 0 -0.00873949 0.713798 -0.700345 0 0 0 1.88291e-05
 1.00007 4 -0.218778 -0.294894 1.87042 -0.645338 2.68838 -0.951528 1.00007 5 -0.603532 -0.444135 2.23672 2.58118 -0.162712 0.33531 -0.0374835 -0.967134 0 0 0 -0.010308 0.654499 -0.756059 0 0 0 1.72627e-05
 1.00007 4 -0.218778 -0.294894 1.87042 -0.645338 2.68838 -0.951528 1.00007 5 -0.603532 -0.444135 2.23672 2.58118 -0.162712 0.33531 -0.0374835 -0.967134 0 0 0 -0.010308 0.654499 -0.756059 0 0 0 1.72627e-05
 1.00013 4 -0.208708 -0.283323 1.79168 -0.63558 2.64057 -0.988435 1.00013 5 -0.603532 -0.444135 2.23672 2.58118 -0.162712 0.33531 0.0376301 0.967769 0 0 0 0.0103483 -0.650532 0.759475 0 0 0 -1.71574e-05
 1.00013 4 -0.208708 -0.283323 1.79168 -0.63558 2.64057 -0.988435 1.00013 5 -0.603532 -0.444135 2.23672 2.58118 -0.162712 0.33531 0.0376301 0.967769 0 0 0 0.0103483 -0.650532 0.759475 0 0 0 -1.71574e-05
 1.00005 4 -0.209744 -0.284301 1.80049 0.732315 -3.06787 1.1861 1.00005 5 -0.603532 -0.444135 2.23672 2.58118 -0.162712 0.33531 0.171227 0.872117 0 0 0 -0.219626 -0.650375 0.759607 0 0 0 1.16842e-05
 1.00005 4 -0.209744 -0.284301 1.80049 0.732315 -3.06787 1.1861 1.00005 5 -0.603532 -0.444135 2.23672 2.58118 -0.162712 0.33531 0.171227 0.872117 0 0 0 -0.219626 -0.650375 0.759607 0 0 0 1.16842e-05
 1.00013 4 -0.209744 -0.284301 1.80049 0.732315 -3.06787 1.1861 1.00013 5 -0.603532 -0.444135 2.23672 2.58118 -0.162712 0.33531 0.171227 0.872117 0 0 0 -0.219626 -0.650375 0.759607 0 0 0 1.16842e-05
 1.00013 4 -0.209744 -0.284301 1.80049 0.732315 -3.06787 1.1861 1.00013 5 -0.603532 -0.444135 2.23672 2.58118 -0.162712 0.33531 0.171227 0.872117 0 0 0 -0.219626 -0.650375 0.759607 0 0 0 1.16842e-05
 1.00071 4 -0.209744 -0.284301 1.80049 0.732315 -3.06787 1.1861 1.00071 5 -0.603532 -0.444135 2.23672 2.58118 -0.162712 0.33531 5.37108e-08 6.26542e-08 0 0 0 1.47705e-08 2.03762e-16 7.84702e-12 0 0 0 2.39031e-15
 1.00071 4 -0.209744 -0.284301 1.80049 0.732315 -3.06787 1.1861 1.00071 5 -0.603532 -0.444135 2.23672 2.58118 -0.162712 0.33531 5.37108e-08 6.26542e-08 0 0 0 1.47705e-08 2.03762e-16 7.84702e-12 0 0 0 2.39031e-15
 1.00023 4 -0.209744 -0.284301 1.80049 0.732315 -3.06787 1.1861 1.00023 5 -0.603532 -0.444135 2.23672 2.58118 -0.162712 0.33531 5.37403e-08 6.27057e-08 0 0 0 1.47785e-08 -4.8764e-16 7.84505e-12 0 0 0 2.22894e-15
 1.00023 4 -0.209744 -0.284301 1.80049 0.732315 -3.06787 1.1861 1.00023 5 -0.603532 -0.444135 2.23672 2.58118 -0.162712 0.33531 5.37403e-08 6.27057e-08 0 0 0 1.47785e-08 -4.8764e-16 7.84505e-12 0 0 0 2.22894e-15
 1.00006 4 -0.208708 -0.283323 1.79168 -0.63558 2.64057 -0.988435 1.00006 5 -0.603532 -0.444135 2.23672 2.58118 -0.162712 0.33531 5.37616e-08 6.26319e-08 0 0 0 1.47845e-08 4.73667e-16 7.84432e-12 0 0 0 -1.92328e-16
 1.00006 4 -0.208708 -0.283323 1.79168 -0.63558 2.64057 -0.988435 1.00006 5 -0.603532 -0.444135 2.23672 2.58118 -0.162712 0.33531 5.37616e-08 6.26319e-08 0 0 0 1.47845e-08 4.73667e-16 7.84432e-12 0 0 0 -1.92328e-16
 1.00015 4 -0.216245 -0.292357 1.84894 0.770702 -3.15605 1.03854 1.00015 5 -0.603532 -0.444135 2.23672 2.58118 -0.162712 0.33531 5.3778e-08 6.25526e-08 0 0 0 1.4789e-08 1.00551e-15 7.84302e-12 0 0 0 1.42407e-16
 1.00015 4 -0.216245 -0.292357 1.84894 0.770702 -3.15605 1.03854 1.00015 5 -0.603532 -0.444135 2.23672 2.58118 -0.162712 0.33531 5.3778e-08 6.25526e-08 0 0 0 1.4789e-08 1.00551e-15 7.84302e-12 0 0 0 1.42407e-16
 1.00006 4 -0.221762 -0.294913 1.88453 -0.676209 2.69341 -0.888224 1.00006 5 -0.603532 -0.444135 2.23672 2.58118 -0.162712 0.33531 -0.0355116 -0.962285 0 0 0 -0.00976568 0.678578 -0.734523 0 0 0 1.78949e-05
 1.00006 4 -0.221762 -0.294913 1.88453 -0.676209 2.69341 -0.888224 1.00006 5 -0.603532 -0.444135 2.23672 2.58118 -0.162712 0.33531 -0.0355116 -0.962285 0 0 0 -0.00976568 0.678578 -0.734523 0 0 0 1.78949e-05
 1.00007 4 -0.226633 -0.271197 1.81715 -0.871325 2.6647 -0.997335 1.00007 5 -0.603532 -0.444135 2.23672 2.58118 -0.162712 0.33531 -0.0219207 -0.941571 0 0 0 -0.0060282 0.777614 -0.628733 0 0 0 2.05045e-05
 1.00007 4 -0.226633 -0.271197 1.81715 -0.871325 2.6647 -0.997335 1.00007 5 -0.603532 -0.444135 2.23672 2.58118 -0.162712 0.33531 -0.0219207 -0.941571 0 0 0 -0.0060282 0.777614 -0.628733 0 0 0 2.05045e-05
 1.00005 4 -0.263263 -0.253583 1.83845 1.45619 -2.68937 1.02168 1.00005 5 -0.603532 -0.444135 2.23672 2.58118 -0.162712 0.33531 0.027297 -0.912743 0 0 0 0.00750668 0.926549 -0.376152 0 0 0 2.4432e-05
 1.00005 4 -0.263263 -0.253583 1.83845 1.45619 -2.68937 1.02168 1.00005 5 -0.603532 -0.444135 2.23672 2.58118 -0.162712 0.33531 0.027297 -0.912743 0 0 0 0.00750668 0.926549 -0.376152 0 0 0 2.4432e-05
 1.00006 4 -0.319024 -0.244032 1.85696 1.86896 -2.35101 0.92933 1.00006 5 -0.603532 -0.444135 2.23672 2.58118 -0.162712 0.33531 0.0354855 0.925598 0 0 0 0.0097585 -0.998786 0.0491188 0 0 0 -2.63407e-05
 1.00006 4 -0.319024 -0.244032 1.85696 1.86896 -2.35101 0.92933 1.00006 5 -0.603532 -0.444135 2.23672 2.58118 -0.162712 0.33531 0.0354855 0.925598 0 0 0 0.0097585 -0.998786 0.0491188 0 0 0 -2.63407e-05
 1.00007 4 -0.353912 -0.247229 1.87344 2.03981 -2.10624 0.876182 1.00007 5 -0.603532 -0.444135 2.23672 2.58118 -0.162712 0.33531 -0.0059899 0.924642 0 0 0 -0.00164722 -0.991004 -0.133781 0 0 0 -2.61361e-05
 1.00007 4 -0.353912 -0.247229 1.87344 2.03981 -2.10624 0.876182 1.00007 5 -0.603532 -0.444135 2.23672 2.58118 -0.162712 0.33531 -0.0059899 0.924642 0 0 0 -0.00164722 -0.991004 -0.133781 0 0 0 -2.61361e-05
 1.00006 4 -0.354558 -0.246291 1.86329 -2.12501 2.17564 -0.926347 1.00006 5 -0.603532 -0.444135 2.23672 2.58118 -0.162712 0.33531 -0.00750038 0.924896 0 0 0 -0.00206261 -0.990129 -0.140109 0 0 0 -2.61123e-05
 1.00006 4 -0.354558 -0.246291 1.86329 -2.12501 2.17564 -0.926347 1.00006 5 -0.603532 -0.444135 2.23672 2.58118 -0.162712 0.33531 -0.00750038 0.924896 0 0 0 -0.00206261 -0.990129 -0.140109 0 0 0 -2.61123e-05
 1.00008 4 -0.336686 -0.246974 1.88363 1.97602 -2.31753 0.899404 1.00008 5 -0.603532 -0.444135 2.23672 2.58118 -0.162712 0.33531 0.00662196 -9.08706e-05 0 0 0 0.00182104 1.21704e-10 6.29497e-07 0 0 0 -1.45762e-16
 1.00008 4 -0.336686 -0.246974 1.88363 1.97602 -2.31753 0.899404 1.00008 5 -0.603532 -0.444135 2.23672 2.58118 -0.162712 0.33531 0.00662196 -9.08706e-05 0 0 0 0.00182104 1.21704e-10 6.29497e-07 0 0 0 -1.45762e-16
 1.00007 4 -0.310957 -0.246424 1.86794 1.81476 -2.43057 0.870373 1.00007 5 -0.603532 -0.444135 2.23672 2.58118 -0.162712 0.33531 0.00657003 0.000832597 0 0 0 0.00180676 1.21701e-10 6.29497e-07 0 0 0 -2.83499e-15
 1.00007 4 -0.310957 -0.246424 1.86794 1.81476 -2.43057 0.870373 1.00007 5 -0.603532 -0.444135 2.23672 2.58118 -0.162712 0.33531 0.00657003 0.000832597 0 0 0 0.00180676 1.21701e-10 6.29497e-07 0 0 0 -2.83499e-15
 1.00011 4 -0.28322 -0.245245 1.83174 -1.58058 2.49367 -0.936384 1.00011 5 -0.603532 -0.444135 2.23672 2.58118 -0.162712 0.33531 0.00639075 0.00173692 0 0 0 0.00175746 1.21699e-10 6.29497e-07 0 0 0 -5.96288e-16
 1.00011 4 -0.28322 -0.245245 1.83174 -1.58058 2.49367 -0.936384 1.00011 5 -0.603532 -0.444135 2.23672 2.58118 -0.162712 0.33531 0.00639075 0.00173692 0 0 0 0.00175746 1.21699e-10 6.29497e-07 0 0 0 -5.96288e-16
 1.00015 4 -0.252102 -0.242855 1.76055 1.41481 -2.64694 1.06853 1.00015 5 -0.603532 -0.444135 2.23672 2.58118 -0.162712 0.33531 0.00609195 0.00259744 0 0 0 0.00167529 1.21703e-10 6.29497e-07 0 0 0 5.31151e-16
 1.00015 4 -0.252102 -0.242855 1.76055 1.41481 -2.64694 1.06853 1.00015 5 -0.603532 -0.444135 2.23672 2.58118 -0.162712 0.33531 0.00609195 0.00259744 0 0 0 0.00167529 1.21703e-10 6.29497e-07 0 0 0 5.31151e-16
 1.00008 4 -0.246207 -0.262435 1.84259 1.18996 -2.87943 1.09502 1.00008 5 -0.603532 -0.444135 2.23672 2.58118 -0.162712 0.33531 0.00567014 0.00342171 0 0 0 0.00155929 1.21703e-10 6.29497e-07 0 0 0 -4.14025e-16
 1.00008 4 -0.246207 -0.262435 1.84259 1.18996 -2.87943 1.09502 1.00008 5 -0.603532 -0.444135 2.23672 2.58118 -0.162712 0.33531 0.00567014 0.00342171 0 0 0 0.00155929 1.21703e-10 6.29497e-07 0 0 0 -4.14025e-16
 1.00006 4 -0.229407 -0.272623 1.8325 1.04601 -2.96506 1.0396 1.00006 5 -0.603532 -0.444135 2.23672 2.58118 -0.162712 0.33531 0.00513749 0.00417909 0 0 0 0.00141281 1.21712e-10 6.29498e-07 0 0 0 2.51935e-15
 1.00006 4 -0.229407 -0.272623 1.8325 1.04601 -2.96506 1.0396 1.00006 5 -0.603532 -0.444135 2.23672 2.58118 -0.162712 0.33531 0.00513749 0.00417909 0 0 0 0.00141281 1.21712e-10 6.29498e-07 0 0 0 2.51935e-15
 1.00014 4 -0.211793 -0.278887 1.79272 0.808658 -3.04986 1.14254 1.00014 5 -0.603532 -0.444135 2.23672 2.58118 -0.162712 0.33531 0.00451469 0.00484521 0 0 0 0.00124154 1.21718e-10 6.29498e-07 0 0 0 5.85076e-15
 1.00014 4 -0.211793 -0.278887 1.79272 0.808658 -3.04986 1.14254 1.00014 5 -0.603532 -0.444135 2.23672 2.58118 -0.162712 0.33531 0.00451469 0.00484521 0 0 0 0.00124154 1.21718e-10 6.29498e-07 0 0 0 5.85076e-15
 1.00009 4 -0.221335 -0.290847 1.86969 -0.755789 2.68444 -0.924305 1.00009 5 -0.603532 -0.444135 2.23672 2.58118 -0.162712 0.33531 -0.03558 -0.961352 0 0 0 -0.00978449 0.688223 -0.725494 0 0 0 1.81493e-05
 1.00009 4 -0.221335 -0.290847 1.86969 -0.755789 2.68444 -0.924305 1.00009 5 -0.603532 -0.444135 2.23672 2.58118 -0.162712 0.33531 -0.03558 -0.961352 0 0 0 -0.00978449 0.688223 -0.725494 0 0 0 1.81493e-05
 1.00015 4 -0.22869 -0.269985 1.82331 1.00922 -2.94878 1.11044 1.00015 5 -0.603532 -0.444135 2.23672 2.58118 -0.162712 0.33531 -0.0205795 -0.939818 0 0 0 -0.00565936 0.789994 -0.613105 0 0 0 2.0831e-05
 1.00015 4 -0.22869 -0.269985 1.82331 1.00922 -2.94878 1.11044 1.00015 5 -0.603532 -0.444135 2.23672 2.58118 -0.162712 0.33531 -0.0205795 -0.939818 0 0 0 -0.00565936 0.789994 -0.613105 0 0 0 2.0831e-05
 1.00058 4 -0.26027 -0.245419 1.78849 1.4696 -2.65215 1.04819 1.00058 5 -0.603532 -0.444135 2.23672 2.58118 -0.162712 0.33531 0.031077 -0.912082 0 0 0 0.00854618 0.937062 -0.349139 0 0 0 2.47094e-05
 1.00058 4 -0.26027 -0.245419 1.78849 1.4696 -2.65215 1.04819 1.00058 5 -0.603532 -0.444135 2.23672 2.58118 -0.162712 0.33531 0.031077 -0.912082 0 0 0 0.00854618 0.937062 -0.349139 0 0 0 2.47094e-05
 1.00006 4 -0.337694 -0.245274 1.86752 1.95416 -2.25717 0.913578 1.00006 5 -0.603532 -0.444135 2.23672 2.58118 -0.162712 0.33531 0.097734 0.91585 0 0 0 0.0268768 -0.996617 -0.0820856 0 0 0 -2.62851e-05
 1.00006 4 -0.337694 -0.245274 1.86752 1.95416 -2.25717 0.913578 1.00006 5 -0.603532 -0.444135 2.23672 2.58118 -0.162712 0.33531 0.097734 0.91585 0 0 0 0.0268768 -0.996617 -0.0820856 0 0 0 -2.62851e-05
 1.00007 4 -0.373131 -0.253391 1.90769 2.15484 -2.03686 0.841849 1.00007 5 -0.603532 -0.444135 2.23672 2.58118 -0.162712 0.33531 0.0269531 0.918751 0 0 0 0.00741211 -0.983388 -0.181472 0 0 0 -2.5933e-05
 1.00007 4 -0.373131 -0.253391 1.90769 2.15484 -2.03686 0.841849 1.00007 5 -0.603532 -0.444135 2.23672 2.58118 -0.162712 0.33531 0.0269531 0.918751 0 0 0 0.00741211 -0.983388 -0.181472 0 0 0 -2.5933e-05
 1.00015 4 -0.28729 -0.236229 1.78053 1.68903 -2.45667 1.04498 1.00015 5 -0.603532 -0.444135 2.23672 2.58118 -0.162712 0.33531 0.114334 0.947873 0 0 0 0.0314418 -0.978486 0.206291 0 0 0 -2.58092e-05
 1.00015 4 -0.28729 -0.236229 1.78053 1.68903 -2.45667 1.04498 1.00015 5 -0.603532 -0.444135 2.23672 2.58118 -0.162712 0.33531 0.114334 0.947873 0 0 0 0.0314418 -0.978486 0.206291 0 0 0 -2.58092e-05
 1.00004 4 -0.218639 -0.272307 1.79359 -0.807734 2.66229 -1.01263 1.00004 5 -0.603532 -0.444135 2.23672 2.58118 -0.162712 0.33531 0.11879 0.112373 0 0 0 0.0326671 1.23552e-08 1.55431e-05 0 0 0 1.89023e-12
 1.00004 4 -0.218639 -0.272307 1.79359 -0.807734 2.66229 -1.01263 1.00004 5 -0.603532 -0.444135 2.23672 2.58118 -0.162712 0.33531 0.11879 0.112373 0 0 0 0.0326671 1.23552e-08 1.55431e-05 0 0 0 1.89023e-12
 1.00007 4 -0.234529 -0.249576 1.75224 1.21864 -2.81472 1.16684 1.00007 5 -0.603532 -0.444135 2.23672 2.58118 -0.162712 0.33531 0.0501631 0.0290008 0 0 0 0.0137948 -2.23609e-09 5.50766e-06 0 0 0 2.97672e-14
 1.00007 4 -0.234529 -0.249576 1.75224 1.21864 -2.81472 1.16684 1.00007 5 -0.603532 -0.444135 2.23672 2.58118 -0.162712 0.33531 0.0501631 0.0290008 0 0 0 0.0137948 -2.23609e-09 5.50766e-06 0 0 0 2.97672e-14
 1.00008 4 -0.302752 -0.24198 1.83405 1.78127 -2.44499 0.947628 1.00008 5 -0.603532 -0.444135 2.23672 2.58118 -0.162712 0.33531 0.0575314 0.00689315 0 0 0 0.0158211 -2.23649e-09 5.50766e-06 0 0 0 -4.69484e-14
 1.00008 4 -0.302752 -0.24198 1.83405 1.78127 -2.44499 0.947628 1.00008 5 -0.603532 -0.444135 2.23672 2.58118 -0.162712 0.33531 0.0575314 0.00689315 0 0 0 0.0158211 -2.23649e-09 5.50766e-06 0 0 0 -4.69484e-14
 1.0001 4 -0.373753 -0.249503 1.86911 2.16332 -1.9457 0.876581 1.0001 5 -0.603532 -0.444135 2.23672 2.58118 -0.162712 0.33531 0.0558711 -0.0153558 0 0 0 0.0153646 -2.23618e-09 5.50766e-06 0 0 0 7.94555e-14
 1.0001 4 -0.373753 -0.249503 1.86911 2.16332 -1.9457 0.876581 1.0001 5 -0.603532 -0.444135 2.23672 2.58118 -0.162712 0.33531 0.0558711 -0.0153558 0 0 0 0.0153646 -2.23618e-09 5.50766e-06 0 0 0 7.94555e-14
 1.00007 4 -0.357886 -0.249725 1.89919 2.10624 -2.21046 0.928356 1.00007 5 -0.603532 -0.444135 2.23672 2.58118 -0.162712 0.33531 0.0191099 -0.00223471 0 0 0 0.00525523 5.48694e-10 1.82884e-06 0 0 0 8.30119e-15
 1.00007 4 -0.357886 -0.249725 1.89919 2.10624 -2.21046 0.928356 1.00007 5 -0.603532 -0.444135 2.23672 2.58118 -0.162712 0.33531 0.0191099 -0.00223471 0 0 0 0.00525523 5.48694e-10 1.82884e-06 0 0 0 8.30119e-15
 1.00007 4 -0.304028 -0.23819 1.80878 1.77791 -2.36963 1.03493 1.00007 5 -0.603532 -0.444135 2.23672 2.58118 -0.162712 0.33531 0.0072069 -0.923085 0 0 0 0.0019819 0.994512 -0.104551 0 0 0 2.62291e-05
 1.00007 4 -0.304028 -0.23819 1.80878 1.77791 -2.36963 1.03493 1.00007 5 -0.603532 -0.444135 2.23672 2.58118 -0.162712 0.33531 0.0072069 -0.923085 0 0 0 0.0019819 0.994512 -0.104551 0 0 0 2.62291e-05
 1.00008 4 -0.28656 -0.239584 1.79931 1.674 -2.50281 1.00475 1.00008 5 -0.603532 -0.444135 2.23672 2.58118 -0.162712 0.33531 -0.0148947 -0.926922 0 0 0 -0.00409605 0.979247 -0.202639 0 0 0 2.58262e-05
 1.00008 4 -0.28656 -0.239584 1.79931 1.674 -2.50281 1.00475 1.00008 5 -0.603532 -0.444135 2.23672 2.58118 -0.162712 0.33531 -0.0148947 -0.926922 0 0 0 -0.00409605 0.979247 -0.202639 0 0 0 2.58262e-05
 1.00011 4 -0.294316 -0.237697 1.79819 1.73058 -2.42604 1.05774 1.00011 5 -0.603532 -0.444135 2.23672 2.58118 -0.162712 0.33531 -0.00292115 -0.92428 0 0 0 -0.000803317 0.98886 -0.1488 0 0 0 2.60788e-05
 1.00011 4 -0.294316 -0.237697 1.79819 1.73058 -2.42604 1.05774 1.00011 5 -0.603532 -0.444135 2.23672 2.58118 -0.162712 0.33531 -0.00292115 -0.92428 0 0 0 -0.000803317 0.98886 -0.1488 0 0 0 2.60788e-05
 1.00009 4 -0.335385 -0.242231 1.84763 1.93525 -2.20195 0.932505 1.00009 5 -0.603532 -0.444135 2.23672 2.58118 -0.162712 0.33531 0.0235858 0.922248 0 0 0 0.00648608 -0.997697 -0.0677234 0 0 0 -2.63129e-05
 1.00009 4 -0.335385 -0.242231 1.84763 1.93525 -2.20195 0.932505 1.00009 5 -0.603532 -0.444135 2.23672 2.58118 -0.162712 0.33531 0.0235858 0.922248 0 0 0 0.00648608 -0.997697 -0.0677234 0 0 0 -2.63129e-05
 1.00005 4 -0.378114 -0.253439 1.90185 2.19492 -1.99979 0.848165 1.00005 5 -0.603532 -0.444135 2.23672 2.58118 -0.162712 0.33531 -0.0152376 0.927602 0 0 0 -0.00419033 -0.970849 -0.239662 0 0 0 -2.56047e-05
 1.00005 4 -0.378114 -0.253439 1.90185 2.19492 -1.99979 0.848165 1.00005 5 -0.603532 -0.444135 2.23672 2.58118 -0.162712 0.33531 -0.0152376 0.927602 0 0 0 -0.00419033 -0.970849 -0.239662 0 0 0 -2.56047e-05
 1.00007 4 -0.378114 -0.253439 1.90185 2.19492 -1.99979 0.848165 1.00007 5 -0.603532 -0.444135 2.23672 2.58118 -0.162712 0.33531 -0.0135951 0.927085 0 0 0 -0.00373866 -0.972723 -0.231941 0 0 0 -2.56528e-05
 1.00007 4 -0.378114 -0.253439 1.90185 2.19492 -1.99979 0.848165 1.00007 5 -0.603532 -0.444135 2.23672 2.58118 -0.162712 0.33531 -0.0135951 0.927085 0 0 0 -0.00373866 -0.972723 -0.231941 0 0 0 -2.56528e-05
 1.00007 4 -0.336083 -0.241486 1.84216 2.02025 -2.20397 0.918872 1.00007 5 -0.603532 -0.444135 2.23672 2.58118 -0.162712 0.33531 0.0262689 -0.00125384 0 0 0 0.00722395 8.59119e-10 2.49979e-06 0 0 0 4.25959e-15
 1.00007 4 -0.336083 -0.241486 1.84216 2.02025 -2.20397 0.918872 1.00007 5 -0.603532 -0.444135 2.23672 2.58118 -0.162712 0.33531 0.0262689 -0.00125384 0 0 0 0.00722395 8.59119e-10 2.49979e-06 0 0 0 4.25959e-15
 1.00012 4 -0.28379 -0.239738 1.80031 1.66485 -2.5261 1.04171 1.00012 5 -0.603532 -0.444135 2.23672 2.58118 -0.162712 0.33531 0.0256048 0.00600173 0 0 0 0.00704132 8.59071e-10 2.49979e-06 0 0 0 -1.07416e-14
 1.00012 4 -0.28379 -0.239738 1.80031 1.66485 -2.5261 1.04171 1.00012 5 -0.603532 -0.444135 2.23672 2.58118 -0.162712 0.33531 0.0256048 0.00600173 0 0 0 0.00704132 8.59071e-10 2.49979e-06 0 0 0 -1.07416e-14
 1.00009 4 -0.241225 -0.251905 1.78037 1.27248 -2.7583 1.06065 1.00009 5 -0.603532 -0.444135 2.23672 2.58118 -0.162712 0.33531 0.0228978 0.0129351 0 0 0 0.0062969 8.59158e-10 2.49979e-06 0 0 0 8.00366e-15
 1.00009 4 -0.241225 -0.251905 1.78037 1.27248 -2.7583 1.06065 1.00009 5 -0.603532 -0.444135 2.23672 2.58118 -0.162712 0.33531 0.0228978 0.0129351 0 0 0 0.0062969 8.59158e-10 2.49979e-06 0 0 0 8.00366e-15
 1.00007 4 -0.2205 -0.278029 1.82286 0.872376 -3.02844 1.11459 1.00007 5 -0.603532 -0.444135 2.23672 2.58118 -0.162712 0.33531 -0.0251544 -0.948275 0 0 0 -0.00691746 0.717072 -0.696992 0 0 0 1.89168e-05
 1.00007 4 -0.2205 -0.278029 1.82286 0.872376 -3.02844 1.11459 1.00007 5 -0.603532 -0.444135 2.23672 2.58118 -0.162712 0.33531 -0.0251544 -0.948275 0 0 0 -0.00691746 0.717072 -0.696992 0 0 0 1.89168e-05
 1.00008 4 -0.220766 -0.291121 1.86863 0.800307 -3.07896 1.14796 1.00008 5 -0.603532 -0.444135 2.23672 2.58118 -0.162712 0.33531 -0.0328301 -0.958856 0 0 0 -0.00902828 0.684173 -0.729314 0 0 0 1.80415e-05
 1.00008 4 -0.220766 -0.291121 1.86863 0.800307 -3.07896 1.14796 1.00008 5 -0.603532 -0.444135 2.23672 2.58118 -0.162712 0.33531 -0.0328301 -0.958856 0 0 0 -0.00902828 0.684173 -0.729314 0 0 0 1.80415e-05
 1.00012 4 -0.236764 -0.268009 1.8363 1.12587 -2.93959 1.05116 1.00012 5 -0.603532 -0.444135 2.23672 2.58118 -0.162712 0.33531 -0.010026 -0.930848 0 0 0 -0.00275714 0.819741 -0.572722 0 0 0 2.16148e-05
 1.00012 4 -0.236764 -0.268009 1.8363 1.12587 -2.93959 1.05116 1.00012 5 -0.603532 -0.444135 2.23672 2.58118 -0.162712 0.33531 -0.010026 -0.930848 0 0 0 -0.00275714 0.819741 -0.572722 0 0 0 2.16148e-05
 1.0002 4 -0.275889 -0.246555 1.82845 -1.50756 2.45654 -0.979165 1.0002 5 -0.603532 -0.444135 2.23672 2.58118 -0.162712 0.33531 0.0639714 0.942597 0 0 0 0.0175921 -0.959705 0.280989 0 0 0 -2.53078e-05
 1.0002 4 -0.275889 -0.246555 1.82845 -1.50756 2.45654 -0.979165 1.0002 5 -0.603532 -0.444135 2.23672 2.58118 -0.162712 0.33531 0.0639714 0.942597 0 0 0 0.0175921 -0.959705 0.280989 0 0 0 -2.53078e-05
 1.00007 4 -0.310117 -0.237336 1.80281 1.86507 -2.35129 0.999682 1.00007 5 -0.603532 -0.444135 2.23672 2.58118 -0.162712 0.33531 0.0140674 0.924563 0 0 0 0.00386853 -0.998689 0.0510539 0 0 0 -2.63383e-05
 1.00007 4 -0.310117 -0.237336 1.80281 1.86507 -2.35129 0.999682 1.00007 5 -0.603532 -0.444135 2.23672 2.58118 -0.162712 0.33531 0.0140674 0.924563 0 0 0 0.00386853 -0.998689 0.0510539 0 0 0 -2.63383e-05
 1.00012 4 -0.326666 -0.240267 1.83231 1.93942 -2.27575 0.901272 1.00012 5 -0.603532 -0.444135 2.23672 2.58118 -0.162712 0.33531 -0.000901426 0.923854 0 0 0 -0.000247892 -0.999894 -0.0140568 0 0 0 -2.63703e-05
 1.00012 4 -0.326666 -0.240267 1.83231 1.93942 -2.27575 0.901272 1.00012 5 -0.603532 -0.444135 2.23672 2.58118 -0.162712 0.33531 -0.000901426 0.923854 0 0 0 -0.000247892 -0.999894 -0.0140568 0 0 0 -2.63703e-05
 1.00005 4 -0.311841 -0.242273 1.83998 1.80994 -2.3553 0.968458 1.00005 5 -0.603532 -0.444135 2.23672 2.58118 -0.162712 0.33531 0.00887836 0.000795745 0 0 0 0.00244155 1.84359e-10 8.47299e-07 0 0 0 -1.93233e-15
 1.00005 4 -0.311841 -0.242273 1.83998 1.80994 -2.3553 0.968458 1.00005 5 -0.603532 -0.444135 2.23672 2.58118 -0.162712 0.33531 0.00887836 0.000795745 0 0 0 0.00244155 1.84359e-10 8.47299e-07 0 0 0 -1.93233e-15
 1.00007 4 -0.28257 -0.242788 1.81668 1.6493 -2.57456 1.00145 1.00007 5 -0.603532 -0.444135 2.23672 2.58118 -0.162712 0.33531 0.00863651 0.00220662 0 0 0 0.00237504 1.84357e-10 8.47299e-07 0 0 0 -4.46582e-16
 1.00007 4 -0.28257 -0.242788 1.81668 1.6493 -2.57456 1.00145 1.00007 5 -0.603532 -0.444135 2.23672 2.58118 -0.162712 0.33531 0.00863651 0.00220662 0 0 0 0.00237504 1.84357e-10 8.47299e-07 0 0 0 -4.46582e-16
 1.00006 4 -0.252102 -0.242855 1.76055 1.41481 -2.64694 1.06853 1.00006 5 -0.603532 -0.444135 2.23672 2.58118 -0.162712 0.33531 -0.0215543 -0.93311 0 0 0 -0.00592743 0.918567 -0.395249 0 0 0 2.42275e-05
 1.00006 4 -0.252102 -0.242855 1.76055 1.41481 -2.64694 1.06853 1.00006 5 -0.603532 -0.444135 2.23672 2.58118 -0.162712 0.33531 -0.0215543 -0.93311 0 0 0 -0.00592743 0.918567 -0.395249 0 0 0 2.42275e-05
 1.00006 4 -0.252959 -0.252351 1.80781 1.36325 -2.7526 1.04417 1.00006 5 -0.603532 -0.444135 2.23672 2.58118 -0.162712 0.33531 -0.0291413 -0.937877 0 0 0 -0.00801384 0.900934 -0.433942 0 0 0 2.37604e-05
 1.00006 4 -0.252959 -0.252351 1.80781 1.36325 -2.7526 1.04417 1.00006 5 -0.603532 -0.444135 2.23672 2.58118 -0.162712 0.33531 -0.0291413 -0.937877 0 0 0 -0.00801384 0.900934 -0.433942 0 0 0 2.37604e-05
 1.00008 4 -0.270254 -0.247037 1.81913 1.52347 -2.60294 1.02804 1.00008 5 -0.603532 -0.444135 2.23672 2.58118 -0.162712 0.33531 -0.00627633 -0.92597 0 0 0 -0.00172599 0.947008 -0.321189 0 0 0 2.49738e-05
 1.00008 4 -0.270254 -0.247037 1.81913 1.52347 -2.60294 1.02804 1.00008 5 -0.603532 -0.444135 2.23672 2.58118 -0.162712 0.33531 -0.00627633 -0.92597 0 0 0 -0.00172599 0.947008 -0.321189 0 0 0 2.49738e-05
 1.00017 4 -0.319519 -0.241677 1.84242 1.85342 -2.29551 0.945387 1.00017 5 -0.603532 -0.444135 2.23672 2.58118 -0.162712 0.33531 0.053904 0.924865 0 0 0 0.0148236 -0.99982 0.018577 0 0 0 -2.63682e-05
 1.00017 4 -0.319519 -0.241677 1.84242 1.85342 -2.29551 0.945387 1.00017 5 -0.603532 -0.444135 2.23672 2.58118 -0.162712 0.33531 0.053904 0.924865 0 0 0 0.0148236 -0.99982 0.018577 0 0 0 -2.63682e-05
 1.00012 4 -0.378481 -0.254436 1.91248 2.15742 -1.98204 0.821813 1.00012 5 -0.603532 -0.444135 2.23672 2.58118 -0.162712 0.33531 0.0174888 -0.00429521 0 0 0 0.00480941 -3.55733e-10 1.71177e-06 0 0 0 8.3141e-15
 1.00012 4 -0.378481 -0.254436 1.91248 2.15742 -1.98204 0.821813 1.00012 5 -0.603532 -0.444135 2.23672 2.58118 -0.162712 0.33531 0.0174888 -0.00429521 0 0 0 0.00480941 -3.55733e-10 1.71177e-06 0 0 0 8.3141e-15
 1.00004 4 -0.381207 -0.254169 1.90415 2.19627 -1.94433 0.826927 1.00004 5 -0.603532 -0.444135 2.23672 2.58118 -0.162712 0.33531 0.00607312 -0.0015171 0 0 0 0.00167011 1.12533e-10 5.95009e-07 0 0 0 2.00036e-15
 1.00004 4 -0.381207 -0.254169 1.90415 2.19627 -1.94433 0.826927 1.00004 5 -0.603532 -0.444135 2.23672 2.58118 -0.162712 0.33531 0.00607312 -0.0015171 0 0 0 0.00167011 1.12533e-10 5.95009e-07 0 0 0 2.00036e-15
 1.00008 4 -0.356291 -0.247528 1.87922 2.0799 -2.15034 0.940263 1.00008 5 -0.603532 -0.444135 2.23672 2.58118 -0.162712 0.33531 0.0141966 -0.925671 0 0 0 0.00390406 0.991806 0.127698 0 0 0 2.61565e-05
 1.00008 4 -0.356291 -0.247528 1.87922 2.0799 -2.15034 0.940263 1.00008 5 -0.603532 -0.444135 2.23672 2.58118 -0.162712 0.33531 0.0141966 -0.925671 0 0 0 0.00390406 0.991806 0.127698 0 0 0 2.61565e-05
 1.00007 4 -0.351959 -0.247744 1.88386 2.0986 -2.17813 0.884278 1.00007 5 -0.603532 -0.444135 2.23672 2.58118 -0.162712 0.33531 -0.00809472 0.924721 0 0 0 -0.00222605 -0.994154 -0.107908 0 0 0 -2.62189e-05
 1.00007 4 -0.351959 -0.247744 1.88386 2.0986 -2.17813 0.884278 1.00007 5 -0.603532 -0.444135 2.23672 2.58118 -0.162712 0.33531 -0.00809472 0.924721 0 0 0 -0.00222605 -0.994154 -0.107908 0 0 0 -2.62189e-05
 1.00021 4 -0.332523 -0.239858 1.82951 1.92967 -2.17185 0.90226 1.00021 5 -0.603532 -0.444135 2.23672 2.58118 -0.162712 0.33531 0.00658009 0.923554 0 0 0 0.00180953 -0.999049 -0.0434245 0 0 0 -2.63478e-05
 1.00021 4 -0.332523 -0.239858 1.82951 1.92967 -2.17185 0.90226 1.00021 5 -0.603532 -0.444135 2.23672 2.58118 -0.162712 0.33531 0.00658009 0.923554 0 0 0 0.00180953 -0.999049 -0.0434245 0 0 0 -2.63478e-05
 1.00085 4 -0.293571 -0.240681 1.81417 1.72214 -2.44516 0.979818 1.00085 5 -0.603532 -0.444135 2.23672 2.58118 -0.162712 0.33531 0.0571424 0.934411 0 0 0 0.0157142 -0.983238 0.182295 0 0 0 -2.59331e-05
 1.00085 4 -0.293571 -0.240681 1.81417 1.72214 -2.44516 0.979818 1.00085 5 -0.603532 -0.444135 2.23672 2.58118 -0.162712 0.33531 0.0571424 0.934411 0 0 0 0.0157142 -0.983238 0.182295 0 0 0 -2.59331e-05
 1.00012 4 -0.262207 -0.255512 1.84612 1.43647 -2.7392 0.98135 1.00012 5 -0.603532 -0.444135 2.23672 2.58118 -0.162712 0.33531 0.0694858 0.0340442 0 0 0 0.0191086 4.11559e-09 7.35499e-06 0 0 0 -1.4813e-16
 1.00012 4 -0.262207 -0.255512 1.84612 1.43647 -2.7392 0.98135 1.00012 5 -0.603532 -0.444135 2.23672 2.58118 -0.162712 0.33531 0.0694858 0.0340442 0 0 0 0.0191086 4.11559e-09 7.35499e-06 0 0 0 -1.4813e-16
 1.00007 4 -0.22158 -0.271228 1.80038 -0.842027 2.64768 -1.01534 1.00007 5 -0.603532 -0.444135 2.23672 2.58118 -0.162712 0.33531 0.00681514 -0.917597 0 0 0 0.00187416 0.737188 -0.675676 0 0 0 1.94509e-05
 1.00007 4 -0.22158 -0.271228 1.80038 -0.842027 2.64768 -1.01534 1.00007 5 -0.603532 -0.444135 2.23672 2.58118 -0.162712 0.33531 0.00681514 -0.917597 0 0 0 0.00187416 0.737188 -0.675676 0 0 0 1.94509e-05
 1.00015 4 -0.218639 -0.272307 1.79359 -0.807734 2.66229 -1.01263 1.00015 5 -0.603532 -0.444135 2.23672 2.58118 -0.162712 0.33531 -0.0140469 -0.936274 0 0 0 -0.00386291 0.748942 -0.662626 0 0 0 1.97469e-05
 1.00015 4 -0.218639 -0.272307 1.79359 -0.807734 2.66229 -1.01263 1.00015 5 -0.603532 -0.444135 2.23672 2.58118 -0.162712 0.33531 -0.0140469 -0.936274 0 0 0 -0.00386291 0.748942 -0.662626 0 0 0 1.97469e-05
 1.00015 4 -0.258003 -0.248122 1.79882 1.43493 -2.66828 1.04672 1.00015 5 -0.603532 -0.444135 2.23672 2.58118 -0.162712 0.33531 0.0456314 -0.905885 0 0 0 0.0125486 0.930738 -0.365663 0 0 0 2.45419e-05
 1.00015 4 -0.258003 -0.248122 1.79882 1.43493 -2.66828 1.04672 1.00015 5 -0.603532 -0.444135 2.23672 2.58118 -0.162712 0.33531 0.0456314 -0.905885 0 0 0 0.0125486 0.930738 -0.365663 0 0 0 2.45419e-05
 1.00006 4 -0.339716 -0.243903 1.85732 -2.05434 2.26189 -0.916231 1.00006 5 -0.603532 -0.444135 2.23672 2.58118 -0.162712 0.33531 0.0678822 0.918803 0 0 0 0.0186676 -0.997212 -0.0745127 0 0 0 -2.63005e-05
 1.00006 4 -0.339716 -0.243903 1.85732 -2.05434 2.26189 -0.916231 1.00006 5 -0.603532 -0.444135 2.23672 2.58118 -0.162712 0.33531 0.0678822 0.918803 0 0 0 0.0186676 -0.997212 -0.0745127 0 0 0 -2.63005e-05
 1.00011 4 -0.374425 -0.248645 1.85969 2.20009 -1.96309 0.901091 1.00011 5 -0.603532 -0.444135 2.23672 2.58118 -0.162712 0.33531 0.000815094 0.923624 0 0 0 0.00022415 -0.966162 -0.257906 0 0 0 -2.54786e-05
 1.00011 4 -0.374425 -0.248645 1.85969 2.20009 -1.96309 0.901091 1.00011 5 -0.603532 -0.444135 2.23672 2.58118 -0.162712 0.33531 0.000815094 0.923624 0 0 0 0.00022415 -0.966162 -0.257906 0 0 0 -2.54786e-05
 1.0001 4 -0.326949 -0.24541 1.86787 1.91223 -2.31875 0.942303 1.0001 5 -0.603532 -0.444135 2.23672 2.58118 -0.162712 0.33531 0.0702493 0.927071 0 0 0 0.0193186 -0.999126 0.0416274 0 0 0 -2.63506e-05
 1.0001 4 -0.326949 -0.24541 1.86787 1.91223 -2.31875 0.942303 1.0001 5 -0.603532 -0.444135 2.23672 2.58118 -0.162712 0.33531 0.0702493 0.927071 0 0 0 0.0193186 -0.999126 0.0416274 0 0 0 -2.63506e-05
 1.00004 4 -0.245873 -0.255007 1.8054 1.30936 -2.78789 1.07827 1.00004 5 -0.603532 -0.444135 2.23672 2.58118 -0.162712 0.33531 0.0856049 0.0500978 0 0 0 0.0235413 5.9212e-09 9.428e-06 0 0 0 1.02079e-13
 1.00004 4 -0.245873 -0.255007 1.8054 1.30936 -2.78789 1.07827 1.00004 5 -0.603532 -0.444135 2.23672 2.58118 -0.162712 0.33531 0.0856049 0.0500978 0 0 0 0.0235413 5.9212e-09 9.428e-06 0 0 0 1.02079e-13
 1.00006 4 -0.220974 -0.2858 1.84838 0.836122 -3.06992 1.09402 1.00006 5 -0.603532 -0.444135 2.23672 2.58118 -0.162712 0.33531 -0.0157405 -0.939676 0 0 0 -0.00432864 0.702796 -0.711384 0 0 0 1.85295e-05
 1.00006 4 -0.220974 -0.2858 1.84838 0.836122 -3.06992 1.09402 1.00006 5 -0.603532 -0.444135 2.23672 2.58118 -0.162712 0.33531 -0.0157405 -0.939676 0 0 0 -0.00432864 0.702796 -0.711384 0 0 0 1.85295e-05
 1.00019 4 -0.240633 -0.24874 1.76393 1.30695 -2.79509 1.06532 1.00019 5 -0.603532 -0.444135 2.23672 2.58118 -0.162712 0.33531 0.0319343 -0.907538 0 0 0 0.00878194 0.888866 -0.458149 0 0 0 2.34367e-05
 1.00019 4 -0.240633 -0.24874 1.76393 1.30695 -2.79509 1.06532 1.00019 5 -0.603532 -0.444135 2.23672 2.58118 -0.162712 0.33531 0.0319343 -0.907538 0 0 0 0.00878194 0.888866 -0.458149 0 0 0 2.34367e-05
 1.00011 4 -0.311281 -0.237476 1.80702 1.83905 -2.31109 0.931197 1.00011 5 -0.603532 -0.444135 2.23672 2.58118 -0.162712 0.33531 0.131764 -0.919289 0 0 0 0.0362351 0.99942 -0.0338356 0 0 0 2.63572e-05
 1.00011 4 -0.311281 -0.237476 1.80702 1.83905 -2.31109 0.931197 1.00011 5 -0.603532 -0.444135 2.23672 2.58118 -0.162712 0.33531 0.131764 -0.919289 0 0 0 0.0362351 0.99942 -0.0338356 0 0 0 2.63572e-05
 1.00005 4 -0.356907 -0.24344 1.84212 2.10337 -2.05734 0.877772 1.00005 5 -0.603532 -0.444135 2.23672 2.58118 -0.162712 0.33531 0.0651261 0.912984 0 0 0 0.0179097 -0.987309 -0.158759 0 0 0 -2.6036e-05
 1.00005 4 -0.356907 -0.24344 1.84212 2.10337 -2.05734 0.877772 1.00005 5 -0.603532 -0.444135 2.23672 2.58118 -0.162712 0.33531 0.0651261 0.912984 0 0 0 0.0179097 -0.987309 -0.158759 0 0 0 -2.6036e-05
 1.00011 4 -0.270434 -0.244042 1.80346 1.5611 -2.64079 1.0262 1.00011 5 -0.603532 -0.444135 2.23672 2.58118 -0.162712 0.33531 0.171695 0.987619 0 0 0 0.047216 -0.939187 0.343403 0 0 0 -2.47763e-05
 1.00011 4 -0.270434 -0.244042 1.80346 1.5611 -2.64079 1.0262 1.00011 5 -0.603532 -0.444135 2.23672 2.58118 -0.162712 0.33531 0.171695 0.987619 0 0 0 0.047216 -0.939187 0.343403 0 0 0 -2.47763e-05
 1.00008 4 -0.217667 -0.277882 1.81355 0.887041 -3.06021 1.08569 1.00008 5 -0.603532 -0.444135 2.23672 2.58118 -0.162712 0.33531 0.0868514 1.00646 0 0 0 0.0238841 -0.72485 0.688907 0 0 0 -1.91085e-05
 1.00008 4 -0.217667 -0.277882 1.81355 0.887041 -3.06021 1.08569 1.00008 5 -0.603532 -0.444135 2.23672 2.58118 -0.162712 0.33531 0.0868514 1.00646 0 0 0 0.0238841 -0.72485 0.688907 0 0 0 -1.91085e-05
 1.00006 4 -0.261425 -0.2518 1.82864 1.45728 -2.74597 1.02697 1.00006 5 -0.603532 -0.444135 2.23672 2.58118 -0.162712 0.33531 0.0444925 0.0189752 0 0 0 0.0122354 -1.68909e-09 4.59771e-06 0 0 0 -3.58543e-14
 1.00006 4 -0.261425 -0.2518 1.82864 1.45728 -2.74597 1.02697 1.00006 5 -0.603532 -0.444135 2.23672 2.58118 -0.162712 0.33531 0.0444925 0.0189752 0 0 0 0.0122354 -1.68909e-09 4.59771e-06 0 0 0 -3.58543e-14
 1.00011 4 -0.314808 -0.236526 1.80332 1.90735 -2.29006 0.97304 1.00011 5 -0.603532 -0.444135 2.23672 2.58118 -0.162712 0.33531 0.0483643 0.000732305 0 0 0 0.0133002 -1.68908e-09 4.59771e-06 0 0 0 -4.38975e-15
 1.00011 4 -0.314808 -0.236526 1.80332 1.90735 -2.29006 0.97304 1.00011 5 -0.603532 -0.444135 2.23672 2.58118 -0.162712 0.33531 0.0483643 0.000732305 0 0 0 0.0133002 -1.68908e-09 4.59771e-06 0 0 0 -4.38975e-15
 1.00006 4 -0.395348 -0.259981 1.9283 2.26785 -1.9043 0.778114 1.00006 5 -0.603532 -0.444135 2.23672 2.58118 -0.162712 0.33531 0.0161525 -0.00488867 0 0 0 0.00444194 4.54793e-10 1.60413e-06 0 0 0 -4.64371e-14
 1.00006 4 -0.395348 -0.259981 1.9283 2.26785 -1.9043 0.778114 1.00006 5 -0.603532 -0.444135 2.23672 2.58118 -0.162712 0.33531 0.0161525 -0.00488867 0 0 0 0.00444194 4.54793e-10 1.60413e-06 0 0 0 -4.64371e-14
 1.00007 4 -0.338688 -0.241323 1.83785 2.00342 -2.17698 0.969645 1.00007 5 -0.603532 -0.444135 2.23672 2.58118 -0.162712 0.33531 0.0168389 -0.00111996 0 0 0 0.0046307 4.55001e-10 1.60413e-06 0 0 0 -3.81522e-16
 1.00007 4 -0.338688 -0.241323 1.83785 2.00342 -2.17698 0.969645 1.00007 5 -0.603532 -0.444135 2.23672 2.58118 -0.162712 0.33531 0.0168389 -0.00111996 0 0 0 0.0046307 4.55001e-10 1.60413e-06 0 0 0 -3.81522e-16
 1.00013 4 -0.302427 -0.242155 1.83211 1.76447 -2.41486 0.992492 1.00013 5 -0.603532 -0.444135 2.23672 2.58118 -0.162712 0.33531 0.0166837 0.00254123 0 0 0 0.00458801 4.5498e-10 1.60413e-06 0 0 0 -5.36197e-15
 1.00013 4 -0.302427 -0.242155 1.83211 1.76447 -2.41486 0.992492 1.00013 5 -0.603532 -0.444135 2.23672 2.58118 -0.162712 0.33531 0.0166837 0.00254123 0 0 0 0.00458801 4.5498e-10 1.60413e-06 0 0 0 -5.36197e-15
 1.00009 4 -0.261992 -0.243783 1.7888 1.4695 -2.65246 1.04991 1.00009 5 -0.603532 -0.444135 2.23672 2.58118 -0.162712 0.33531 0.0157256 0.00612444 0 0 0 0.00432454 4.54985e-10 1.60413e-06 0 0 0 -1.08882e-14
 1.00009 4 -0.261992 -0.243783 1.7888 1.4695 -2.65246 1.04991 1.00009 5 -0.603532 -0.444135 2.23672 2.58118 -0.162712 0.33531 0.0157256 0.00612444 0 0 0 0.00432454 4.54985e-10 1.60413e-06 0 0 0 -1.08882e-14
 1.00006 4 -0.244003 -0.266387 1.85203 1.18679 -2.90825 1.01356 1.00006 5 -0.603532 -0.444135 2.23672 2.58118 -0.162712 0.33531 -0.0260628 -0.940968 0 0 0 -0.00716728 0.835553 -0.5494 0 0 0 2.20395e-05
 1.00006 4 -0.244003 -0.266387 1.85203 1.18679 -2.90825 1.01356 1.00006 5 -0.603532 -0.444135 2.23672 2.58118 -0.162712 0.33531 -0.0260628 -0.940968 0 0 0 -0.00716728 0.835553 -0.5494 0 0 0 2.20395e-05
 1.00007 4 -0.225361 -0.264189 1.78915 1.20201 -2.73747 -1.41189 1.00007 5 -0.603532 -0.444135 2.23672 2.58118 -0.162712 0.33531 -0.0369009 -0.952861 0 0 0 -0.0101478 0.785993 -0.618229 0 0 0 2.07301e-05
 1.00007 4 -0.225361 -0.264189 1.78915 1.20201 -2.73747 -1.41189 1.00007 5 -0.603532 -0.444135 2.23672 2.58118 -0.162712 0.33531 -0.0369009 -0.952861 0 0 0 -0.0101478 0.785993 -0.618229 0 0 0 2.07301e-05
 1.00007 4 -0.233803 -0.266603 1.82653 1.04892 -2.93713 1.11836 1.00007 5 -0.603532 -0.444135 2.23672 2.58118 -0.162712 0.33531 -0.0312979 -0.946183 0 0 0 -0.00860692 0.814776 -0.579768 0 0 0 2.14866e-05
 1.00007 4 -0.233803 -0.266603 1.82653 1.04892 -2.93713 1.11836 1.00007 5 -0.603532 -0.444135 2.23672 2.58118 -0.162712 0.33531 -0.0312979 -0.946183 0 0 0 -0.00860692 0.814776 -0.579768 0 0 0 2.14866e-05
 1.00009 4 -0.252959 -0.252351 1.80781 1.36325 -2.7526 1.04417 1.00009 5 -0.603532 -0.444135 2.23672 2.58118 -0.162712 0.33531 0.0430691 0.94419 0 0 0 0.011844 -0.905208 0.424956 0 0 0 -2.38711e-05
 1.00009 4 -0.252959 -0.252351 1.80781 1.36325 -2.7526 1.04417 1.00009 5 -0.603532 -0.444135 2.23672 2.58118 -0.162712 0.33531 0.0430691 0.94419 0 0 0 0.011844 -0.905208 0.424956 0 0 0 -2.38711e-05
 1.00006 4 -0.263993 -0.241707 1.77979 1.50093 -2.58321 1.05229 1.00006 5 -0.603532 -0.444135 2.23672 2.58118 -0.162712 0.33531 0.023946 0.932204 0 0 0 0.00658516 -0.944072 0.329719 0 0 0 -2.48982e-05
 1.00006 4 -0.263993 -0.241707 1.77979 1.50093 -2.58321 1.05229 1.00006 5 -0.603532 -0.444135 2.23672 2.58118 -0.162712 0.33531 0.023946 0.932204 0 0 0 0.00658516 -0.944072 0.329719 0 0 0 -2.48982e-05
 1.00032 4 -0.257379 -0.2467 1.7916 1.43556 -2.7217 1.04869 1.00032 5 -0.603532 -0.444135 2.23672 2.58118 -0.162712 0.33531 0.0368273 0.939632 0 0 0 0.0101275 -0.918983 0.394283 0 0 0 -2.42388e-05
 1.00032 4 -0.257379 -0.2467 1.7916 1.43556 -2.7217 1.04869 1.00032 5 -0.603532 -0.444135 2.23672 2.58118 -0.162712 0.33531 0.0368273 0.939632 0 0 0 0.0101275 -0.918983 0.394283 0 0 0 -2.42388e-05
 1.00011 4 -0.230065 -0.257837 1.77791 1.09575 -2.89794 1.1779 1.00011 5 -0.603532 -0.444135 2.23672 2.58118 -0.162712 0.33531 0.0239389 0.0168889 0 0 0 0.00658321 1.00379e-09 2.78476e-06 0 0 0 2.93425e-14
 1.00011 4 -0.230065 -0.257837 1.77791 1.09575 -2.89794 1.1779 1.00011 5 -0.603532 -0.444135 2.23672 2.58118 -0.162712 0.33531 0.0239389 0.0168889 0 0 0 0.00658321 1.00379e-09 2.78476e-06 0 0 0 2.93425e-14
 1.00006 4 -0.212155 -0.283808 1.81276 0.846577 -2.74058 -1.44145 1.00006 5 -0.603532 -0.444135 2.23672 2.58118 -0.162712 0.33531 0.00702687 0.00779541 0 0 0 0.00193239 -1.48345e-10 9.97585e-07 0 0 0 9.32507e-15
 1.00006 4 -0.212155 -0.283808 1.81276 0.846577 -2.74058 -1.44145 1.00006 5 -0.603532 -0.444135 2.23672 2.58118 -0.162712 0.33531 0.00702687 0.00779541 0 0 0 0.00193239 -1.48345e-10 9.97585e-07 0 0 0 9.32507e-15
 1.00012 4 -0.229298 -0.270549 1.82144 1.00862 -2.94917 1.11365 1.00012 5 -0.603532 -0.444135 2.23672 2.58118 -0.162712 0.33531 0.0082311 0.00651108 0 0 0 0.00226355 -1.48359e-10 9.97585e-07 0 0 0 3.56704e-15
 1.00012 4 -0.229298 -0.270549 1.82144 1.00862 -2.94917 1.11365 1.00012 5 -0.603532 -0.444135 2.23672 2.58118 -0.162712 0.33531 0.0082311 0.00651108 0 0 0 0.00226355 -1.48359e-10 9.97585e-07 0 0 0 3.56704e-15
 1.00006 4 -0.244888 -0.254863 1.80433 -1.21075 2.57862 -0.998679 1.00006 5 -0.603532 -0.444135 2.23672 2.58118 -0.162712 0.33531 0.00919503 0.00505931 0 0 0 0.00252863 -1.48377e-10 9.97585e-07 0 0 0 -8.43967e-16
 1.00006 4 -0.244888 -0.254863 1.80433 -1.21075 2.57862 -0.998679 1.00006 5 -0.603532 -0.444135 2.23672 2.58118 -0.162712 0.33531 0.00919503 0.00505931 0 0 0 0.00252863 -1.48377e-10 9.97585e-07 0 0 0 -8.43967e-16
 1.00006 4 -0.263993 -0.241707 1.77979 1.50093 -2.58321 1.05229 1.00006 5 -0.603532 -0.444135 2.23672 2.58118 -0.162712 0.33531 0.00993998 0.00336779 0 0 0 0.0027335 -1.48387e-10 9.97585e-07 0 0 0 -1.85397e-15
 1.00006 4 -0.263993 -0.241707 1.77979 1.50093 -2.58321 1.05229 1.00006 5 -0.603532 -0.444135 2.23672 2.58118 -0.162712 0.33531 0.00993998 0.00336779 0 0 0 0.0027335 -1.48387e-10 9.97585e-07 0 0 0 -1.85397e-15
