5.698 1.88244e-18 -5.55112e-17 0.55 -5.60678e-21 3.89714e-21 3.19136e-19 1 -0.143 0.046 0.578 -1.44048e-18 2.33185e-18 0.587528 0.809204 -2.42386e-12 -2.4792e-11 -3.54486e-15 1.23497e-13 -7.10007e-15 6.32793e-11 1.29459e-15 7.68081e-16 4.50412e-19 1.50429e-18 -5.19702e-18 -3.02281e-15
6.313 -1.70117e-17 0 0.55 5.10419e-20 -3.38461e-20 -2.88408e-18 1 -0.143 0.046 0.578 1.37155e-17 -2.05068e-17 0.587528 0.809204 6.623e-11 1.63916e-10 -7.06625e-15 -1.48191e-12 4.72128e-13 -7.46934e-10 -1.00327e-14 6.31053e-17 7.39085e-19 3.96136e-18 6.19668e-18 3.69831e-14
6.913 -1.61999e-17 0 0.55 4.86068e-20 -3.22881e-20 -2.74676e-18 1 -0.143 0.046 0.578 1.29226e-17 -1.94211e-17 0.587528 0.809204 2.45051e-11 1.48663e-10 -3.01324e-14 -1.46417e-12 4.95704e-13 -7.40573e-10 -9.74342e-15 -1.0323e-16 1.89338e-18 2.78403e-18 6.38763e-18 3.57421e-14
7.569 -4.32341e-19 0 0.55 1.01556e-21 -2.25487e-22 -7.33709e-20 1 -0.143 0.046 0.578 4.10691e-19 -5.11622e-20 0.587528 0.809204 -3.39772e-12 7.47351e-12 6.83368e-15 -7.52331e-14 1.98909e-15 -2.79218e-11 -3.60451e-16 -1.36961e-16 -7.35221e-19 -2.74993e-18 -2.98703e-19 1.30192e-15
8.202 -7.54047e-18 2.77556e-17 0.55 2.24852e-20 -1.50097e-20 -1.27845e-18 1 -0.143 0.046 0.578 5.97716e-18 -9.00715e-18 0.587528 0.809204 -9.3521e-12 7.87454e-11 -4.96832e-14 -6.50077e-13 2.23508e-13 -3.44996e-10 -3.53402e-15 -1.99556e-15 3.23351e-19 -1.28907e-17 -2.81029e-19 1.66171e-14
8.822 -7.51429e-18 2.77556e-17 0.55 2.2848e-20 -1.48158e-20 -1.27409e-18 1 -0.143 0.046 0.578 6.20307e-18 -9.02754e-18 0.587528 0.809204 1.91847e-11 6.13983e-11 2.59226e-14 -6.78808e-13 2.05429e-13 -3.42548e-10 -4.20864e-15 8.77075e-17 -1.23685e-18 -1.54783e-18 -4.71863e-18 1.69243e-14
9.394 -1.51467e-18 2.77556e-17 0.55 4.1269e-21 -2.74979e-21 -2.56659e-19 1 -0.143 0.046 0.578 1.16024e-18 -1.60699e-18 0.587528 0.809204 1.57933e-11 1.62085e-11 -6.21459e-14 -1.15048e-13 4.00341e-14 -6.19827e-11 -9.07081e-16 -6.38033e-16 -2.45966e-19 -1.16967e-18 4.71261e-18 3.46805e-15
9.985 2.69762e-11 7.81534e-11 0.55 -1.07994e-13 6.22774e-14 4.58125e-12 1 -0.143 0.0459999 0.578 -2.96824e-11 4.40692e-11 0.587528 0.809204 0.000254389 -0.000398774 -1.53292e-06 3.33369e-06 -9.10432e-07 0.0016429 1.80092e-08 1.93814e-09 4.51704e-12 2.7496e-11 -1.33627e-11 -6.28421e-08
10.575 2.15583e-09 5.46858e-09 0.55 -6.51683e-12 4.29375e-12 3.65645e-10 1 -0.143077 0.0457612 0.578 -1.70204e-09 2.54924e-09 0.588203 0.808713 -0.0165629 -0.0486474 2.73865e-05 0.00018596 -6.99758e-05 0.0911271 2.2434e-06 -2.03936e-08 -9.18784e-10 -1.63462e-10 -1.4028e-08 -4.42686e-06
11.191 7.95993e-09 2.06456e-08 0.55 -2.51908e-11 1.51877e-11 1.35083e-09 1 -0.144085 0.0424791 0.578 -6.91256e-09 9.42315e-09 0.597408 0.801937 -0.0599621 -0.192452 6.2136e-05 0.000780718 -0.000257984 0.259333 8.13859e-06 2.08218e-08 -2.23882e-09 -1.25913e-09 -5.32568e-08 -1.2398e-05
11.802 8.75699e-09 3.92899e-08 0.55 -4.87236e-11 1.44846e-11 1.49459e-09 1 -0.147355 0.0291828 0.578 -1.46704e-08 1.40396e-08 0.633337 0.773876 0.0221386 -0.416091 7.53219e-05 0.00141386 -4.65378e-05 0.488851 1.58134e-05 4.08464e-06 2.69394e-09 3.76709e-08 -1.197e-07 -2.12643e-05
12.332 -1.79507e-10 3.75313e-08 0.55 -5.60776e-11 -1.42587e-11 -2.77644e-11 1 -0.150175 0.00352703 0.578 -2.33751e-08 9.95173e-09 0.697479 0.716605 0.0650393 -0.301587 1.64245e-05 0.00151224 0.000677239 0.747847 1.42207e-05 4.66968e-06 -5.99027e-10 -5.93237e-10 -6.72146e-08 -3.43604e-05
12.972 -1.24571e-08 2.61392e-08 0.55 -2.62504e-11 -5.63712e-11 -2.10988e-09 1 -0.142986 -0.0460428 0.578 -2.68565e-08 -8.01837e-09 0.80719 0.590292 0.174942 -0.0713661 3.58195e-05 0.000716351 0.0018718 0.579778 3.80907e-06 3.17069e-06 -1.94351e-08 -9.9848e-08 7.0971e-08 -5.78452e-05
13.566 -1.54391e-08 6.78473e-09 0.55 2.27779e-11 -5.30076e-11 -2.5679e-09 1 -0.113533 -0.098363 0.578 -1.84043e-08 -2.40875e-08 0.908874 0.41707 0.197824 0.117262 2.38791e-06 -0.00117147 0.00185466 0.233463 2.39801e-06 1.41693e-05 -6.44247e-11 9.01024e-11 -2.85867e-09 -8.67678e-06
14.147 2.81141e-09 -5.18603e-09 0.55 4.94174e-11 -1.24422e-11 4.67722e-10 1 -0.0630751 -0.136333 0.578 -2.60447e-09 -2.97264e-08 0.976234 0.216717 0.0544962 0.234604 4.90618e-05 -0.00209869 0.00078446 -0.0935248 -1.75495e-05 1.48644e-05 -4.34716e-09 8.64463e-09 2.56231e-07 -1.7428e-05
14.771 1.09427e-08 -2.54895e-09 0.55 4.30154e-11 1.83039e-11 1.80508e-09 1 0.000351469 -0.150216 0.578 8.42278e-09 -2.48895e-08 1 0.000616621 -0.291643 0.19832 2.74975e-06 -0.00187224 -0.000515729 -0.334711 -3.53347e-06 1.21628e-05 -3.27774e-11 7.43676e-11 6.87672e-09 1.20624e-05
15.396 2.19171e-08 4.24737e-09 0.55 2.5938e-11 3.41026e-11 3.61941e-09 1 0.057541 -0.138759 0.578 1.14176e-08 -1.7654e-08 0.981094 -0.193534 0.350136 0.277737 0.000168253 -0.00119152 -0.000769107 -0.504318 9.37162e-06 8.66772e-06 -6.80545e-09 -9.45902e-09 -2.13811e-07 3.32558e-05
16.003 2.52725e-08 1.29855e-08 0.55 7.59921e-12 4.16957e-11 4.19348e-09 1 0.0995661 -0.112479 0.578 1.33313e-08 -1.10219e-08 0.935721 -0.352742 -0.525039 -0.149903 -6.14925e-05 -0.000190985 -0.00178203 0.126918 -1.36101e-05 1.08014e-05 9.05079e-09 4.98044e-08 1.70029e-07 -1.72964e-05
16.643 1.77286e-08 1.83949e-08 0.55 -8.39551e-12 3.54424e-11 2.96838e-09 1 0.127683 -0.0791336 0.578 1.19695e-08 -4.47978e-09 0.874595 -0.484855 0.0622739 0.172184 8.95136e-05 -0.00016852 -0.000536494 -0.597106 6.24013e-05 -3.32264e-06 -6.24124e-08 -9.26402e-08 -1.00959e-06 2.41942e-05
17.276 1.45564e-08 2.84705e-08 0.55 -3.535e-11 3.2208e-11 2.46148e-09 1 0.141254 -0.0511106 0.578 1.65069e-08 6.26414e-09 0.819636 -0.572885 -0.150822 -0.534726 -0.000121527 0.00148582 -0.000969825 -0.0846009 -1.75683e-05 -6.02394e-07 -8.22708e-10 -3.64732e-08 1.75687e-07 -1.89996e-06
17.879 -7.79719e-09 -1.51704e-08 0.55 2.10767e-11 -1.33884e-11 -1.31756e-09 1 0.139725 -0.0551536 0.578 -7.641e-09 -5.93271e-09 0.827792 -0.561035 0.012642 0.00543932 -5.42914e-05 -0.00051738 0.000120723 0.357526 6.4072e-06 6.34284e-07 -2.04047e-09 2.08456e-09 -4.17691e-08 -1.03052e-05
18.445 -1.84417e-08 -3.02583e-08 0.55 3.88987e-11 -3.28768e-11 -3.10873e-09 1 0.137315 -0.0609075 0.578 -1.63737e-08 -9.49841e-09 0.839263 -0.543726 0.0574264 0.124773 8.73934e-06 -0.00110897 0.000495859 0.610583 8.24938e-06 -4.90483e-08 -3.71001e-10 -6.06766e-10 -5.05482e-09 -2.87449e-05
18.971 -8.90746e-09 -1.64947e-08 0.55 2.1973e-11 -1.51147e-11 -1.50438e-09 1 0.139492 -0.0557394 0.578 -8.09035e-09 -5.96602e-09 0.828967 -0.559298 0.0196026 0.0665819 3.17457e-09 -0.000638461 0.000186331 0.33005 4.3191e-06 4.23579e-07 -6.17866e-14 -6.63754e-13 4.44824e-12 -1.57344e-05
19.533 -2.05269e-09 -4.74821e-09 0.55 4.85918e-11 -1.69052e-11 -3.47798e-10 1 0.142591 -0.0472529 0.578 -2.47426e-08 -1.85219e-08 0.811774 -0.583972 0.00168395 0.0180673 4.8043e-05 -0.00845308 0.00262273 0.0848505 1.11e-06 2.52735e-07 -2.52226e-09 -6.99493e-09 4.33019e-07 -4.0919e-06
20.141 -4.62079e-09 -9.94741e-09 0.55 1.34895e-11 -9.10248e-12 -7.81713e-10 1 0.140428 -0.0533395 0.578 -5.25636e-09 -3.36848e-09 0.824142 -0.566383 0.00125358 0.0104889 -2.88901e-05 -0.000351374 0.00011794 0.198043 1.63756e-06 1.0084e-07 1.02404e-09 5.53246e-10 1.36711e-08 -9.81825e-06
20.744 4.38405e-09 8.3619e-09 0.55 -1.05961e-11 8.21588e-12 7.40648e-10 1 0.139609 -0.0554455 0.578 4.26404e-09 2.53577e-09 0.828379 -0.560169 0.0344382 0.112069 8.30103e-05 0.000208684 -4.05373e-05 -0.230788 2.04311e-06 3.4415e-07 -1.9833e-09 5.69094e-09 -6.59319e-08 1.28845e-05
21.335 1.87658e-08 3.09543e-08 0.55 -4.24126e-11 3.71175e-11 3.1632e-09 1 0.137062 -0.0614734 0.578 1.96135e-08 1.00935e-08 0.840385 -0.541991 -0.184408 -0.296356 -8.55786e-05 0.00132767 -0.000805661 -0.555405 -1.41529e-05 1.72999e-06 4.94832e-09 1.48844e-08 8.7235e-08 2.26649e-05
21.972 4.19456e-08 4.26194e-08 0.55 -4.2811e-11 7.65869e-11 7.01551e-09 1 0.12442 -0.0841702 0.578 3.20114e-08 4.44169e-09 0.884106 -0.467286 -0.177364 -0.123575 -3.95931e-05 0.00124364 -0.00164461 -0.990465 -1.19858e-05 5.33137e-06 1.48603e-09 1.08859e-08 -9.87145e-09 4.57517e-05
22.593 4.10187e-08 1.898e-08 0.55 1.08061e-11 7.62639e-11 6.79668e-09 1 0.0894743 -0.120662 0.578 2.87762e-08 -1.75529e-08 0.9501 -0.311946 -0.231062 0.0653433 -1.55397e-05 -0.000604216 -0.00224307 -0.741182 -9.07486e-06 1.19549e-05 4.41943e-10 -4.319e-10 -1.4821e-09 3.28289e-05
23.218 8.64046e-09 -2.40999e-09 0.55 5.73634e-11 2.05262e-11 1.42437e-09 1 0.0263981 -0.147879 0.578 7.37987e-09 -3.40749e-08 0.996258 -0.086431 0.452434 0.365193 4.0552e-05 -0.00252558 -0.000368007 -0.341027 1.28021e-05 1.71444e-05 -6.51191e-10 5.27505e-09 -2.34149e-07 2.7094e-05
23.868 -1.34917e-08 -1.1853e-09 0.55 4.47538e-11 -4.12717e-11 -2.22514e-09 1 -0.0480226 -0.142334 0.578 -1.78844e-08 -2.82504e-08 0.986503 0.163745 -0.368015 0.368084 0.000133096 -0.00202648 0.00106795 0.605265 -9.80194e-06 1.47872e-05 -4.66554e-09 -1.73575e-09 2.36565e-07 -3.88221e-05
24.534 -1.87402e-08 1.2586e-08 0.55 8.04017e-12 -5.13112e-11 -3.11502e-09 1 -0.1052 -0.107229 0.578 -2.0196e-08 -1.53599e-08 0.92502 0.379919 0.199945 0.0124755 -0.000108661 -0.000599888 0.00161993 0.442626 -3.20249e-06 1.48039e-05 2.86471e-09 6.65846e-08 1.41318e-07 -3.93716e-05
25.124 -1.29231e-08 1.20317e-08 0.55 -2.39454e-12 -3.99967e-11 -2.16906e-09 1 -0.134409 -0.0670765 0.578 -1.48475e-08 -9.28105e-09 0.84951 0.527572 -0.130995 0.354522 0.000252063 -0.000364205 0.000876664 0.531604 -7.9242e-06 5.04822e-06 -1.26821e-08 -3.0714e-08 1.81309e-07 -3.12464e-05
25.74 -2.71424e-09 9.58064e-09 0.55 -1.01801e-11 -2.40622e-11 -4.61885e-10 1 -0.148273 -0.0240861 0.578 -1.21947e-08 -5.69e-09 0.760532 0.649301 0.172036 -0.240988 -3.06828e-05 0.000474809 0.0010925 -0.0313835 7.7575e-06 7.04697e-06 3.19968e-09 1.51785e-08 -9.24819e-08 5.89628e-06
26.352 1.13933e-09 1.85732e-08 0.55 -2.66449e-11 -9.62643e-12 1.9717e-10 1 -0.149439 0.0152648 0.578 -1.32886e-08 2.17133e-09 0.668891 0.74336 0.0616814 0.0379702 -1.38074e-05 0.000575325 0.000597245 0.543362 2.12741e-06 3.87173e-06 -1.57327e-10 -4.54435e-09 4.50895e-08 -2.66079e-05
26.93 1.08763e-08 3.0165e-08 0.55 -3.93885e-11 1.66636e-11 1.84677e-09 1 -0.14381 0.0434011 0.578 -1.31478e-08 1.22912e-08 0.594837 0.803846 0.0355194 -0.0535419 -5.38966e-05 0.00119611 -9.23943e-06 0.569125 4.9967e-06 2.50565e-06 2.85892e-09 7.85966e-09 3.6272e-08 -2.76269e-05
27.569 -7.51475e-09 -2.63925e-08 0.55 3.33752e-11 -1.73443e-11 -1.27953e-09 1 -0.146441 0.0334658 0.578 8.2708e-09 -1.26037e-08 0.621986 0.783029 0.027629 0.110475 -1.02681e-05 -0.000913174 0.000280702 -0.46195 -4.95622e-06 4.58936e-07 -4.87556e-10 4.22296e-10 -2.31435e-08 2.58278e-05
28.207 -8.05481e-09 -3.23268e-08 0.55 4.22897e-11 -1.79373e-11 -1.37317e-09 1 -0.147146 0.0302146 0.578 1.12217e-08 -1.49233e-08 0.630618 0.776093 0.0270112 0.123803 3.56585e-07 -0.00118639 0.000257291 -0.587533 -7.91877e-06 8.9898e-08 -2.03283e-11 -6.54817e-11 1.03878e-11 2.88333e-05
28.847 -1.25103e-09 -2.80322e-09 0.55 2.78142e-12 -4.78338e-12 -2.12053e-10 1 -0.144122 0.0423549 0.578 -3.41997e-10 -2.33729e-09 0.597752 0.801681 0.0154628 0.00818164 1.13893e-08 -7.87104e-05 0.000148023 -0.0531853 -7.64189e-07 7.82628e-07 -6.26917e-13 -3.03664e-12 6.29165e-13 2.78367e-06
29.486 -1.42074e-09 -3.96527e-09 0.55 -1.059e-11 6.70013e-13 -2.41318e-10 1 -0.144777 0.0400588 0.578 -5.20626e-09 5.91047e-09 0.604105 0.796905 0.00689202 0.0139165 3.81212e-06 0.000967432 -0.000229221 -0.0699487 -9.5543e-07 1.79714e-07 -2.29904e-10 -6.88288e-10 5.69919e-08 3.48208e-06
30.091 -2.5168e-09 -8.95126e-09 0.55 1.1555e-11 -5.60106e-12 -4.28597e-10 1 -0.146143 0.0347455 0.578 3.04188e-09 -4.24092e-09 0.618556 0.785741 0.00881029 0.0341384 -1.80616e-07 -0.000318523 8.17076e-05 -0.163005 -2.20247e-06 3.665e-08 4.52883e-12 -9.00144e-12 4.45213e-10 8.01694e-06
30.74 2.47552e-09 1.01287e-08 0.55 -1.44127e-11 5.8271e-12 4.22183e-10 1 -0.146663 0.0324822 0.578 -4.04125e-09 5.23094e-09 0.624612 0.780936 0.015868 0.00645725 -2.07176e-05 0.000378631 -5.22099e-05 0.198288 -1.33207e-06 -2.86128e-07 1.79079e-09 -4.98659e-09 6.522e-08 -1.56218e-05
31.321 8.14893e-09 3.88464e-08 0.55 -5.0725e-11 1.56118e-11 1.39092e-09 1 -0.148073 0.0252886 0.578 -1.45432e-08 1.58273e-08 0.643482 0.765461 -0.014493 -0.145538 7.85203e-07 0.00140705 -0.000138166 0.680991 9.11639e-06 6.70774e-07 -2.18328e-11 2.57983e-11 6.39591e-10 -3.3196e-05
31.996 -2.93051e-09 4.55596e-08 0.55 -6.5543e-11 -2.22167e-11 -4.98492e-10 1 -0.150156 -0.00425632 0.578 -2.71666e-08 1.10893e-08 0.715811 0.698294 0.0870274 -0.18932 -1.50646e-07 0.00182674 0.00083948 0.941793 1.20852e-05 5.16918e-06 4.35897e-12 -4.89357e-11 7.01629e-10 -4.45124e-05
32.647 -2.30572e-08 3.0848e-08 0.55 -2.17195e-11 -7.5632e-11 -3.88486e-09 1 -0.138342 -0.0585358 0.578 -3.09176e-08 -1.25694e-08 0.832583 0.553901 0.276698 -0.32536 -0.000173989 0.000702302 0.00245177 0.356615 1.45425e-05 1.04739e-05 1.03325e-09 -3.49724e-08 -1.14721e-07 -1.10688e-05
33.34 -4.35785e-09 -3.54672e-09 0.55 4.80802e-11 -3.48842e-11 -7.17758e-10 1 -0.0908243 -0.11965 0.578 -1.07693e-08 -3.28542e-08 0.947193 0.320665 0.111861 0.212507 0.000126708 -0.00206493 0.00157597 0.0249681 -5.40302e-08 1.67685e-05 5.95303e-10 -6.15333e-10 -4.67857e-10 6.67016e-07
33.978 2.01432e-08 -6.19986e-09 0.55 5.2127e-11 1.76084e-11 3.325e-09 1 -0.0248177 -0.148152 0.578 7.47963e-09 -2.93904e-08 0.996409 0.0846724 0.319688 0.167629 -5.36226e-05 -0.00223809 -0.000250001 -0.26918 6.5211e-06 1.39553e-05 1.50647e-09 -2.35607e-09 -1.6509e-07 1.99939e-05
34.616 2.18164e-08 2.80822e-09 0.55 2.79733e-11 3.54823e-11 3.60022e-09 1 0.0373796 -0.145492 0.578 1.36067e-08 -1.85307e-08 0.992328 -0.123636 -0.0200658 0.176269 -1.75623e-07 -0.00130855 -0.000935971 -0.371674 8.43232e-06 1.02836e-05 -1.38978e-09 7.63797e-09 -1.90319e-07 2.08719e-05
35.26 1.77895e-08 4.80787e-09 0.55 1.40356e-11 3.27532e-11 2.94347e-09 1 0.0850568 -0.123816 0.578 1.16271e-08 -1.14335e-08 0.95558 -0.294731 -0.131358 0.0301456 -7.86232e-05 -0.00058085 -0.000981932 -0.269385 -4.41238e-06 6.53371e-06 1.77923e-09 -5.55989e-09 2.01269e-08 1.09921e-05
35.905 1.00679e-08 9.11971e-09 0.55 -1.51687e-12 2.95377e-11 1.67969e-09 1 0.117983 -0.0929783 0.578 1.21804e-08 -6.36678e-09 0.90049 -0.434877 -0.308259 -0.276228 -0.000126514 0.000112071 -0.0012611 -0.0939409 -1.27854e-05 4.65829e-06 2.88722e-09 -1.0282e-08 1.49545e-07 -2.5867e-06
36.51 1.32123e-08 2.08785e-08 0.55 -2.30168e-11 3.30507e-11 2.2256e-09 1 0.136442 -0.0628369 0.578 1.54317e-08 1.36689e-09 0.843076 -0.537795 -0.0568239 0.03997 4.53487e-05 0.000421402 -0.000699128 -0.598174 -5.57641e-06 3.22525e-06 -1.10683e-09 9.74662e-10 -6.24675e-10 2.06728e-05
37.137 -5.6189e-10 -6.65934e-10 0.55 3.13845e-13 2.02622e-12 -9.47408e-11 1 0.141414 -0.0506676 0.578 1.33301e-09 -1.03041e-09 0.818736 -0.57417 -0.0111672 -0.0128209 -3.22187e-05 9.50223e-05 -0.000149186 -0.00404037 -5.00712e-07 5.79185e-07 6.68429e-10 -2.73157e-09 9.19723e-10 -6.46399e-08
37.765 -1.99342e-08 -3.23523e-08 0.55 4.14111e-11 -3.51379e-11 -3.35969e-09 1 0.137052 -0.0614964 0.578 -1.73706e-08 -1.01592e-08 0.840427 -0.541924 0.0574559 0.13587 5.90105e-06 -0.00120398 0.000531855 0.624134 8.65575e-06 1.48638e-07 -3.77278e-11 1.18315e-09 -4.75711e-09 -2.93495e-05
38.377 -1.18631e-08 -2.09131e-08 0.55 2.75325e-11 -2.03486e-11 -2.00202e-09 1 0.138648 -0.0578091 0.578 -1.05675e-08 -7.27679e-09 0.833106 -0.553114 0.0274441 0.0819551 1.00176e-09 -0.000785951 0.000261136 0.412629 5.38899e-06 4.03248e-07 1.15897e-13 -4.53586e-14 5.82176e-12 -1.9632e-05
39.014 -2.23589e-09 -5.15732e-09 0.55 6.39705e-11 -2.18697e-11 -3.78826e-10 1 0.142582 -0.0472808 0.578 -3.284e-08 -2.45788e-08 0.811831 -0.583893 0.00227007 0.0204035 3.92255e-05 -0.00722831 0.00224774 0.0944808 1.24856e-06 2.68592e-07 -2.05934e-09 -5.59104e-09 3.68009e-07 -4.54789e-06
39.621 -1.25828e-09 -2.4692e-09 0.55 -2.1367e-11 6.93095e-12 -2.12702e-10 1 0.140374 -0.0534803 0.578 1.24626e-08 8.73444e-09 0.824426 -0.56597 0.00237575 0.00968253 -7.89325e-06 0.00133152 -0.000498574 0.0471673 6.19315e-07 7.79076e-08 4.1659e-10 1.16184e-09 -7.56669e-08 -2.2543e-06
40.2 -2.13106e-09 -3.95065e-09 0.55 5.84723e-12 -4.17331e-12 -3.59852e-10 1 0.139056 -0.05682 0.578 -2.44173e-09 -1.54976e-09 0.831131 -0.556077 0.0230108 0.0922756 2.39836e-05 -0.000249862 0.000122322 0.0179671 3.01274e-06 4.67282e-07 1.214e-10 6.86795e-09 -3.07042e-08 1.08092e-07
40.847 7.29096e-09 1.2337e-08 0.55 -1.59061e-11 1.3265e-11 1.22974e-09 1 0.138053 -0.0592136 0.578 6.68837e-09 3.82324e-09 0.835904 -0.548876 -0.014332 -0.045192 2.03651e-05 0.000438517 -0.000196704 -0.239052 -3.03892e-06 -1.27307e-07 -1.00201e-09 -2.50285e-09 -1.63141e-09 1.14188e-05
41.416 2.26168e-08 3.26374e-08 0.55 -4.01311e-11 4.09496e-11 3.80467e-09 1 0.134611 -0.0666703 0.578 1.9187e-08 8.7509e-09 0.850597 -0.525818 -0.0727956 -0.116987 -1.14636e-05 0.00115977 -0.000693878 -0.667818 -8.59666e-06 7.8553e-07 4.6799e-10 7.22843e-10 -1.50837e-09 3.13994e-05
42.018 3.9877e-08 3.77392e-08 0.55 -3.66544e-11 7.13099e-11 6.6616e-09 1 0.121606 -0.0881875 0.578 2.94867e-08 3.36574e-09 0.891617 -0.45279 -0.171555 -0.0765109 3.54261e-05 0.00103357 -0.00157553 -0.909573 -1.08236e-05 5.10829e-06 4.57118e-10 1.17543e-08 -1.05058e-08 4.19423e-05
42.649 3.95672e-08 1.75327e-08 0.55 1.04301e-11 7.20936e-11 6.55347e-09 1 0.0863442 -0.122921 0.578 2.73786e-08 -1.62586e-08 0.95403 -0.299712 -0.213842 0.0652376 -1.20912e-05 -0.000595271 -0.00211029 -0.702652 -8.58617e-06 1.10888e-05 2.61695e-10 -9.24162e-10 -3.04856e-09 3.12003e-05
43.276 1.10056e-08 -1.90793e-09 0.55 5.41754e-11 2.14635e-11 1.81473e-09 1 0.0247301 -0.148167 0.578 7.5836e-09 -3.22214e-08 0.996729 -0.0808164 -0.0738333 0.245287 -1.3441e-06 -0.00232731 -0.000797203 -0.187688 -2.15481e-06 1.59028e-05 3.6269e-11 -8.69924e-11 5.91093e-10 7.72152e-06
43.894 -1.47749e-08 5.85291e-10 0.55 4.64381e-11 -3.46763e-11 -2.43781e-09 1 -0.0451735 -0.143263 0.578 -1.31929e-08 -2.95688e-08 0.988087 0.153896 0.672259 0.0276838 -9.9188e-05 -0.00197646 0.00159445 0.0555493 1.88592e-05 1.46869e-05 2.23893e-09 -8.06184e-09 -2.50879e-07 1.11842e-05
44.528 -2.24249e-08 1.11876e-08 0.55 1.49273e-11 -5.33317e-11 -3.72237e-09 1 -0.101948 -0.110325 0.578 -1.95055e-08 -1.79514e-08 0.930595 0.36605 0.21283 0.109677 -4.16303e-05 -0.000785559 0.00171837 0.420242 4.95925e-06 1.27794e-05 4.0663e-09 1.98938e-08 -3.42219e-09 -1.74944e-05
45.136 -1.32579e-08 1.6477e-08 0.55 -7.53063e-12 -4.42387e-11 -2.22815e-09 1 -0.134217 -0.067459 0.578 -1.75412e-08 -9.56178e-09 0.850261 0.526362 0.240323 -0.0598037 -0.000100495 -0.000269834 0.00130382 0.690934 9.21425e-06 9.97813e-06 6.7153e-09 2.51341e-08 -6.05374e-08 -3.00363e-05
45.761 -3.35722e-09 1.22465e-08 0.55 -1.44735e-11 -2.56333e-11 -5.71348e-10 1 -0.148507 -0.0226006 0.578 -1.37381e-08 -4.59079e-09 0.757272 0.653099 0.101165 -0.0809472 -6.14464e-05 0.000301039 0.000963545 0.275991 3.41327e-06 6.11336e-06 1.20784e-10 2.0706e-09 -5.74763e-09 -1.20279e-05
46.375 1.49205e-09 1.9091e-08 0.55 -2.8867e-11 -7.95731e-12 2.57228e-10 1 -0.149317 0.016416 0.578 -1.37418e-08 3.51077e-09 0.666022 0.745932 0.048828 -0.0263787 -1.95505e-05 0.000790715 0.000514496 0.378927 4.80091e-06 3.96086e-06 8.93543e-11 -4.59235e-11 -1.41632e-09 -1.75816e-05
47.006 1.04577e-08 2.59849e-08 0.55 -3.74787e-11 1.73705e-11 1.77353e-09 1 -0.14325 0.0452151 0.578 -1.25834e-08 1.27909e-08 0.589746 0.807589 0.0342837 -0.0804051 -3.76284e-05 0.00110515 -4.81877e-05 0.561943 9.78309e-06 1.53835e-06 -1.38556e-09 4.9267e-10 -3.07929e-08 -3.20774e-05
47.613 -7.44472e-09 -2.60364e-08 0.55 3.30799e-11 -1.70459e-11 -1.26756e-09 1 -0.146374 0.0337589 0.578 8.29373e-09 -1.24381e-08 0.621202 0.783651 0.0296228 0.122679 1.02982e-07 -0.00096606 0.000287628 -0.426434 -6.83552e-06 2.13136e-07 -3.28256e-10 -2.44718e-09 9.84843e-09 2.08265e-05
48.239 -7.89161e-09 -3.06875e-08 0.55 3.99798e-11 -1.74695e-11 -1.34497e-09 1 -0.146978 0.0310231 0.578 1.05937e-08 -1.41957e-08 0.628482 0.777824 0.0264016 0.115969 -3.46009e-08 -0.00111347 0.000250212 -0.552355 -7.44037e-06 1.00847e-07 4.72099e-12 2.53154e-11 -8.37646e-11 2.71223e-05
48.842 -1.73084e-09 -4.23351e-09 0.55 4.66419e-12 -5.54681e-12 -2.93606e-10 1 -0.144279 0.0418151 0.578 2.71682e-10 -2.92424e-09 0.599252 0.800561 0.0160275 0.0151172 1.0139e-08 -0.000145187 0.000153276 -0.0848055 -1.18689e-06 6.99336e-07 -5.569e-13 -2.72105e-12 -1.6923e-14 4.32365e-06
49.468 -1.36653e-09 -3.71949e-09 0.55 -1.17524e-11 1.15853e-12 -2.32042e-10 1 -0.144547 0.0408784 0.578 -5.59954e-09 6.50954e-09 0.601845 0.798613 0.00657247 0.0130845 2.70666e-06 0.000668351 -0.000155254 -0.0658362 -9.00085e-07 1.70326e-07 -1.64211e-10 -4.73394e-10 4.11645e-08 3.27834e-06
50.08 -2.59616e-09 -8.58099e-09 0.55 1.09736e-11 -5.60118e-12 -4.41777e-10 1 -0.145929 0.0356346 0.578 2.89029e-09 -4.0552e-09 0.616161 0.78762 0.015014 0.00452932 9.70314e-06 -0.00031603 8.75551e-05 -0.154617 -1.3077e-06 4.51507e-07 5.03631e-10 5.9736e-09 -1.22035e-08 7.87967e-06
50.699 2.27893e-09 8.93995e-09 0.55 -1.27382e-11 5.32335e-12 3.88492e-10 1 -0.146434 0.0334965 0.578 -3.58289e-09 4.67429e-09 0.621905 0.783092 0.0111787 0.170457 -6.28452e-05 0.000152501 9.86708e-06 0.360826 -2.88821e-06 -9.02855e-07 1.97812e-10 -1.38771e-08 8.49453e-08 -1.90372e-05
51.28 7.87613e-09 3.68163e-08 0.55 -4.92657e-11 1.57493e-11 1.34441e-09 1 -0.147816 0.0267505 0.578 -1.4198e-08 1.58278e-08 0.639692 0.768631 0.00119176 -0.242845 4.16999e-05 0.00131892 -0.000131109 0.662897 1.18612e-05 1.75023e-06 9.09221e-10 1.64568e-08 -4.6775e-08 -3.14092e-05
51.883 -7.42642e-11 5.14753e-08 0.55 -7.13405e-11 -1.22673e-11 -9.59762e-12 1 -0.15019 0.00281463 0.578 -2.62743e-08 1.44562e-08 0.699178 0.714948 0.0583783 -0.482181 1.25626e-05 0.00207114 0.000592354 0.688281 1.18682e-05 4.07422e-06 1.66256e-11 -1.9153e-10 2.28409e-09 -4.43935e-05
52.474 -1.82713e-08 3.9514e-08 0.55 -4.07467e-11 -6.74032e-11 -3.09666e-09 1 -0.144036 -0.0426446 0.578 -3.1831e-08 -5.7951e-09 0.800146 0.599806 0.179436 -0.213762 -6.07673e-05 0.000952445 0.00199927 0.758921 1.27082e-05 8.96832e-06 -1.98326e-09 -2.90181e-08 -4.86252e-08 -3.36654e-05
53.125 -1.99021e-09 -5.00291e-09 0.55 3.55224e-11 -4.50334e-11 -3.2595e-10 1 -0.109305 -0.103041 0.578 -1.79081e-08 -2.89111e-08 0.917427 0.397904 0.194762 0.184512 0.000106265 -0.00150597 0.00207295 0.216787 1.01004e-06 1.66014e-05 -3.08099e-09 2.69753e-09 1.77188e-08 -8.19077e-06
53.77 1.38102e-08 -7.92794e-09 0.55 5.65405e-11 4.25211e-12 2.28319e-09 1 -0.0468862 -0.142712 0.578 3.34244e-09 -3.21281e-08 0.987147 0.159812 0.122841 0.19158 -5.62607e-05 -0.00226843 0.000514709 -0.249538 -1.78958e-07 1.45428e-05 3.59612e-10 -1.08037e-08 -3.74893e-08 1.45847e-05
54.394 1.42299e-08 -3.67929e-10 0.55 3.50631e-11 3.80988e-11 2.34719e-09 1 0.01715 -0.149234 0.578 1.88004e-08 -2.17065e-08 0.998465 -0.055394 -0.711293 0.0943844 -3.52199e-05 -0.0015646 -0.00145658 -0.228574 -2.19477e-05 1.07835e-05 4.37482e-10 -4.84985e-09 2.63674e-07 -3.53657e-06
55.025 1.65064e-08 4.1057e-09 0.55 1.8862e-11 3.08092e-11 2.72791e-09 1 0.0693423 -0.133254 0.578 1.10729e-08 -1.38971e-08 0.971783 -0.235877 -0.110861 0.082965 1.25907e-06 -0.00105842 -0.000546805 -0.303034 -3.60297e-06 7.75101e-06 -1.77904e-11 -1.16373e-10 9.41165e-09 1.31014e-05
55.634 1.62999e-08 7.64967e-09 0.55 6.42418e-12 3.23697e-11 2.70669e-09 1 0.105825 -0.106612 0.578 1.12747e-08 -8.82727e-09 0.925266 -0.379318 -0.00516523 0.155929 6.29219e-06 -0.000473187 -0.000724752 -0.478183 1.03713e-07 6.61522e-06 1.17528e-09 1.0811e-08 -5.80241e-08 2.46454e-05
56.254 1.40518e-08 1.49128e-08 0.55 -1.17855e-11 3.33169e-11 2.35511e-09 1 0.13008 -0.0751281 0.578 1.36859e-08 -2.42193e-09 0.866956 -0.498385 -0.0479601 0.0866971 4.99311e-05 0.000107339 -0.000739828 -0.54319 -1.95411e-06 4.76124e-06 -3.01716e-10 1.02308e-08 -4.66777e-08 2.68964e-05
56.913 1.3748e-08 3.00981e-08 0.55 -3.85898e-11 3.1128e-11 2.32858e-09 1 0.142878 -0.0463772 0.578 1.69897e-08 7.36369e-09 0.80998 -0.586458 -0.0188826 -0.0316194 7.82502e-05 0.00104486 -0.000570207 -0.572068 -4.90007e-06 1.05538e-06 -3.55933e-09 -7.25191e-09 -4.14366e-08 2.81106e-05
57.525 -1.49018e-08 -2.60087e-08 0.55 3.43136e-11 -2.60964e-11 -2.5142e-09 1 0.138189 -0.0588958 0.578 -1.35519e-08 -8.88011e-09 0.83527 -0.54984 0.036766 0.101114 -5.46626e-08 -0.000981017 0.000354481 0.515262 6.7185e-06 3.74574e-07 -4.78952e-13 -1.78375e-11 6.12684e-10 -2.44821e-05
58.144 -1.76955e-08 -2.89645e-08 0.55 3.72442e-11 -3.10863e-11 -2.98282e-09 1 0.137281 -0.0609837 0.578 -1.54541e-08 -9.25062e-09 0.839413 -0.543494 0.0460757 0.107846 -2.37262e-06 -0.00106497 0.000452275 0.584235 7.67115e-06 1.26185e-07 -3.85226e-12 2.47785e-10 -4.00614e-10 -2.78338e-05
58.751 -1.33229e-09 -3.23917e-09 0.55 5.13645e-12 -4.10629e-13 -2.25748e-10 1 0.141653 -0.0499948 0.578 -7.18743e-10 -2.29924e-09 0.817369 -0.576115 -0.00650376 0.0175308 1.09339e-08 -0.000167834 -6.27674e-05 0.0655054 8.9536e-07 7.51839e-07 -5.99961e-13 -2.9011e-12 -4.09295e-13 -3.26136e-06
59.331 -1.38043e-09 -3.04593e-09 0.55 2.77925e-11 -1.02323e-11 -2.33647e-10 1 0.141089 -0.0515636 0.578 -1.41102e-08 -1.06244e-08 0.820553 -0.571571 0.00280667 0.0263642 -9.77903e-06 0.00149874 -0.000564332 0.0616239 1.2087e-06 3.13748e-07 6.52782e-10 2.33342e-09 -9.20864e-08 -2.85649e-06
59.913 -5.56712e-09 -9.9098e-09 0.55 1.29105e-11 -9.99846e-12 -9.39716e-10 1 0.13891 -0.0571759 0.578 -5.16979e-09 -3.22601e-09 0.831842 -0.555012 0.000865115 0.0123219 -1.21576e-05 -0.0003585 0.000123141 0.218571 1.82111e-06 1.45566e-07 5.56513e-10 1.0525e-09 1.31125e-08 -1.08411e-05
60.538 3.72054e-09 6.29525e-09 0.55 -8.15935e-12 6.73953e-12 6.27522e-10 1 0.138024 -0.0592817 0.578 3.41176e-09 1.9812e-09 0.836039 -0.54867 0.0440022 0.098301 7.95697e-05 0.000129861 -9.20486e-06 -0.18898 2.01824e-06 -1.34082e-08 -2.56357e-09 6.24097e-10 -5.73015e-08 1.08642e-05
61.148 2.19345e-08 3.29428e-08 0.55 -4.08788e-11 3.94013e-11 3.69232e-09 1 0.135514 -0.0648146 0.578 1.86994e-08 9.24654e-09 0.846965 -0.531649 -0.0377475 -0.117051 9.38204e-05 0.00112882 -0.000628417 -0.659669 -8.12978e-06 -2.85731e-07 -4.56974e-09 -1.11852e-08 -6.96822e-09 3.16016e-05
61.799 4.40201e-08 4.05606e-08 0.55 -3.82734e-11 7.58136e-11 7.35478e-09 1 0.122527 -0.0869033 0.578 3.0433e-08 3.77923e-09 0.889223 -0.457474 -0.172484 -0.12165 5.38685e-07 0.00111651 -0.00161489 -0.983735 -1.24521e-05 4.38669e-06 -2.87719e-11 -1.0224e-10 3.16116e-09 4.53784e-05
62.414 3.34718e-08 1.50071e-08 0.55 1.08087e-11 7.13518e-11 5.54492e-09 1 0.0878679 -0.121837 0.578 2.88921e-08 -1.67743e-08 0.952145 -0.305645 -0.301376 -0.0176683 -0.000160053 -0.000565574 -0.00221109 -0.772805 -1.25506e-05 1.08959e-05 3.49941e-09 -1.23992e-08 4.97006e-08 3.26345e-05
63.059 8.69719e-09 -2.50626e-09 0.55 5.77276e-11 1.86359e-11 1.4338e-09 1 0.0226448 -0.1485 0.578 6.57068e-09 -3.41064e-08 0.997272 -0.0738085 -0.0574259 0.263543 8.50012e-07 -0.00252689 -0.000509973 -0.143109 -1.32106e-06 1.68095e-05 -9.53813e-14 2.0199e-10 2.4057e-09 6.26224e-06
63.707 -2.09103e-08 2.38655e-09 0.55 4.40305e-11 -4.23234e-11 -3.45152e-09 1 -0.0514543 -0.141129 0.578 -1.55739e-08 -2.88672e-08 0.984448 0.175674 0.307363 0.170601 -0.000136152 -0.00200448 0.00120006 0.788611 1.1909e-05 1.58444e-05 5.81087e-09 1.0292e-08 -8.7632e-08 -3.35122e-05
64.322 -2.59009e-08 1.29437e-08 0.55 1.04419e-11 -5.73206e-11 -4.30124e-09 1 -0.104611 -0.107803 0.578 -2.12234e-08 -1.57837e-08 0.926056 0.377386 0.312471 0.0262085 -0.000108905 -0.000809108 0.00157219 0.857243 1.15977e-05 1.28037e-05 7.38267e-09 2.81196e-08 -7.02543e-08 -3.70446e-05
64.941 -1.05993e-08 1.21446e-08 0.55 -3.65965e-12 -3.81812e-11 -1.78154e-09 1 -0.135415 -0.0650214 0.578 -1.48972e-08 -9.36272e-09 0.845467 0.534027 0.143652 -0.0343296 -0.00025369 4.95146e-05 0.00122764 0.306456 4.68419e-06 7.33663e-06 7.88035e-09 -2.1902e-09 -1.8566e-08 -1.26696e-05
65.578 -3.07559e-09 9.11762e-09 0.55 -1.12214e-11 -2.3788e-11 -5.2261e-10 1 -0.148802 -0.0205671 0.578 -1.23756e-08 -4.85539e-09 0.752788 0.658263 0.0461663 0.27589 6.06891e-05 8.11072e-05 0.000826892 0.477711 1.25488e-05 5.50562e-06 3.83289e-09 -4.10678e-09 -1.59287e-07 5.77675e-06
66.167 1.01919e-09 1.76248e-08 0.55 -2.71171e-11 -8.93866e-12 1.76946e-10 1 -0.149296 0.0166031 0.578 -1.34088e-08 2.91837e-09 0.665555 0.746349 0.0631836 -0.122878 -3.46992e-06 0.00076891 0.000543812 0.355396 5.8507e-06 4.40512e-06 8.52629e-10 5.38455e-09 -1.95262e-08 -1.60693e-05
66.767 1.13298e-08 3.00146e-08 0.55 -3.8535e-11 1.78203e-11 1.92264e-09 1 -0.143373 0.0448249 0.578 -1.26189e-08 1.23915e-08 0.590845 0.806785 -0.00815047 -0.140549 4.98682e-05 0.00110778 -6.05046e-05 0.553963 7.96862e-06 1.94708e-06 -1.21404e-09 2.90062e-09 -1.08025e-08 -2.68276e-05
67.412 -7.90725e-09 -2.8555e-08 0.55 3.68023e-11 -1.81155e-11 -1.34672e-09 1 -0.146615 0.0326956 0.578 9.36829e-09 -1.3684e-08 0.624041 0.781391 0.0252562 0.130971 -1.25511e-05 -0.0010117 0.000282072 -0.508991 -7.59821e-06 4.5463e-08 -2.49895e-10 -4.7886e-09 1.10405e-08 2.4835e-05
68.045 -7.87017e-09 -3.08852e-08 0.55 4.02549e-11 -1.75905e-11 -1.34142e-09 1 -0.147037 0.030744 0.578 1.0603e-08 -1.43343e-08 0.629221 0.777227 0.0270576 0.118032 -1.67239e-08 -0.00113276 0.000256811 -0.56164 -7.5705e-06 1.35749e-07 1.13548e-12 3.06261e-12 -6.49329e-11 2.75801e-05
68.608 -1.85694e-09 -4.56911e-09 0.55 5.03924e-12 -5.98673e-12 -3.1502e-10 1 -0.144352 0.041564 0.578 2.8648e-10 -3.16125e-09 0.599948 0.800039 0.0169344 0.0145993 1.11151e-08 -0.000140243 0.000161981 -0.0833753 -1.30161e-06 7.59264e-07 -6.04289e-13 -2.95508e-12 -1.07008e-13 4.74151e-06
69.25 1.58429e-07 2.69638e-07 0.55 -2.72808e-11 1.75061e-10 2.68109e-08 1 -0.144641 0.04055 0.578 2.47777e-08 -2.42855e-08 0.602767 0.797917 1.47191 13.5425 -0.00400053 -0.0165705 0.00842025 22.0794 -3.35743e-06 1.2995e-07 5.21509e-14 -4.48747e-14 -4.60115e-12 1.22312e-05
69.895 -2.67588e-09 -8.82087e-09 0.55 1.09483e-11 -5.63791e-12 -4.55335e-10 1 -0.146101 0.0349208 0.578 2.84367e-09 -3.98394e-09 0.618084 0.786112 0.0107257 0.0238265 8.5695e-08 -0.000308856 8.1209e-05 -0.153275 -1.84257e-06 1.73166e-07 2.65236e-10 1.95873e-09 -3.59574e-09 7.62626e-06
70.512 2.5327e-09 9.28618e-09 0.55 -1.16266e-11 5.30153e-12 4.31423e-10 1 -0.146605 0.0327405 0.578 -3.08809e-09 4.04222e-09 0.623924 0.781485 -0.00321734 -0.0576948 6.39682e-06 0.000324326 -6.63612e-05 0.163602 2.87435e-06 3.19341e-07 3.79197e-10 4.28581e-09 -1.04659e-08 -7.81378e-06
71.135 7.90131e-09 3.62733e-08 0.55 -4.95269e-11 1.51239e-11 1.34811e-09 1 -0.148071 0.0252988 0.578 -1.45662e-08 1.57679e-08 0.643455 0.765484 -0.0522957 -0.332302 4.79095e-05 0.00149387 -0.000212116 0.491156 1.38789e-05 5.37171e-07 -1.7453e-09 -9.95656e-10 -8.28686e-08 -2.29251e-05
71.766 -1.89788e-09 5.19747e-08 0.55 -7.27448e-11 -1.79529e-11 -3.21616e-10 1 -0.150211 -0.00124725 0.578 -2.78528e-08 1.38571e-08 0.70878 0.70543 0.0678933 0.50735 6.12367e-06 0.00106127 0.000696082 1.66646 1.43893e-05 4.65775e-06 4.30034e-11 -2.51986e-10 -2.85122e-08 -4.3697e-05
72.363 -2.02336e-08 3.8379e-08 0.55 -3.31103e-11 -7.02803e-11 -3.42301e-09 1 -0.142073 -0.0487891 0.578 -3.02954e-08 -9.28347e-09 0.81284 0.582488 0.22101 -0.0771482 3.67683e-07 0.000763556 0.00212751 0.734185 8.9577e-06 1.15799e-05 -1.47954e-12 7.54574e-11 1.52651e-09 -3.26382e-05
73.003 -1.7567e-08 9.55883e-10 0.55 3.84746e-11 -5.36838e-11 -2.91123e-09 1 -0.104931 -0.107492 0.578 -1.72327e-08 -2.96997e-08 0.925496 0.378759 0.146817 0.289215 0.000178938 -0.00158684 0.00205015 0.161687 -2.28212e-06 1.7961e-05 -2.96106e-09 2.11371e-08 6.58886e-08 -6.80571e-06
73.613 1.98495e-08 -9.54086e-09 0.55 5.69638e-11 8.862e-12 3.28027e-09 1 -0.0448726 -0.143358 0.578 4.08957e-09 -3.19805e-08 0.988248 0.15286 0.119027 0.193919 -5.35616e-05 -0.00236619 0.000168561 -0.255681 -2.20741e-07 1.45041e-05 3.36753e-10 -1.03574e-08 -5.31277e-08 1.48379e-05
74.217 1.52499e-08 -1.05915e-09 0.55 3.68754e-11 3.34783e-11 2.51526e-09 1 0.0172365 -0.149225 0.578 1.55393e-08 -2.20183e-08 0.998448 -0.0556831 -0.195089 0.162654 -1.05576e-05 -0.00163909 -0.000710976 -0.816568 -1.057e-05 1.13056e-05 5.97913e-10 2.02108e-09 5.80273e-08 3.68722e-05
74.818 1.52971e-08 4.78772e-09 0.55 1.64453e-11 3.34319e-11 2.52853e-09 1 0.0674546 -0.13422 0.578 1.33078e-08 -1.3759e-08 0.973423 -0.229013 -0.0101042 0.147852 -5.26044e-05 -0.000875865 -0.000844062 -0.623557 5.27079e-06 8.45672e-06 -1.33789e-09 9.05984e-09 -1.33242e-07 1.57987e-05
75.461 1.42585e-08 8.5795e-09 0.55 5.8541e-12 3.05686e-11 2.36942e-09 1 0.106229 -0.106209 0.578 1.06441e-08 -9.1262e-09 0.924544 -0.381074 -0.101832 0.140548 3.70446e-05 -0.000438016 -0.00087613 -0.242216 -6.11301e-07 8.38824e-06 3.67465e-09 3.58162e-08 -2.87664e-08 1.08999e-05
76.067 1.09184e-08 1.53073e-08 0.55 -1.50639e-11 3.19432e-11 1.8327e-09 1 0.129868 -0.075493 0.578 1.48728e-08 -1.90804e-09 0.867654 -0.497168 0.064406 0.337827 0.000308401 0.000122855 -0.000714925 -0.509629 6.5895e-06 5.75742e-06 -6.52193e-09 2.66036e-08 -1.7843e-07 2.87895e-05
76.685 1.39214e-08 2.90732e-08 0.55 -3.64038e-11 3.15178e-11 2.35644e-09 1 0.142287 -0.0481612 0.578 1.65922e-08 6.51185e-09 0.813633 -0.581379 0.0398307 0.138682 0.000169816 0.000853733 -0.000489397 -0.6486 -6.18659e-06 2.35742e-06 -5.8976e-11 8.59597e-09 -1.60119e-08 2.68962e-05
77.282 -1.23751e-08 -2.21048e-08 0.55 3.08732e-11 -2.19192e-11 -2.0887e-09 1 0.13865 -0.0578023 0.578 -1.20862e-08 -8.41395e-09 0.833092 -0.553135 0.0397176 0.121028 1.92645e-05 -0.000941933 0.000324373 0.417717 6.67241e-06 5.625e-07 -4.37228e-10 1.50032e-09 -1.09918e-08 -1.94164e-05
77.934 -1.84021e-08 -2.98395e-08 0.55 3.82443e-11 -3.23081e-11 -3.10154e-09 1 0.137149 -0.0612804 0.578 -1.59725e-08 -9.45383e-09 0.84 -0.542586 0.0493316 0.114241 1.61107e-06 -0.00109668 0.000474537 0.604049 7.81763e-06 1.03668e-07 -1.9936e-11 2.25273e-10 1.01936e-10 -2.86266e-05
78.577 -1.23092e-09 -3.03643e-09 0.55 4.8716e-12 -2.11506e-13 -2.08603e-10 1 0.141685 -0.0499038 0.578 -6.11799e-10 -2.23823e-09 0.817184 -0.576377 -0.0068332 0.0167721 1.09826e-08 -0.000160556 -6.59075e-05 0.0615722 8.44241e-07 7.54732e-07 -6.03144e-13 -2.9174e-12 -4.79967e-13 -3.07512e-06
79.239 -7.01568e-09 -1.40221e-08 0.55 1.85293e-11 -1.28647e-11 -1.18641e-09 1 0.140932 -0.0519933 0.578 -7.04161e-09 -4.6739e-09 0.821422 -0.57032 0.0182215 0.0537505 -1.30542e-09 -0.000515495 0.000173416 0.271651 3.51005e-06 1.06436e-07 1.49726e-13 5.07675e-13 5.07343e-12 -1.27871e-05
79.847 -4.06175e-09 -7.28264e-09 0.55 9.42635e-12 -7.27577e-12 -6.85705e-10 1 0.139081 -0.0567569 0.578 -3.74812e-09 -2.34292e-09 0.831005 -0.556265 0.0194754 0.0471434 1.02476e-05 -0.000272241 0.000112265 0.147292 2.53729e-06 1.82996e-08 -3.58524e-10 -1.21701e-10 -9.63857e-09 -6.72392e-06
80.423 4.05134e-09 6.2845e-09 0.55 -7.58036e-12 6.81503e-12 6.82982e-10 1 0.138248 -0.0587577 0.578 3.12373e-09 1.80219e-09 0.834997 -0.550255 -0.00953675 -0.0215327 3.01845e-07 0.000218837 -9.57304e-05 -0.113765 -1.47547e-06 1.82977e-08 -6.57084e-12 2.3005e-11 -6.6404e-10 5.38715e-06
81.053 2.13357e-08 3.18683e-08 0.55 -4.05672e-11 3.90221e-11 3.59146e-09 1 0.135556 -0.0647258 0.578 1.89148e-08 9.44178e-09 0.84679 -0.531927 -0.0407951 -0.0397426 1.89259e-05 0.00126663 -0.000676517 -0.465849 -4.69884e-06 8.8427e-07 1.9192e-10 6.01571e-09 -4.59771e-08 2.23492e-05
81.641 3.91881e-08 4.08473e-08 0.55 -4.13363e-11 6.96285e-11 6.55617e-09 1 0.124926 -0.0834171 0.578 2.893e-08 5.34376e-09 0.882691 -0.469955 -0.125453 -0.141758 3.31623e-05 0.00122816 -0.00144425 -0.923099 -1.17724e-05 2.53032e-06 -2.92727e-09 -1.35459e-08 -1.36409e-09 4.30887e-05
82.256 3.33096e-08 1.70157e-08 0.55 1.77284e-12 7.13625e-11 5.52369e-09 1 0.0943784 -0.116866 0.578 2.96575e-08 -1.27822e-08 0.943458 -0.331491 -0.300625 -0.139906 2.72211e-05 -9.81805e-05 -0.00241765 -0.514551 -1.28962e-05 7.54957e-06 -6.10291e-09 -3.88921e-08 6.20661e-08 1.92324e-05
82.902 1.15286e-08 -1.00099e-09 0.55 5.19769e-11 2.8858e-11 1.90127e-09 1 0.0335634 -0.146419 0.578 1.12141e-08 -3.19214e-08 0.993859 -0.110654 -0.312856 0.180377 -2.7184e-05 -0.00220792 -0.00137542 0.0528324 -7.31984e-06 1.56662e-05 2.13095e-10 -5.07811e-09 8.21183e-08 -8.91584e-06
83.521 -3.50444e-08 4.07433e-09 0.55 4.98666e-11 -4.14351e-11 -5.78304e-09 1 -0.0373978 -0.145487 0.578 -1.1643e-08 -3.11474e-08 0.991872 0.127241 0.12562 0.224226 1.33137e-06 -0.00225886 0.000850932 0.265497 3.61628e-06 1.55901e-05 -1.73691e-10 -9.06365e-10 -1.8009e-08 -1.10605e-05
84.15 -2.19216e-08 9.74232e-09 0.55 1.75836e-11 -5.37184e-11 -3.63493e-09 1 -0.0963017 -0.115287 0.578 -2.03339e-08 -1.86592e-08 0.939462 0.342654 0.0711506 0.386027 0.000268428 -0.00103139 0.00171451 0.400732 6.5681e-06 1.41323e-05 1.03379e-08 3.44989e-08 -2.14758e-08 -1.82277e-05
84.753 -5.92409e-09 -8.79239e-10 0.55 -2.6307e-12 -4.00068e-11 -9.87633e-10 1 -0.130769 -0.0739223 0.578 -2.13718e-08 -6.87024e-09 0.862842 0.505474 0.324932 -0.276517 -0.000242153 3.57882e-05 0.00159768 0.396594 1.45661e-05 8.65866e-06 8.30088e-09 1.94191e-09 -1.50525e-07 -1.2377e-05
85.368 -3.65377e-09 1.06082e-08 0.55 -1.3389e-11 -2.71875e-11 -6.21058e-10 1 -0.147182 -0.0300412 0.578 -1.44337e-08 -4.8738e-09 0.773462 0.633843 0.0976385 -0.0195468 4.21387e-05 0.00034461 0.00103887 0.252662 2.71146e-06 5.9528e-06 -1.80499e-09 -3.23454e-09 9.30912e-09 -1.10174e-05
85.97 1.38405e-10 1.73725e-08 0.55 -2.50216e-11 -1.25761e-11 2.60746e-11 1 -0.149922 0.00940798 0.578 -1.33221e-08 1.17175e-09 0.683304 0.730134 0.0629267 -0.02752 -6.74892e-06 0.000689205 0.000628071 0.333263 2.55065e-06 4.22438e-06 -2.13646e-10 -2.8143e-09 2.51995e-08 -1.55415e-05
86.577 9.06965e-09 2.8035e-08 0.55 -3.76384e-11 1.28592e-11 1.54206e-09 1 -0.144754 0.0401428 0.578 -1.30328e-08 1.09717e-08 0.603875 0.797079 0.00413796 -0.122425 2.16876e-05 0.00103821 6.05806e-05 0.515112 7.07444e-06 2.22056e-06 -5.72381e-10 9.33495e-10 -6.37223e-09 -2.48561e-05
87.194 -6.41093e-09 -1.97756e-08 0.55 2.46414e-11 -1.49792e-11 -1.09018e-09 1 -0.145869 0.0358797 0.578 5.7735e-09 -9.92737e-09 0.615499 0.788138 0.0307727 0.0989695 -7.12222e-06 -0.000747429 0.00029002 -0.279648 -5.1512e-06 4.76502e-07 -2.41101e-11 -1.96739e-09 9.32285e-09 1.36715e-05
87.801 -8.4616e-09 -3.46101e-08 0.55 4.54138e-11 -1.85897e-11 -1.44275e-09 1 -0.147244 0.0297351 0.578 1.22028e-08 -1.58116e-08 0.631881 0.775065 0.025686 0.131632 2.40068e-07 -0.00127241 0.000256894 -0.615916 -8.33635e-06 -3.29384e-08 -8.60679e-11 -5.72349e-10 -6.67029e-10 3.01805e-05
88.45 -3.38278e-09 -9.45356e-09 0.55 1.13722e-11 -8.99019e-12 -5.74618e-10 1 -0.144951 0.0394228 0.578 2.08424e-09 -5.37573e-09 0.605852 0.795577 0.0208086 0.0351806 9.25661e-09 -0.000337559 0.00019864 -0.179502 -2.46416e-06 6.77953e-07 -4.92556e-13 -2.54929e-12 -1.72767e-12 8.97675e-06
89.064 -4.19669e-09 -1.13592e-08 0.55 1.40641e-11 -9.10435e-12 -7.12512e-10 1 -0.144268 0.0418541 0.578 3.50973e-09 -5.71404e-09 0.599143 0.800642 0.0152534 0.0410935 4.3685e-09 -0.000395196 0.000145574 -0.201325 -2.78948e-06 1.85825e-07 1.25955e-14 -2.14369e-13 -4.37092e-11 1.01621e-05
89.694 -3.05506e-09 -1.00418e-08 0.55 1.30426e-11 -6.66288e-12 -5.19839e-10 1 -0.145954 0.0355307 0.578 3.44302e-09 -4.85847e-09 0.616441 0.787401 0.0172864 0.0107991 7.23929e-06 -0.000374525 0.000104938 -0.184021 -1.71459e-06 4.83948e-07 6.07983e-10 6.15371e-09 -1.21138e-08 9.3337e-06
90.337 1.42933e-09 6.33917e-09 0.55 -8.79189e-12 3.51804e-12 2.44013e-10 1 -0.146503 0.0331967 0.578 -2.41447e-09 3.17405e-09 0.622706 0.782456 -0.00573127 -0.106699 3.19373e-05 0.000315602 -7.71442e-05 0.0392966 3.56119e-06 6.02531e-07 1.20554e-10 8.57124e-09 -3.28703e-08 -1.30466e-06
90.901 8.05516e-09 3.54696e-08 0.55 -4.5664e-11 1.62909e-11 1.3743e-09 1 -0.147585 0.0279966 0.578 -1.27161e-08 1.48303e-08 0.636444 0.771323 0.0594719 -0.129496 -5.08679e-05 0.00103693 -5.2733e-05 0.78294 8.70959e-06 2.83964e-06 6.3939e-09 3.42172e-08 -5.3153e-09 -3.74162e-05
91.55 6.10316e-10 5.3958e-08 0.55 -7.4956e-11 -9.82305e-12 1.07668e-10 1 -0.150155 0.00428498 0.578 -2.68448e-08 1.6081e-08 0.695669 0.718362 0.0194613 -1.56189 0.000109126 0.00188357 0.000471175 0.692219 5.33175e-05 4.43192e-06 -2.10804e-09 9.66108e-09 -6.3895e-07 -2.33085e-05
92.155 -1.90964e-08 3.89649e-08 0.55 -4.14718e-11 -6.85226e-11 -3.23549e-09 1 -0.144294 -0.0417637 0.578 -3.24635e-08 -5.08001e-09 0.798309 0.602248 0.194146 -0.18689 -3.40112e-05 0.00104574 0.00202381 0.782568 1.21253e-05 9.6965e-06 -1.33144e-09 -1.79307e-08 -3.33324e-08 -3.47976e-05
92.774 -1.50299e-08 5.67992e-09 0.55 2.91084e-11 -5.79179e-11 -2.49844e-09 1 -0.112318 -0.0997487 0.578 -2.01961e-08 -2.84104e-08 0.911416 0.411486 0.767355 -0.264628 -0.000486602 -0.00140513 0.00236388 0.419393 2.33148e-05 2.09705e-05 2.43461e-08 5.9434e-08 -3.09289e-07 -5.13568e-06
93.365 3.90516e-09 -8.50178e-09 0.55 6.13234e-11 -9.42238e-13 6.50169e-10 1 -0.0564026 -0.139226 0.578 4.39573e-09 -3.38162e-08 0.981195 0.193021 0.239098 0.158549 -7.94854e-06 -0.00234174 0.000805917 -0.56037 8.23435e-07 1.53656e-05 -7.87028e-10 -8.36801e-09 -8.15313e-08 3.25279e-05
93.994 2.433e-08 -1.24146e-09 0.55 3.97403e-11 3.27634e-11 4.0132e-09 1 0.00909789 -0.149941 0.578 1.28418e-08 -2.34312e-08 0.999594 -0.02851 0.341597 0.202008 1.32711e-05 -0.00175502 -0.000599503 -0.678026 -5.35556e-06 1.16263e-05 1.77115e-10 4.1964e-10 3.77553e-09 1.9569e-05
94.589 1.90103e-08 4.46664e-09 0.55 1.84204e-11 3.77031e-11 3.14025e-09 1 0.0604705 -0.137508 0.578 1.51662e-08 -1.4195e-08 0.978986 -0.203926 -0.212023 0.0764755 -4.75637e-05 -0.000989982 -0.000894073 -0.702569 -9.42406e-06 8.92994e-06 2.89485e-09 9.90702e-09 5.71557e-08 3.10177e-05
95.213 8.8155e-09 4.53461e-09 0.55 7.45299e-12 2.78955e-11 1.46286e-09 1 0.100185 -0.111928 0.578 1.15445e-08 -9.35798e-09 0.934743 -0.355324 -0.0962576 0.0253881 -1.63115e-05 -0.000414457 -0.000936967 -0.225856 1.37787e-06 6.94886e-06 -1.349e-09 1.21807e-08 -7.60474e-08 2.51319e-05
95.859 1.37065e-08 1.33451e-08 0.55 -8.66988e-12 3.26421e-11 2.29409e-09 1 0.12749 -0.0794444 0.578 1.30793e-08 -3.62195e-09 0.875185 -0.483789 -0.124588 -0.0195868 -7.77195e-05 0.000167939 -0.000902521 -0.335968 -4.60581e-06 5.19009e-06 4.00705e-09 1.09057e-08 9.2497e-09 1.44698e-05
96.466 1.6267e-08 3.04739e-08 0.55 -3.57302e-11 3.53618e-11 2.74975e-09 1 0.141175 -0.0513275 0.578 1.70917e-08 5.61922e-09 0.820076 -0.572255 -0.0944083 -0.0458721 -1.08834e-05 0.000888266 -0.000693739 -0.548678 -8.23314e-06 1.46102e-06 5.67851e-10 -9.46936e-09 1.55945e-08 2.52619e-05
97.113 -1.13618e-08 -2.08557e-08 0.55 2.88084e-11 -1.98804e-11 -1.91833e-09 1 0.138934 -0.057118 0.578 -1.09802e-08 -7.87654e-09 0.831726 -0.555187 0.0513305 0.105718 2.77389e-05 -0.000814526 0.000264984 0.420594 6.36861e-06 3.53041e-08 -1.84548e-09 -6.78387e-09 -1.346e-08 -1.94616e-05
97.769 -1.87358e-08 -3.03624e-08 0.55 3.8941e-11 -3.30254e-11 -3.15766e-09 1 0.137074 -0.061447 0.578 -1.63426e-08 -9.59053e-09 0.84033 -0.542075 0.0509893 0.115887 -2.17147e-06 -0.00111461 0.000489659 0.611317 7.93106e-06 6.96428e-08 8.22646e-11 8.66991e-11 2.41356e-10 -2.89511e-05
98.33 -4.22108e-09 -8.69775e-09 0.55 1.2233e-11 -5.94296e-12 -7.13918e-10 1 0.140752 -0.0524784 0.578 -3.61644e-09 -3.95362e-09 0.822404 -0.568905 0.00307924 0.0391709 9.32117e-09 -0.000375421 2.85842e-05 0.178154 2.35888e-06 6.86672e-07 -4.74415e-13 -2.39083e-12 1.59272e-12 -8.59304e-06
98.986 -5.70126e-09 -1.17722e-08 0.55 1.56794e-11 -1.03498e-11 -9.64586e-10 1 0.141384 -0.0507507 0.578 -5.79471e-09 -4.04427e-09 0.818904 -0.57393 0.0135091 0.0446989 1.14084e-09 -0.000428809 0.000128509 0.222884 2.92056e-06 1.52712e-07 1.58324e-14 1.95542e-14 1.18668e-11 -1.06396e-05
99.567 -4.43307e-09 -8.53748e-09 0.55 1.13152e-11 -8.22905e-12 -7.48914e-10 1 0.139397 -0.0559772 0.578 -4.45282e-09 -2.8264e-09 0.829444 -0.55859 0.0112156 0.0209075 -2.75771e-06 -0.000298775 0.00010721 0.186352 1.95747e-06 -5.69961e-08 -1.36497e-10 -1.69906e-09 4.46879e-09 -8.99418e-06
100.172 3.29937e-09 4.03237e-09 0.55 -4.43071e-12 4.88408e-12 5.55498e-10 1 0.138456 -0.0582653 0.578 1.85837e-09 1.09673e-09 0.834016 -0.55174 0.00672203 -0.0149064 3.31117e-05 0.000132168 -5.67563e-05 -0.0643191 -7.87703e-07 -3.77606e-07 -1.83113e-09 -5.54209e-09 -2.20011e-09 3.23594e-06
100.772 1.83507e-08 2.86406e-08 0.55 -3.52046e-11 3.28567e-11 3.09114e-09 1 0.136454 -0.0628119 0.578 1.56054e-08 8.0424e-09 0.843027 -0.537872 -0.0791558 -0.196605 -4.03424e-05 0.00110501 -0.000597385 -0.431615 -9.33456e-06 -1.97683e-07 2.37478e-10 -8.25846e-09 3.81476e-08 1.89457e-05
101.373 3.77765e-08 4.29147e-08 0.55 -4.51327e-11 6.73106e-11 6.32766e-09 1 0.127212 -0.0798872 0.578 2.83611e-08 6.65834e-09 0.876026 -0.482265 -0.26814 -0.251171 -9.34478e-05 0.00126535 -0.00140961 -0.965304 -6.96061e-06 1.74082e-06 -4.26579e-09 -1.67093e-08 -7.07292e-08 4.42116e-05
101.938 4.66869e-08 2.69842e-08 0.55 -7.33152e-12 8.04959e-11 7.7534e-09 1 0.102638 -0.109684 0.578 3.03292e-08 -9.17898e-09 0.930755 -0.365643 -0.102419 0.228069 4.37498e-05 -0.000122508 -0.00180106 -1.11773 -4.74264e-06 1.19979e-05 4.56481e-09 4.47693e-08 -9.87148e-08 5.5124e-05
102.554 2.36285e-08 2.2102e-09 0.55 4.58539e-11 4.45317e-11 3.89972e-09 1 0.0497274 -0.141747 0.578 1.60256e-08 -2.94701e-08 0.986102 -0.16614 -0.150413 0.206985 -6.95724e-06 -0.00196316 -0.00148277 -0.381267 -4.5447e-06 1.53391e-05 2.27412e-10 2.93791e-11 -1.98918e-09 1.64703e-05
103.165 -1.44097e-08 -1.96821e-09 0.55 5.63382e-11 -2.10411e-11 -2.37635e-09 1 -0.0200972 -0.148866 0.578 -6.92907e-09 -3.31202e-08 0.997629 0.0688258 0.61648 0.171477 -4.02798e-05 -0.00239402 0.00104169 -0.0393437 1.69125e-05 1.60714e-05 8.30763e-10 -3.87287e-09 -2.39944e-07 1.48249e-05
103.784 -1.95806e-08 8.81849e-09 0.55 2.3485e-11 -5.16393e-11 -3.24227e-09 1 -0.0831494 -0.125105 0.578 -2.01369e-08 -2.17921e-08 0.956778 0.290819 0.189814 0.10652 -2.82475e-05 -0.00124401 0.00164863 0.435876 5.67216e-06 1.24222e-05 2.31795e-10 -4.98104e-09 -1.31922e-08 -1.84582e-05
104.396 -1.43786e-08 1.32024e-08 0.55 -6.52806e-13 -4.63994e-11 -2.40332e-09 1 -0.123736 -0.0851726 0.578 -1.86023e-08 -1.16183e-08 0.884323 0.466875 0.235579 0.586024 0.000312673 -0.000420737 0.00154059 0.394951 -8.64918e-06 2.13184e-05 1.40745e-08 1.7824e-07 1.96327e-07 -1.89729e-05
105.03 -5.82247e-09 1.11995e-08 0.55 -7.40161e-12 -3.00754e-11 -9.86233e-10 1 -0.144781 -0.0400441 0.578 -1.2696e-08 -7.51962e-09 0.794712 0.606987 0.00395293 0.00485393 -0.000153818 0.000237386 0.000947459 0.219184 1.35147e-06 3.3712e-06 -1.12246e-09 -4.36666e-08 2.29762e-08 -1.10099e-05
105.65 -9.94211e-10 2.22791e-08 0.55 -2.22568e-11 -1.65015e-11 -1.67567e-10 1 -0.150207 0.00172426 0.578 -1.18582e-08 -1.95007e-09 0.701767 0.712407 0.0766497 -0.152106 1.2918e-05 0.000540129 0.000732412 0.296879 6.55958e-06 4.85864e-06 -3.18449e-10 7.9929e-10 -4.46965e-08 -1.271e-05
106.243 6.47139e-09 2.51159e-08 0.55 -3.53898e-11 6.40231e-12 1.10307e-09 1 -0.146253 0.034281 0.578 -1.33094e-08 8.70965e-09 0.619805 0.784756 0.0197536 0.0220772 -5.23072e-05 0.000931853 0.000220387 0.621811 1.01643e-05 2.62816e-06 -2.33115e-09 -7.9249e-10 -5.68503e-08 -2.18391e-05
106.838 -3.13527e-09 -7.64432e-09 0.55 8.49445e-12 -8.10291e-12 -5.31934e-10 1 -0.144894 0.0396331 0.578 1.24452e-09 -4.34405e-09 0.605275 0.796016 0.0187397 0.0237334 -1.29741e-07 -0.000235462 0.000180915 -0.126066 -1.74423e-06 7.32709e-07 5.83797e-12 1.02173e-11 -3.95003e-10 6.35974e-06
107.452 -8.6193e-09 -3.47877e-08 0.55 4.55246e-11 -1.89214e-11 -1.46948e-09 1 -0.147174 0.0300779 0.578 1.22116e-08 -1.59006e-08 0.630978 0.775801 0.027592 0.131602 -4.08008e-07 -0.00126619 0.000262398 -0.624253 -8.40652e-06 2.2075e-08 1.31149e-11 -1.71509e-12 -2.44891e-10 3.06214e-05
108.06 -5.75383e-09 -1.88533e-08 0.55 2.38587e-11 -1.35843e-11 -9.79024e-10 1 -0.145971 0.0354604 0.578 5.72653e-09 -9.42677e-09 0.616631 0.787253 0.0249717 0.0716662 3.37993e-09 -0.000687293 0.000237696 -0.34817 -4.61116e-06 4.69333e-07 -1.27929e-13 -1.16049e-12 -4.79048e-12 1.67984e-05
108.621 -1.90886e-09 -4.59478e-09 0.55 1.41123e-10 -4.62522e-11 -3.23722e-10 1 -0.143267 0.0451617 0.578 5.52354e-08 -7.50322e-08 0.589894 0.80748 0.00933862 0.0163074 -2.47977e-05 -0.00807499 0.00252487 -0.0832142 -1.14116e-06 2.47463e-07 1.52385e-09 4.40153e-09 -4.14233e-07 4.15647e-06
109.214 -3.82805e-09 -1.15964e-08 0.55 1.46223e-11 -8.22914e-12 -6.50785e-10 1 -0.145251 0.0383049 0.578 3.79059e-09 -5.5879e-09 0.608912 0.793237 0.0186749 0.0629495 -5.09428e-06 -0.000425066 0.000134548 -0.191698 -3.36155e-06 9.73649e-08 1.76673e-10 1.88998e-11 8.87975e-09 9.37741e-06
109.823 -1.81491e-10 2.34169e-11 0.55 -1.24858e-12 8.5312e-14 -3.05618e-11 1 -0.145912 0.0357021 0.578 -4.86147e-10 5.98548e-10 0.615979 0.787762 0.0137633 0.0588776 -2.94355e-05 3.04774e-05 1.14542e-05 0.0160223 -1.8092e-06 -3.08658e-08 8.55439e-10 -8.43158e-10 2.93027e-08 -1.02534e-06
110.503 8.51336e-09 3.51148e-08 0.55 -4.44734e-11 1.74977e-11 1.45185e-09 1 -0.147037 0.0307416 0.578 -1.22146e-08 1.47611e-08 0.62923 0.777219 -0.00895168 -0.183422 2.78469e-05 0.00123266 -0.000191821 0.603247 9.69261e-06 1.1211e-06 5.93907e-10 1.08959e-08 -2.37021e-08 -2.89767e-05
111.113 3.0784e-09 5.21018e-08 0.55 -7.28974e-11 -2.80743e-12 5.29634e-10 1 -0.14989 0.00989972 0.578 -2.53706e-08 1.69568e-08 0.682107 0.731252 0.0406092 -0.193086 -2.36947e-06 0.00195261 0.000395749 0.946683 1.14596e-05 3.26238e-06 6.7577e-10 -1.33439e-09 1.56118e-08 -4.54816e-05
111.72 -1.80101e-08 4.87905e-08 0.55 -4.97956e-11 -6.5187e-11 -3.05956e-09 1 -0.146149 -0.0347188 0.578 -3.15303e-08 -3.92281e-09 0.783471 0.621428 0.172002 0.0517344 0.000149391 0.00123223 0.00195004 0.502347 2.68387e-06 1.08568e-05 -4.10611e-09 5.69196e-09 8.8771e-08 -2.28373e-05
112.356 -1.37829e-08 6.81994e-09 0.55 2.5947e-11 -5.83384e-11 -2.29465e-09 1 -0.116309 -0.0950651 0.578 -2.05508e-08 -2.80656e-08 0.902797 0.430067 0.17081 0.246342 1.75535e-05 -0.00126682 0.00218613 -0.0994507 -3.61683e-06 1.71937e-05 1.09948e-09 1.24551e-08 6.00237e-08 6.70145e-06
112.958 1.0223e-08 -9.50249e-09 0.55 5.85352e-11 -3.70802e-12 1.69384e-09 1 -0.0608076 -0.137359 0.578 9.54309e-10 -3.33691e-08 0.977996 0.208622 0.266871 0.136914 -4.8936e-05 -0.00229235 0.000928753 -0.548818 1.6718e-06 1.52989e-05 2.72387e-10 -1.03795e-08 -9.16335e-08 3.25286e-05
113.611 2.40829e-08 -1.47917e-09 0.55 3.96073e-11 3.34994e-11 3.97246e-09 1 0.00680901 -0.150062 0.578 1.35629e-08 -2.32911e-08 0.999782 -0.0208829 0.351525 0.196638 8.71541e-06 -0.00174149 -0.000593495 -0.674276 6.03453e-06 1.15342e-05 -2.64961e-10 -2.57198e-10 -1.93069e-07 4.12483e-05
114.188 1.65753e-08 3.3052e-09 0.55 2.19311e-11 3.0058e-11 2.73725e-09 1 0.0568189 -0.139056 0.578 1.10517e-08 -1.51728e-08 0.981593 -0.190983 -0.149228 0.0783908 -4.3426e-05 -0.000977405 -0.000912752 -0.333897 -5.35941e-06 8.12145e-06 1.16473e-09 -1.65875e-09 2.81663e-08 1.38426e-05
114.76 1.17713e-08 4.88601e-09 0.55 1.11374e-11 2.73645e-11 1.95098e-09 1 0.0945533 -0.116725 0.578 9.87639e-09 -1.07329e-08 0.943209 -0.332199 -0.119132 0.0749589 -3.48923e-05 -0.000554177 -0.000882787 -0.218771 -9.92562e-06 5.59776e-06 2.28474e-09 -1.27211e-08 8.76692e-08 2.26628e-05
115.363 1.27501e-08 1.00243e-08 0.55 -2.72993e-12 3.11743e-11 2.12868e-09 1 0.122615 -0.0867787 0.578 1.20799e-08 -5.54463e-09 0.888989 -0.457928 -0.306636 -0.292094 -0.000202724 0.000127058 -0.00115991 -0.126079 1.71939e-06 2.48152e-06 -8.51345e-09 -3.30513e-08 -7.70518e-08 1.37896e-05
115.972 1.48382e-08 2.43517e-08 0.55 -2.80995e-11 3.40796e-11 2.50322e-09 1 0.139026 -0.0568935 0.578 1.59896e-08 3.16425e-09 0.831279 -0.555855 -0.0428079 -0.0503305 -1.19535e-06 0.000647538 -0.000664026 -0.641276 -6.15774e-06 1.98739e-06 -1.35838e-09 -9.83231e-09 -1.1627e-08 3.10496e-05
116.605 -6.77538e-09 -1.2491e-08 0.55 1.70051e-11 -1.00492e-11 -1.14461e-09 1 0.140068 -0.0542762 0.578 -5.51599e-09 -5.22247e-09 0.826029 -0.563628 0.00129936 0.0476062 -1.2511e-05 -0.000462767 5.21508e-05 0.218817 2.85587e-06 8.84104e-07 6.37392e-10 1.6918e-09 1.16831e-09 -1.06018e-05
117.221 -2.13439e-08 -3.36742e-08 0.55 4.28302e-11 -3.74504e-11 -3.59581e-09 1 0.136608 -0.0624764 0.578 -1.82648e-08 -1.0442e-08 0.842363 -0.538911 0.0668778 0.134743 7.61231e-06 -0.00123964 0.000571986 0.682075 9.11468e-06 -1.39461e-07 -5.17642e-10 -1.94224e-09 -3.75144e-09 -3.20943e-05
117.829 -8.53799e-09 -1.59065e-08 0.55 2.14163e-11 -1.39832e-11 -1.44204e-09 1 0.139487 -0.055753 0.578 -7.58871e-09 -6.05573e-09 0.828994 -0.559257 0.0154847 0.0639691 6.14243e-09 -0.000613332 0.000146917 0.31032 4.07173e-06 5.9725e-07 -2.36026e-13 -1.46601e-12 3.94185e-12 -1.4833e-05
118.476 -4.45323e-09 -9.59649e-09 0.55 1.35688e-11 -7.92765e-12 -7.53864e-10 1 0.141869 -0.0493792 0.578 -4.82661e-09 -3.77881e-09 0.816116 -0.577888 0.00844275 0.0371131 3.96508e-07 -0.00039915 9.39291e-05 0.180073 2.36469e-06 2.67602e-07 -2.07499e-11 -5.91638e-11 2.26925e-09 -8.61458e-06
119.134 -6.2969e-09 -1.12076e-08 0.55 1.4817e-11 -1.12934e-11 -1.06298e-09 1 0.139065 -0.0567963 0.578 -5.91014e-09 -3.74919e-09 0.831083 -0.556148 0.0173887 0.0364386 -7.35439e-06 -0.000415199 0.000158431 0.223987 2.44431e-06 2.11113e-07 5.84301e-10 1.79554e-09 7.35124e-09 -1.07307e-05
119.804 2.24389e-09 4.52774e-09 0.55 -6.49299e-12 4.66206e-12 3.78991e-10 1 0.13805 -0.0592206 0.578 2.73208e-09 1.594e-09 0.835917 -0.548855 -0.00863088 -0.0129564 3.96423e-06 0.000191333 -8.47441e-05 -0.09148 -1.07175e-06 9.3978e-08 4.25661e-11 1.25012e-09 -3.15511e-09 4.34402e-06
120.398 1.90026e-08 3.02598e-08 0.55 -3.94344e-11 3.56723e-11 3.20067e-09 1 0.135942 -0.0639123 0.578 1.79304e-08 9.17162e-09 0.845193 -0.534462 -0.0550163 -0.167879 -4.18932e-05 0.00121356 -0.000619458 -0.641382 -9.64334e-06 -5.13167e-07 -4.16836e-10 -1.30167e-08 1.6197e-08 3.0053e-05
121.03 4.45567e-08 4.37365e-08 0.55 -4.38179e-11 7.66154e-11 7.45126e-09 1 0.124563 -0.0839584 0.578 3.12144e-08 5.6598e-09 0.883708 -0.468038 0.0488615 0.194171 0.000200624 0.00112328 -0.00131604 -1.17123 -2.03183e-06 4.15659e-06 -5.7642e-09 7.08783e-09 -1.7163e-07 6.07004e-05
121.62 4.46252e-08 2.30974e-08 0.55 2.31432e-12 8.07167e-11 7.40005e-09 1 0.0940401 -0.117139 0.578 3.07788e-08 -1.41336e-08 0.943937 -0.330126 0.157767 0.364887 0.000238714 -0.000476092 -0.00188613 -1.01357 3.929e-06 1.12569e-05 -6.69994e-09 9.25258e-09 -2.23558e-07 5.5533e-05
122.162 1.536e-08 -3.03479e-10 0.55 5.10476e-11 3.663e-11 2.53378e-09 1 0.043025 -0.143923 0.578 1.39818e-08 -3.18254e-08 0.989728 -0.142965 -0.34962 0.18481 -2.32159e-05 -0.00224734 -0.00131488 -0.376278 -1.06744e-05 1.67895e-05 1.73096e-09 6.72837e-09 1.02398e-07 1.19201e-05
122.68 -1.09073e-08 -2.44557e-09 0.55 5.80618e-11 -1.68701e-11 -1.79857e-09 1 -0.017384 -0.149207 0.578 -5.60197e-09 -3.40658e-08 0.998214 0.0597425 1.11158 0.125087 -4.05638e-05 -0.00240751 0.00182504 -0.634789 2.77298e-05 1.60441e-05 -1.15355e-10 -1.12118e-08 -4.32937e-07 5.51847e-05
123.036 -2.57466e-08 5.74494e-09 0.55 3.92912e-11 -4.97223e-11 -4.25231e-09 1 -0.056597 -0.139147 0.578 -1.82735e-08 -2.77155e-08 0.98106 0.193705 0.27188 0.169809 -4.74023e-05 -0.00192079 0.00133246 0.811569 1.07965e-05 1.55206e-05 2.88868e-09 9.83557e-09 -6.38631e-08 -3.54673e-05
123.575 -1.38502e-08 -2.00233e-09 0.55 1.22398e-11 -5.24642e-11 -2.29189e-09 1 -0.102759 -0.10957 0.578 -2.50777e-08 -1.3524e-08 0.929238 0.369482 0.339124 -0.049983 -0.000267675 -0.000941357 0.00138354 0.877484 1.057e-05 1.10678e-05 -3.766e-09 2.92241e-09 -3.0711e-08 -3.85513e-05
124.134 -1.23494e-08 9.91538e-09 0.55 -3.06472e-12 -4.1234e-11 -2.06943e-09 1 -0.132149 -0.0714262 0.578 -1.68408e-08 -8.83403e-09 0.858005 0.513642 0.137997 0.00597508 -4.13296e-09 -5.40944e-05 0.00132541 0.322134 3.77679e-06 7.76716e-06 3.26015e-13 2.94614e-13 3.55743e-10 -1.37728e-05
124.721 -3.68714e-09 8.49533e-09 0.55 -1.12837e-11 -2.59916e-11 -6.25749e-10 1 -0.147105 -0.0304145 0.578 -1.34545e-08 -5.12862e-09 0.774265 0.632861 0.112985 -0.106762 3.26279e-05 0.000252898 0.0010067 0.508452 7.15779e-06 5.77537e-06 -1.5107e-09 -3.50212e-09 -3.76755e-08 -2.2952e-05
125.309 -1.67464e-10 1.48804e-08 0.55 -2.30313e-11 -1.36447e-11 -2.63845e-11 1 -0.150001 0.00804569 0.578 -1.32207e-08 6.09565e-10 0.686613 0.727023 0.06744 -0.0556549 4.71857e-06 0.000635389 0.000659255 0.300835 3.50295e-06 4.44936e-06 -2.69805e-10 -8.52834e-10 5.13343e-09 -1.3739e-05
125.91 8.66802e-09 2.76604e-08 0.55 -3.69183e-11 1.14295e-11 1.47432e-09 1 -0.144972 0.0393458 0.578 -1.30384e-08 1.02324e-08 0.606066 0.795415 0.00790402 -0.213206 2.29924e-05 0.00122571 2.71351e-05 0.381641 8.89075e-06 3.17976e-06 9.14003e-10 1.23706e-08 -3.734e-08 -1.75315e-05
126.478 -5.06457e-09 -1.53713e-08 0.55 1.90468e-11 -1.26279e-11 -8.61059e-10 1 -0.145549 0.0371544 0.578 4.14276e-09 -8.13372e-09 0.612046 0.790822 0.0088414 -0.0405768 4.5905e-05 -0.000472869 0.000206632 -0.334857 -1.08495e-06 9.5614e-07 -9.57619e-10 4.08046e-09 -4.15782e-08 1.70959e-05
127.084 -8.63268e-09 -3.57842e-08 0.55 4.69022e-11 -1.89542e-11 -1.47209e-09 1 -0.147308 0.0294141 0.578 1.26075e-08 -1.62556e-08 0.632725 0.774376 0.0294795 0.145413 -5.85013e-06 -0.00129904 0.000261694 -0.641444 -8.95922e-06 1.76738e-09 1.8981e-10 -1.45855e-11 4.64339e-09 3.14101e-05
127.714 -4.59934e-09 -1.39251e-08 0.55 1.72428e-11 -1.14721e-11 -7.81942e-10 1 -0.145474 0.037449 0.578 3.73204e-09 -7.37956e-09 0.611245 0.791441 0.0237448 0.0526662 7.40225e-09 -0.000505187 0.000226378 -0.261011 -3.43472e-06 6.27243e-07 -3.85816e-13 -2.1648e-12 -3.0603e-12 1.25126e-05
128.336 2.9168e-09 7.51761e-09 0.55 -1.04121e-11 5.44587e-12 4.94894e-10 1 -0.143694 0.0437835 0.578 -3.21362e-09 3.85226e-09 0.593766 0.804637 -0.0028645 -0.0415415 7.71696e-06 0.000349984 -6.96252e-05 0.139701 2.20129e-06 4.1151e-07 1.25026e-10 2.74568e-09 -1.48387e-09 -6.732e-06
128.969 5.04999e-10 2.63393e-09 0.55 -5.43482e-12 6.24004e-13 8.64172e-11 1 -0.146259 0.0342533 0.578 -2.17681e-09 1.62166e-09 0.619878 0.784698 0.0233356 0.0682221 -2.23667e-05 0.000110972 6.3043e-05 0.159304 -1.22752e-06 3.84035e-07 7.45611e-10 -1.04275e-10 3.77591e-08 -8.12318e-06
129.605 3.0796e-09 1.91134e-08 0.55 -2.51396e-11 4.48768e-12 5.26726e-10 1 -0.148684 0.0214042 0.578 -7.85067e-09 6.83292e-09 0.653445 0.756974 -0.00878827 -0.122212 5.3087e-06 0.000765507 -5.9052e-06 0.180475 5.0369e-06 6.96745e-07 -3.90566e-10 -1.43124e-09 -1.97502e-08 -8.28986e-06
130.236 -1.28192e-09 3.469e-08 0.55 -5.0855e-11 -1.17102e-11 -2.17454e-10 1 -0.150208 -0.00160942 0.578 -1.94548e-08 1.04487e-08 0.709629 0.704575 0.0477418 -0.148642 -2.81199e-07 0.00132912 0.000462897 0.683539 9.11492e-06 2.94421e-06 -9.59422e-12 -1.40137e-10 -4.64027e-09 -3.24469e-05
130.827 -1.46978e-08 3.74814e-08 0.55 -4.5481e-11 -5.41423e-11 -2.49494e-09 1 -0.144871 -0.039716 0.578 -2.89317e-08 2.32441e-10 0.794025 0.607886 0.0895082 -0.426124 -0.000130147 0.00120408 0.00151581 0.756134 1.84611e-05 3.09868e-06 -5.29759e-09 -6.99028e-08 -1.30044e-07 -3.35111e-05
131.484 -1.84781e-08 1.22253e-08 0.55 1.29059e-11 -6.45538e-11 -3.07848e-09 1 -0.115786 -0.0957013 0.578 -2.51484e-08 -2.20664e-08 0.903973 0.42759 0.236935 0.0727178 -2.61465e-05 -0.000740835 0.00224939 0.48014 5.54972e-06 1.45263e-05 7.42268e-10 -8.06254e-10 -1.7018e-09 -1.97382e-05
132.089 4.48172e-09 -5.66052e-09 0.55 5.50615e-11 -1.78359e-11 7.43592e-10 1 -0.0607421 -0.137388 0.578 -5.99144e-09 -3.38257e-08 0.978046 0.208389 0.100149 0.248764 1.67916e-06 -0.00235312 0.00102205 -0.0200475 -6.49371e-07 1.67473e-05 -3.80583e-11 1.11904e-10 3.7744e-09 2.29918e-06
132.729 2.11932e-08 -1.66001e-09 0.55 4.68337e-11 3.40826e-11 3.4957e-09 1 0.00971056 -0.149903 0.578 1.45042e-08 -2.76567e-08 0.999533 -0.0305525 0.139319 0.223977 1.12165e-05 -0.00205449 -0.000869547 -0.341113 2.19933e-06 1.36238e-05 -5.34956e-10 -1.55349e-09 -1.07851e-07 2.01152e-05
133.377 2.755e-08 8.64283e-09 0.55 1.69436e-11 4.7663e-11 4.5543e-09 1 0.0691676 -0.133345 0.578 1.7917e-08 -1.48631e-08 0.971937 -0.23524 0.0282073 0.217157 3.14764e-05 -0.000943632 -0.00111003 -0.764922 -1.30138e-06 1.01941e-05 1.42079e-09 1.82796e-08 -8.50688e-08 3.959e-05
134.016 1.78895e-08 1.25552e-08 0.55 -2.98556e-12 3.88324e-11 2.97513e-09 1 0.107878 -0.104534 0.578 1.5577e-08 -6.20441e-09 0.921535 -0.388296 -0.14373 0.0284356 -3.18814e-05 -7.8081e-05 -0.00110843 -0.396027 -4.88325e-06 6.60134e-06 3.20208e-09 1.58844e-08 2.48201e-09 1.7235e-05
134.608 6.42021e-09 1.29608e-08 0.55 -1.61157e-11 2.68314e-11 1.0805e-09 1 0.12923 -0.0765811 0.578 1.45699e-08 -3.49007e-10 0.869734 -0.49352 -0.0867424 0.0332735 5.37327e-05 0.000284092 -0.000795483 -0.358648 -2.60028e-06 3.59219e-06 6.45772e-10 4.21344e-09 -3.85259e-08 2.69609e-05
135.243 1.28051e-08 2.39357e-08 0.55 -2.79972e-11 2.71969e-11 2.16453e-09 1 0.141165 -0.0513553 0.578 1.30896e-08 4.60963e-09 0.820132 -0.572174 -0.108351 -0.248353 -7.71927e-05 0.000849675 -0.000618092 -0.344787 -1.05378e-05 1.2071e-06 1.83057e-09 -5.52643e-09 7.81632e-08 1.37637e-05
135.84 -7.51296e-09 -1.45796e-08 0.55 1.96186e-11 -1.28165e-11 -1.26981e-09 1 0.140234 -0.0538476 0.578 -7.07755e-09 -5.37891e-09 0.825166 -0.564891 0.00146894 0.0596587 2.57685e-07 -0.000576836 0.00014291 0.220472 3.60101e-06 3.69683e-07 2.10431e-10 -6.19208e-10 2.4103e-09 -1.35768e-05
136.483 -1.52732e-08 -2.60248e-08 0.55 3.35077e-11 -2.74033e-11 -2.57637e-09 1 0.138193 -0.0588863 0.578 -1.38176e-08 -8.18953e-09 0.835251 -0.549868 0.0392682 0.086727 -5.40367e-06 -0.000937424 0.000394142 0.529646 6.42805e-06 -5.84146e-08 3.73037e-11 -1.05721e-09 5.18154e-09 -2.52573e-05
137.104 -3.80429e-09 -7.87651e-09 0.55 1.08672e-11 -5.90651e-12 -6.43543e-10 1 0.141057 -0.0516531 0.578 -3.48299e-09 -3.27049e-09 0.820734 -0.571311 0.00512478 0.0338595 5.78378e-09 -0.000324569 4.83199e-05 0.158995 2.09646e-06 4.35638e-07 -2.88145e-13 -1.46463e-12 1.52973e-12 -7.63725e-06
137.712 -4.33933e-09 -9.22962e-09 0.55 1.23607e-11 -7.85648e-12 -7.3448e-10 1 0.1418 -0.049575 0.578 -4.48582e-09 -3.22509e-09 0.816514 -0.577325 0.0100754 0.0354834 5.19533e-09 -0.000339958 9.56309e-05 0.175808 2.30198e-06 1.41833e-07 -2.28915e-13 -7.8047e-13 -1.30673e-11 -8.3861e-06
138.345 -3.82119e-09 -7.17065e-09 0.55 9.46668e-12 -6.9379e-12 -6.45562e-10 1 0.139888 -0.0547386 0.578 -3.69981e-09 -2.38813e-09 0.826959 -0.562263 0.0109723 0.0288304 5.21124e-06 -0.000250133 8.91089e-05 0.14073 1.84285e-06 2.08085e-08 -1.37707e-10 -3.94446e-10 -7.3074e-11 -6.6651e-06
138.968 2.95784e-09 4.40213e-09 0.55 -5.50773e-12 5.00037e-12 4.98677e-10 1 0.138946 -0.0570881 0.578 2.33271e-09 1.38658e-09 0.831667 -0.555274 0.0297879 0.0912425 6.55971e-05 8.73272e-05 -4.11168e-06 -0.143209 1.97579e-06 2.63426e-07 -1.58885e-09 4.32882e-09 -4.96188e-08 8.28301e-06
139.63 1.99734e-08 3.1267e-08 0.55 -3.76208e-11 3.56109e-11 3.36446e-09 1 0.136385 -0.0629608 0.578 1.6615e-08 8.23386e-09 0.84332 -0.537411 -0.169016 -0.286178 -0.000126145 0.00117493 -0.000715359 -0.486209 -1.32461e-05 1.24597e-06 5.50628e-09 9.453e-09 8.92687e-08 1.95329e-05
140.254 3.53247e-08 3.90273e-08 0.55 -4.15915e-11 6.64374e-11 5.91246e-09 1 0.125356 -0.0827695 0.578 2.87881e-08 5.19409e-09 0.881472 -0.472237 0.12712 0.542575 0.000314816 0.00053836 -0.000767646 -1.53029 5.86891e-06 8.03482e-06 -1.16894e-09 6.92192e-08 -2.90691e-07 8.21988e-05
140.797 3.99559e-08 2.47226e-08 0.55 -3.85504e-12 7.43322e-11 6.63411e-09 1 0.0997916 -0.112279 0.578 2.85208e-08 -1.1179e-08 0.935366 -0.35368 -0.172034 0.0506424 -7.88644e-05 -0.00018933 -0.00189168 -0.496598 -5.94539e-06 9.44729e-06 2.7503e-09 1.44457e-09 -1.80358e-08 2.17827e-05
141.383 2.18543e-08 2.3424e-09 0.55 4.51581e-11 4.19597e-11 3.60701e-09 1 0.0486791 -0.142111 0.578 1.50564e-08 -2.9307e-08 0.986709 -0.162498 -0.14421 0.206748 1.58772e-07 -0.00199264 -0.00134352 -0.362838 -4.30931e-06 1.5161e-05 -7.14761e-12 -1.05604e-11 2.26574e-09 1.56628e-05
142.024 -1.00622e-08 -2.16883e-09 0.55 5.45878e-11 -2.05309e-11 -1.65904e-09 1 -0.0240592 -0.148278 0.578 -7.5839e-09 -3.22722e-08 0.996622 0.0821207 0.0757858 0.246309 -2.02653e-07 -0.00237267 0.000646658 0.1869 2.21014e-06 1.59599e-05 1.35993e-11 4.46214e-11 -3.72979e-09 -8.04494e-06
142.66 -2.51171e-08 1.18326e-08 0.55 2.1432e-11 -5.40408e-11 -4.16107e-09 1 -0.0872252 -0.122298 0.578 -1.93871e-08 -2.11399e-08 0.951858 0.30654 -0.0920257 0.407068 0.00025442 -0.00134929 0.00141407 0.714123 -4.71193e-06 1.50643e-05 -3.01241e-09 3.9419e-08 1.66132e-07 -3.93045e-05
143.287 -1.99368e-08 1.53527e-08 0.55 -9.63759e-13 -5.02712e-11 -3.33345e-09 1 -0.126811 -0.0805236 0.578 -1.81127e-08 -1.11102e-08 0.875509 0.483201 0.153001 0.0195573 -3.08245e-08 -0.00011954 0.00151102 0.350345 4.09836e-06 8.7301e-06 -8.65622e-13 -1.419e-11 4.22707e-09 -1.49396e-05
143.884 -5.21107e-09 9.38537e-09 0.55 -1.31983e-11 -3.08825e-11 -8.82585e-10 1 -0.145422 -0.0376503 0.578 -1.6002e-08 -4.82482e-09 0.789678 0.613522 -0.134658 0.903021 0.000533909 2.08252e-05 0.000807378 0.476481 -2.49102e-05 6.33993e-06 -1.74095e-08 2.2885e-09 4.43632e-07 -3.2366e-05
144.499 -6.25435e-10 1.95081e-08 0.55 -2.43717e-11 -1.55011e-11 -1.04614e-10 1 -0.15017 0.00374487 0.578 -1.32586e-08 -2.19299e-10 0.696958 0.717111 0.0735747 -0.0656716 7.27739e-06 0.000622037 0.000711732 0.316909 3.96909e-06 4.71263e-06 -2.66517e-10 -2.22687e-10 -1.72867e-10 -1.43732e-05
145.074 6.96338e-09 2.59768e-08 0.55 -3.55507e-11 7.36908e-12 1.18643e-09 1 -0.146115 0.0348628 0.578 -1.31448e-08 8.88918e-09 0.618242 0.785988 0.0561599 -0.0317647 -5.17613e-05 0.00104793 0.000199859 0.49862 -9.57793e-06 2.70101e-06 8.85879e-09 -1.28178e-09 2.40728e-07 -2.68146e-05
145.689 -3.50682e-09 -1.00026e-08 0.55 1.18784e-11 -9.3736e-12 -5.95814e-10 1 -0.145106 0.0388499 0.578 2.13878e-09 -5.57713e-09 0.607423 0.794379 0.0143769 0.0569488 -1.28799e-05 -0.000296616 0.000191091 -0.166918 -2.97074e-06 3.20789e-07 -3.92039e-10 -5.90527e-09 1.09659e-08 8.11911e-06
146.348 -8.60568e-09 -3.5402e-08 0.55 4.59807e-11 -1.88386e-11 -1.46741e-09 1 -0.147243 0.0297385 0.578 1.2298e-08 -1.59219e-08 0.631872 0.775073 0.0257577 0.129484 4.06549e-06 -0.00128388 0.000258534 -0.619542 -8.59434e-06 -3.16966e-08 -4.63342e-11 -4.87044e-10 1.41173e-09 3.09855e-05
146.958 -4.94676e-09 -1.53293e-08 0.55 1.91288e-11 -1.20678e-11 -8.41212e-10 1 -0.145613 0.0369014 0.578 4.31865e-09 -7.95082e-09 0.612733 0.79029 0.0237056 0.0560357 6.46557e-09 -0.000537477 0.000225924 -0.276224 -3.88141e-06 5.58635e-07 -2.84072e-13 -1.76818e-12 -3.71958e-12 1.41399e-05
147.62 -3.7611e-09 -9.91175e-09 0.55 1.2072e-11 -8.25709e-12 -6.38353e-10 1 -0.14404 0.0426333 0.578 2.91049e-09 -5.02869e-09 0.596977 0.802258 0.0144052 0.0353009 -1.44005e-08 -0.000321473 0.000132077 -0.174413 -2.43547e-06 2.24185e-07 -1.23252e-12 -4.55227e-12 4.35232e-10 8.87249e-06
148.237 -3.00118e-09 -9.72345e-09 0.55 1.24051e-11 -6.5788e-12 -5.10592e-10 1 -0.145827 0.0360478 0.578 3.21208e-09 -4.67273e-09 0.615045 0.788492 0.0162794 0.0349329 -7.67747e-08 -0.000352871 0.000106346 -0.174446 -2.37403e-06 2.74367e-07 3.72602e-10 2.67779e-09 -2.87885e-10 8.6774e-06
148.891 4.43894e-10 1.27601e-09 0.55 -2.44296e-12 1.00357e-12 7.5443e-11 1 -0.146521 0.0331159 0.578 -7.83422e-10 9.6689e-10 0.622922 0.782284 -0.00155004 -0.00742541 -2.66652e-08 7.37558e-05 -1.51328e-05 0.0354884 4.75996e-07 9.35345e-09 -6.96747e-14 -6.72159e-12 1.29659e-10 -1.74098e-06
149.546 6.55487e-09 3.03427e-08 0.55 -4.25637e-11 1.41773e-11 1.11896e-09 1 -0.147593 0.0279548 0.578 -1.22993e-08 1.43472e-08 0.636553 0.771233 0.00932041 0.106607 -7.4842e-05 0.00107361 -0.000103379 0.733651 1.53704e-06 -2.11545e-07 1.26385e-09 -8.86577e-09 1.01178e-07 -3.72493e-05
150.176 1.55119e-09 5.0907e-08 0.55 -7.14886e-11 -6.34292e-12 2.68341e-10 1 -0.150079 0.00641922 0.578 -2.52095e-08 1.61199e-08 0.690545 0.723289 0.0430995 -0.325784 -1.04648e-06 0.00206184 0.000409892 0.69222 1.21703e-05 3.45203e-06 -7.07409e-12 2.22561e-11 4.86656e-10 -4.43082e-05
150.841 -1.65173e-08 3.18382e-08 0.55 -3.88173e-11 -6.54683e-11 -2.79697e-09 1 -0.143896 -0.0431167 0.578 -3.29054e-08 -4.69526e-09 0.801128 0.598493 0.115328 -0.213818 -3.03328e-05 0.00117367 0.00201562 0.44115 1.01578e-05 6.97343e-06 -6.74338e-09 -5.64023e-08 -2.87074e-08 -1.88233e-05
151.485 -1.41203e-08 4.37399e-09 0.55 3.21368e-11 -5.51202e-11 -2.34503e-09 1 -0.109428 -0.10291 0.578 -1.89004e-08 -2.9122e-08 0.917189 0.398452 0.539921 -0.109451 -0.000384618 -0.00140856 0.00222302 0.322443 1.51233e-05 1.83045e-05 1.5865e-08 2.30348e-08 -1.89459e-07 -5.34869e-06
152.104 1.34999e-08 -8.18984e-09 0.55 5.68242e-11 2.24003e-12 2.23245e-09 1 -0.0496239 -0.141783 0.578 2.47638e-09 -3.25525e-08 0.985564 0.169304 0.0269928 0.253927 -1.63001e-08 -0.00239967 0.00034299 -0.269134 -3.69481e-06 1.55233e-05 1.05909e-11 7.90163e-11 4.79934e-09 1.33965e-05
152.741 2.04e-08 -5.64395e-10 0.55 3.68588e-11 3.50783e-11 3.36493e-09 1 0.0161155 -0.14935 0.578 1.50391e-08 -2.21817e-08 0.998651 -0.0519337 -0.202382 0.165793 -1.93762e-05 -0.00164893 -0.000745837 -0.825374 -1.08925e-05 1.14025e-05 9.30604e-10 2.41436e-09 5.96326e-08 3.71464e-05
153.379 1.78737e-08 5.01376e-09 0.55 1.78447e-11 3.25261e-11 2.95427e-09 1 0.0691135 -0.133373 0.578 1.17358e-08 -1.37497e-08 0.971985 -0.235043 -0.121241 0.070914 -2.1787e-05 -0.0007699 -0.0011036 -0.313013 -1.78853e-05 7.43933e-06 4.29735e-09 -6.53101e-09 2.29469e-07 -6.61608e-06
154.02 1.10647e-08 7.73897e-09 0.55 5.71699e-12 2.76776e-11 1.83987e-09 1 0.107166 -0.105263 0.578 9.97247e-09 -9.22114e-09 0.922846 -0.385169 -0.290461 -0.00387052 -0.000504422 -0.000209163 -0.00094453 -0.291047 -7.89115e-06 9.33484e-06 2.30998e-08 4.96797e-08 7.59961e-08 8.99047e-06
154.651 1.43611e-08 1.64504e-08 0.55 -1.33816e-11 3.3577e-11 2.40889e-09 1 0.13113 -0.0732794 0.578 1.37295e-08 -2.05509e-09 0.863407 -0.504509 -0.0915774 -0.033516 -1.00435e-07 0.000291522 -0.000860353 -0.372658 -4.63011e-06 3.95962e-06 -5.92344e-12 -6.77376e-11 1.77701e-09 1.68379e-05
155.283 3.74481e-07 7.59529e-08 0.55 2.57745e-10 -3.92445e-11 7.03139e-07 1 0.142996 -0.0460136 0.578 -8.00306e-08 -5.86379e-08 0.809337 -0.587345 -0.0198004 0.056113 8.31174e-05 0.000923595 -0.000509463 -0.678237 -3.0128e-06 1.96648e-06 -1.88074e-09 6.43894e-09 -7.37065e-08 3.40049e-05
155.902 -1.54997e-08 -2.67822e-08 0.55 3.51539e-11 -2.71232e-11 -2.61472e-09 1 0.138063 -0.0591927 0.578 -1.39703e-08 -9.03814e-09 0.83586 -0.548942 0.0560228 0.126827 1.79581e-05 -0.000996272 0.000381906 0.537127 6.82748e-06 3.63486e-07 3.62228e-12 -1.27256e-11 2.88559e-10 -2.48787e-05
156.518 -1.7434e-08 -2.86069e-08 0.55 3.68007e-11 -3.05893e-11 -2.93887e-09 1 0.137337 -0.0608576 0.578 -1.5222e-08 -9.16426e-09 0.839164 -0.543879 0.0466445 0.109758 -2.22493e-07 -0.00105394 0.000444807 0.573869 7.45966e-06 1.34978e-07 6.03678e-12 -9.85217e-12 6.82698e-11 -2.71914e-05
157.148 -3.85649e-10 -1.30179e-09 0.55 2.57991e-12 1.41017e-12 -6.55894e-11 1 0.141965 -0.0491008 0.578 2.78293e-10 -1.68571e-09 0.815549 -0.578688 -0.00913768 0.0107567 1.11273e-08 -0.00010286 -8.78561e-05 0.0309655 4.45503e-07 7.61805e-07 -6.14365e-13 -2.97507e-12 -1.01576e-12 -1.62251e-06
157.82 -7.97352e-09 -1.56362e-08 0.55 2.05977e-11 -1.46069e-11 -1.348e-09 1 0.140636 -0.0527877 0.578 -7.90889e-09 -5.16861e-09 0.823028 -0.568001 0.0206984 0.0594173 -1.91302e-09 -0.000569852 0.000197026 0.301319 3.93283e-06 1.00364e-07 2.08482e-13 7.17161e-13 5.65761e-12 -1.43273e-05
158.416 -2.43348e-09 -4.41552e-09 0.55 5.73681e-12 -4.35496e-12 -4.10897e-10 1 0.139286 -0.0562543 0.578 -2.26038e-09 -1.43595e-09 0.829999 -0.557765 0.00689122 0.0128178 -4.38107e-06 -0.000155002 5.90508e-05 0.0869543 1.01836e-06 -3.6021e-08 1.33671e-11 -9.41362e-10 1.39355e-09 -4.14804e-06
159.055 3.54333e-09 6.05316e-09 0.55 -7.30999e-12 6.1723e-12 5.97775e-10 1 0.138381 -0.0584441 0.578 2.93015e-09 1.66471e-09 0.834372 -0.551201 -0.0037719 -0.023874 3.40359e-06 0.000217625 -9.1324e-05 -0.105759 -1.47494e-06 1.41464e-08 4.79223e-11 -8.20327e-11 3.45098e-10 5.357e-06
159.681 1.62268e-08 2.57778e-08 0.55 -3.40613e-11 3.09306e-11 2.73302e-09 1 0.135882 -0.0640385 0.578 1.57155e-08 7.91029e-09 0.845441 -0.534069 -0.0516728 -0.153862 -6.66124e-05 0.00100216 -0.000521742 -0.553028 -8.61973e-06 -4.16211e-07 5.2831e-10 -1.19474e-08 2.13228e-08 2.57809e-05
160.361 3.53117e-08 3.51425e-08 0.55 -3.72549e-11 6.49579e-11 5.90434e-09 1 0.12387 -0.0849771 0.578 2.78731e-08 4.75927e-09 0.88562 -0.464411 0.0618745 0.197293 0.000220805 0.000910625 -0.00115232 -1.04904 -9.48307e-07 3.77725e-06 -6.6195e-09 5.49487e-09 -1.63267e-07 5.48347e-05
161.001 2.97517e-08 1.35612e-08 0.55 5.96856e-12 6.59571e-11 4.9307e-09 1 0.0914722 -0.119155 0.578 2.75809e-08 -1.34005e-08 0.947468 -0.31985 -0.421505 -0.201343 -0.000186822 -0.000198953 -0.00232359 -0.493192 -9.08724e-06 1.01034e-05 -1.69486e-11 2.08043e-10 -2.8879e-09 3.31791e-05
161.758 1.04234e-08 -2.43135e-09 0.55 5.51878e-11 1.66701e-11 1.71871e-09 1 0.0183631 -0.14909 0.578 5.37874e-09 -3.23437e-08 0.998231 -0.0594539 -0.0581285 0.248431 -6.46857e-08 -0.00237434 -0.00059237 -0.141634 -1.6718e-06 1.58661e-05 8.11624e-12 4.08645e-11 -1.50505e-09 6.09211e-06
162.187 -1.02517e-08 -1.7261e-09 0.55 5.24127e-11 -2.34408e-11 -1.69033e-09 1 -0.0304886 -0.14709 0.578 -8.77422e-09 -3.13833e-08 0.994599 0.10379 0.127082 0.241326 -9.94973e-05 -0.00224065 0.000841917 0.194718 3.41827e-06 1.60124e-05 3.97022e-09 5.61452e-09 -1.71696e-08 -7.43163e-06
162.581 -1.77855e-08 3.47725e-09 0.55 3.52314e-11 -4.37607e-11 -2.93901e-09 1 -0.0710972 -0.132326 0.578 -1.62248e-08 -2.52119e-08 0.969332 0.245757 0.290635 0.160499 -8.781e-05 -0.00174004 0.00124766 0.772353 1.02533e-05 1.5627e-05 6.46259e-09 2.64413e-08 -7.17455e-08 -3.33014e-05
163.01 -2.12864e-08 1.121e-08 0.55 1.6593e-11 -4.94367e-11 -3.53608e-09 1 -0.105766 -0.10667 0.578 -1.66284e-08 -1.84394e-08 0.924011 0.382366 -0.0444169 0.526415 0.000350292 -0.00118009 0.00124715 0.701411 -7.73977e-06 1.65119e-05 -7.36622e-10 7.94851e-08 1.95369e-07 -3.8673e-05
163.32 -1.37432e-08 9.81302e-09 0.55 2.03157e-12 -4.77323e-11 -2.29494e-09 1 -0.123914 -0.0849142 0.578 -1.97312e-08 -1.18111e-08 0.883835 0.467798 0.153747 0.0239915 5.1317e-05 -0.000324217 0.00154737 0.367977 2.6435e-05 4.1174e-06 2.33913e-09 -8.20757e-08 -3.55575e-07 2.46369e-05
163.688 -1.03421e-08 1.38317e-08 0.55 -6.35486e-12 -3.93685e-11 -1.74243e-09 1 -0.138584 -0.0579605 0.578 -1.56188e-08 -9.20204e-09 0.83143 0.55563 0.137232 -0.00656258 6.96083e-07 -1.68345e-05 0.00128018 0.315245 3.69414e-06 7.74707e-06 -4.37593e-12 1.39598e-10 -4.19059e-09 -1.34475e-05
164.195 -4.13137e-09 1.42824e-08 0.55 -1.5994e-11 -2.65922e-11 -7.02738e-10 1 -0.148661 -0.0215602 0.578 -1.39263e-08 -4.39207e-09 0.754981 0.655746 0.102214 -0.0458349 1.9651e-06 0.000335465 0.000975878 0.288515 3.6118e-06 5.94214e-06 -1.29695e-10 -4.85471e-10 -4.97484e-09 -1.25865e-05
164.673 2.37962e-10 1.83144e-08 0.55 -2.5897e-11 -1.22968e-11 4.30702e-11 1 -0.14992 0.00943633 0.578 -1.34582e-08 1.43148e-09 0.683235 0.730199 0.0656826 -0.0918856 3.87505e-07 0.000683881 0.000630096 0.356385 4.99095e-06 4.41321e-06 7.25279e-11 6.3853e-10 -9.57024e-09 -1.62849e-05
165.258 8.29493e-09 2.67719e-08 0.55 -3.73508e-11 1.16815e-11 1.41105e-09 1 -0.145079 0.038951 0.578 -1.31145e-08 1.08531e-08 0.607148 0.794589 0.00578324 -0.113205 -8.32386e-07 0.00101242 7.47409e-05 0.507053 1.59488e-05 4.1999e-06 1.17969e-09 3.10862e-08 -1.54541e-07 -2.33356e-06
165.823 -4.2229e-09 -1.20399e-08 0.55 1.50614e-11 -1.06462e-11 -7.17507e-10 1 -0.145289 0.0381599 0.578 3.192e-09 -6.6987e-09 0.609308 0.792934 0.0425605 0.0791043 -2.59268e-05 -0.000413487 0.000233339 -0.217721 -4.25985e-06 9.76673e-07 1.45566e-09 4.38414e-09 1.81527e-08 1.08631e-05
166.398 -8.53916e-09 -3.41306e-08 0.55 4.46575e-11 -1.86791e-11 -1.45569e-09 1 -0.147127 0.0303064 0.578 1.19938e-08 -1.56082e-08 0.630376 0.77629 0.0242633 0.107039 7.57095e-06 -0.00122776 0.00025019 -0.629135 -7.85473e-06 2.25936e-08 -1.87317e-10 2.50627e-10 -6.07782e-09 3.01999e-05
166.893 4.38594e-10 1.73674e-09 0.55 -2.24626e-12 9.42495e-13 7.4766e-11 1 -0.146922 0.0312878 0.578 -6.07382e-10 7.78416e-10 0.627783 0.778388 -0.00127297 -0.00636262 2.90465e-08 6.11375e-05 -1.20868e-05 0.030144 4.05673e-07 5.85976e-09 -9.03281e-13 2.13951e-13 7.9668e-12 -1.47787e-06
167.519 3.24331e-09 1.24167e-08 0.55 -1.63246e-11 7.03706e-12 5.52687e-10 1 -0.146877 0.0314979 0.578 -4.41971e-09 5.76222e-09 0.627227 0.778837 0.00277739 0.0338056 -3.86409e-05 0.000401443 -6.64905e-05 0.274388 7.69029e-07 -1.5049e-07 9.23449e-10 -2.55431e-09 3.50324e-08 -1.38952e-05
168.109 6.1577e-09 3.02257e-08 0.55 -3.90783e-11 1.22887e-11 1.05146e-09 1 -0.147999 0.0257189 0.578 -1.1e-08 1.23127e-08 0.642368 0.766396 -0.0373611 -0.187201 3.88003e-05 0.00108696 -0.000153135 0.515164 8.53925e-06 7.36037e-07 6.30966e-11 4.43267e-09 -2.91659e-08 -1.89099e-05
168.769 1.5168e-11 3.96022e-08 0.55 -5.79814e-11 -9.00638e-12 5.06439e-12 1 -0.150183 0.00316941 0.578 -2.15026e-08 1.26226e-08 0.698332 0.715774 0.0484493 0.149088 -1.16392e-05 0.00133261 0.000452744 0.983163 1.75916e-06 2.92746e-06 -2.51901e-11 -2.79686e-09 1.34502e-07 -4.95257e-05
169.404 -1.49749e-08 3.53284e-08 0.55 -3.93374e-11 -5.56688e-11 -2.54034e-09 1 -0.144805 -0.0399572 0.578 -2.77504e-08 -2.7261e-09 0.79453 0.607224 0.17325 -0.0828102 1.25858e-05 0.000940328 0.00163291 0.709113 8.28985e-06 8.91929e-06 5.96653e-11 3.42386e-09 6.96159e-09 -3.21732e-05
170.034 -2.0563e-08 1.22938e-08 0.55 1.66928e-11 -6.03622e-11 -3.42556e-09 1 -0.116866 -0.0943792 0.578 -2.08394e-08 -2.27773e-08 0.901528 0.43272 0.214852 0.086741 -1.13548e-05 -0.000849323 0.00206605 0.36333 4.08379e-06 1.39579e-05 2.35517e-10 -9.63889e-10 -3.64729e-10 -1.47396e-05
170.568 -2.68473e-09 -3.75535e-09 0.55 4.92799e-11 -2.3602e-11 -4.40462e-10 1 -0.0715306 -0.132093 0.578 -6.77613e-09 -3.09805e-08 0.968927 0.247346 0.588391 0.00323504 -0.000182599 -0.00199915 0.00147911 -0.231365 1.33784e-05 1.67393e-05 8.37675e-09 1.58852e-08 -2.24274e-07 2.35062e-05
171.071 1.98367e-08 -5.11833e-09 0.55 5.08362e-11 1.4844e-11 3.27363e-09 1 -0.018887 -0.149025 0.578 5.27114e-09 -2.90833e-08 0.9979 0.0647742 -0.142213 0.256459 3.20273e-05 -0.002218 -0.000209568 -0.272982 -7.02637e-06 1.43754e-05 -4.29712e-10 4.55893e-09 5.79161e-08 1.03977e-05
171.535 1.64661e-08 -2.86269e-11 0.55 3.75191e-11 2.98489e-11 2.71615e-09 1 0.0285828 -0.147472 0.578 1.1933e-08 -2.29358e-08 0.995591 -0.0937974 0.142339 0.266778 1.2122e-05 -0.00170349 -0.000798467 -0.640613 1.33501e-06 1.33014e-05 2.73773e-09 2.26373e-08 -1.11095e-07 3.54187e-05
171.923 2.04909e-08 4.81878e-09 0.55 2.38829e-11 3.7686e-11 3.38517e-09 1 0.0629726 -0.13638 0.578 1.38288e-08 -1.74369e-08 0.977083 -0.21286 0.0537584 0.276808 0.000113993 -0.00117582 -0.00111687 -0.303397 2.96718e-06 1.20859e-05 1.12197e-09 3.50899e-08 -1.04021e-07 1.71357e-05
172.401 2.21621e-08 1.07537e-08 0.55 8.27955e-12 4.12583e-11 3.6753e-09 1 0.096476 -0.115141 0.578 1.45523e-08 -1.12849e-08 0.940423 -0.340008 0.212056 0.259757 0.000165953 -0.000572429 -0.000886932 -0.559173 6.14244e-06 5.7465e-06 -8.3453e-09 -2.05339e-08 -1.69885e-07 3.33726e-05
172.828 8.36767e-09 1.27242e-08 0.55 -1.20987e-11 3.70066e-11 1.4002e-09 1 0.117978 -0.0929842 0.578 1.8997e-08 -4.09858e-09 0.900501 -0.434854 -0.117241 -0.00484078 1.5772e-07 2.95103e-05 -0.00110558 -0.391511 -4.79489e-06 5.5293e-06 7.8114e-12 8.81101e-11 1.30029e-09 1.74073e-05
173.283 1.53831e-08 1.88994e-08 0.55 -2.0545e-11 3.67455e-11 2.58325e-09 1 0.13298 -0.0698672 0.578 1.66989e-08 8.61655e-10 0.856817 -0.51562 -0.0941436 -0.0563425 1.91345e-07 0.00053405 -0.000897399 -0.466737 -5.86722e-06 3.54939e-06 -9.9634e-12 -3.34843e-11 4.22849e-10 2.13644e-05
173.758 1.31123e-08 2.74673e-08 0.55 -3.56267e-11 3.05041e-11 2.21887e-09 1 0.141636 -0.0500425 0.578 1.65508e-08 6.57078e-09 0.817467 -0.575975 -0.0715473 -0.0936972 -6.52821e-06 0.000930574 -0.000612748 -0.553956 -7.06653e-06 1.96908e-06 7.42254e-10 3.86321e-09 -2.28753e-10 2.58976e-05
174.239 -5.47209e-09 -1.08799e-08 0.55 1.51646e-11 -8.5749e-12 -9.25115e-10 1 0.140387 -0.053445 0.578 -5.00379e-09 -4.56893e-09 0.824355 -0.566074 -0.0248739 -0.0516878 -5.20955e-05 -0.000363633 6.72109e-06 0.260894 1.63219e-09 4.28392e-07 1.3004e-09 -3.20337e-09 4.41073e-08 -1.38186e-05
174.628 -1.66875e-08 -2.83217e-08 0.55 3.68721e-11 -2.97061e-11 -2.81447e-09 1 0.137876 -0.0596267 0.578 -1.51071e-08 -9.19509e-09 0.836723 -0.547627 0.0410646 0.118441 8.28403e-07 -0.00104619 0.000425229 0.563528 7.58052e-06 3.7673e-07 4.30176e-10 3.34703e-09 -3.4068e-09 -2.67121e-05
175.097 -2.62072e-09 -4.25167e-09 0.55 5.43236e-12 -4.60976e-12 -4.41675e-10 1 0.13698 -0.0616558 0.578 -2.27509e-09 -1.33326e-09 0.840744 -0.541433 0.00706446 0.0158056 1.94398e-07 -0.000153757 6.72745e-05 0.0837055 1.24993e-06 -5.76594e-08 -1.97871e-10 -9.22189e-10 -2.13723e-09 -3.99058e-06
175.586 -7.25392e-10 -1.39424e-09 0.55 1.92735e-12 -1.4284e-12 -1.22395e-10 1 0.136695 -0.0622858 0.578 -7.95994e-10 -4.52226e-10 0.841988 -0.539496 0.0171897 0.0283545 3.45063e-05 -6.85248e-05 3.58887e-05 0.0380297 1.24936e-06 -1.17548e-07 -1.33394e-09 -1.51103e-09 -1.20835e-08 -1.41959e-06
176.098 8.62154e-09 1.35727e-08 0.55 -1.73811e-11 1.52366e-11 1.45234e-09 1 0.13644 -0.0628429 0.578 7.47237e-09 4.21531e-09 0.843087 -0.537777 -0.0113121 -0.00324714 3.91591e-05 0.000502849 -0.00023719 -0.176487 -1.39601e-06 2.98613e-07 -6.88966e-10 4.27196e-09 -2.43685e-08 8.61498e-06
176.738 2.68254e-08 3.57113e-08 0.55 -4.2937e-11 4.72906e-11 4.50625e-09 1 0.132451 -0.070863 0.578 2.14873e-08 9.21333e-09 0.858746 -0.512401 -0.0851691 -0.128716 1.40192e-06 0.00123963 -0.000814041 -0.74742 -9.62029e-06 8.91002e-07 -3.40285e-11 8.19576e-11 -2.33912e-10 3.50907e-05
177.255 4.22023e-08 3.91053e-08 0.55 -3.74457e-11 7.347e-11 7.04734e-09 1 0.120594 -0.0895659 0.578 3.00251e-08 3.62602e-09 0.89418 -0.447708 -0.166928 -0.113795 1.70313e-07 0.00110689 -0.00160531 -0.943102 -1.1933e-05 4.15436e-06 8.71268e-13 4.47361e-11 -7.71025e-10 4.34829e-05
177.759 4.45631e-08 2.35921e-08 0.55 -1.04205e-12 7.88448e-11 7.39051e-09 1 0.0944184 -0.116834 0.578 3.02286e-08 -1.19832e-08 0.943402 -0.331652 -0.203177 0.0438199 7.42462e-05 -0.000202008 -0.00217864 -0.815052 -9.13149e-06 9.99537e-06 -2.12416e-09 2.05969e-09 -1.60915e-08 3.70255e-05
178.268 2.76465e-08 4.05081e-09 0.55 4.37894e-11 4.77945e-11 4.56371e-09 1 0.049127 -0.141956 0.578 1.69038e-08 -2.9077e-08 0.986452 -0.164053 -0.393364 0.148363 -7.01022e-05 -0.00194688 -0.0015395 -0.504287 -5.13042e-06 1.51879e-05 -1.89435e-11 1.34964e-11 -3.12085e-10 1.86892e-05
178.843 -2.27967e-09 -3.43073e-09 0.55 5.8937e-11 -1.29541e-11 -3.75178e-10 1 -0.0168688 -0.149267 0.578 -5.82238e-09 -3.4379e-08 0.998315 0.05802 -0.165969 0.295364 8.31852e-06 -0.00258001 0.000161234 0.409265 6.18326e-07 1.69607e-05 2.11721e-10 7.47504e-10 8.1845e-09 -3.49125e-06
179.312 -2.19281e-08 4.50185e-09 0.55 3.97938e-11 -4.61925e-11 -3.62316e-09 1 -0.0681317 -0.133877 0.578 -1.60593e-08 -2.77968e-08 0.972009 0.234943 0.228598 0.137049 -0.000106329 -0.00174018 0.00152667 0.382727 6.56643e-06 1.44689e-05 2.6567e-09 -5.70374e-09 -3.90941e-08 -1.4948e-05
179.901 -2.20167e-08 1.45307e-08 0.55 6.85997e-12 -5.59695e-11 -3.66671e-09 1 -0.115073 -0.0965572 0.578 -2.05802e-08 -1.56895e-08 0.905552 0.424235 0.185529 0.0481084 -2.58467e-08 -0.000489099 0.00175599 0.437501 5.13807e-06 1.08265e-05 3.34195e-12 1.91593e-11 -1.57551e-09 -1.87298e-05
180.297 -9.25036e-09 6.4069e-10 0.55 -2.85701e-12 -4.31362e-11 -1.54647e-09 1 -0.134338 -0.0672177 0.578 -2.11824e-08 -7.16329e-09 0.849787 0.527126 -0.138857 0.407565 0.000437266 -0.00044567 0.00105253 0.636144 -8.79658e-06 6.16176e-06 -1.86281e-08 -3.02617e-08 2.07714e-07 -3.69647e-05
180.494 -1.31859e-08 1.88207e-08 0.55 -1.26101e-11 -4.34108e-11 -2.2249e-09 1 -0.140731 -0.0525349 0.578 -1.71399e-08 -7.80906e-09 0.820482 0.571672 0.0319968 0.269476 0.000166048 0.000177449 0.00122306 0.314296 -5.4968e-06 7.7105e-06 -5.06842e-09 3.42023e-09 1.44667e-07 -1.70741e-05
181.085 -3.45533e-09 2.08775e-08 0.55 -2.13353e-11 -2.32333e-11 -5.88059e-10 1 -0.149839 -0.0106472 0.578 -1.33204e-08 -3.0156e-09 0.73052 0.682891 0.0883672 -0.301658 -3.90272e-05 0.00059445 0.000884974 0.0570071 9.81779e-06 4.77602e-06 -6.56858e-11 -9.96241e-09 -1.11967e-07 5.52096e-07
181.593 2.38871e-09 2.08258e-08 0.55 -3.02419e-11 -5.14808e-12 4.10228e-10 1 -0.148847 0.02024 0.578 -1.35033e-08 4.44282e-09 0.656401 0.754412 0.0771575 -0.0392822 2.92812e-05 0.000898555 0.000488178 0.40158 3.41831e-06 4.39301e-06 4.44266e-10 9.91648e-09 2.75188e-08 -1.87777e-05
182.06 9.62111e-09 2.80108e-08 0.55 -3.67663e-11 1.42949e-11 1.63465e-09 1 -0.144272 0.0418416 0.578 -1.24231e-08 1.11014e-08 0.59918 0.800614 -0.00207328 -0.114324 -1.22868e-07 0.00108975 -1.59031e-05 0.517659 6.97814e-06 1.75688e-06 -1.52017e-09 -2.38749e-09 -1.67647e-09 -2.49412e-05
182.503 -5.79878e-09 -1.26434e-08 0.55 1.02421e-11 -1.1245e-11 -9.83052e-10 1 -0.145035 0.0391113 0.578 1.29595e-09 -4.41248e-09 0.606706 0.794926 0.0202969 0.0318363 2.50445e-08 -0.000305848 0.000193964 -0.163961 -2.25535e-06 6.97536e-07 -1.31207e-12 -5.25416e-12 -2.00174e-11 8.21676e-06
182.972 -5.39433e-09 -2.16376e-08 0.55 2.80255e-11 -1.27481e-11 -9.19594e-10 1 -0.147207 0.0299182 0.578 7.06871e-09 -1.0221e-08 0.6314 0.775457 0.0444058 0.176649 -5.27514e-05 -0.000739927 0.000228015 -0.373407 -8.25519e-06 3.92157e-07 1.80628e-09 5.50984e-10 4.69612e-08 1.80036e-05
183.414 -6.5142e-09 -3.0433e-08 0.55 4.02992e-11 -1.4499e-11 -1.11183e-09 1 -0.147889 0.0263417 0.578 1.08728e-08 -1.36405e-08 0.640751 0.767749 0.0206352 0.111196 7.10918e-07 -0.00111283 0.000197971 -0.537312 -7.1475e-06 1.81998e-08 1.51009e-11 2.77137e-10 -2.30356e-09 2.63327e-05
183.941 -1.98717e-09 -7.44888e-09 0.55 9.54951e-12 -5.16093e-12 -3.38547e-10 1 -0.146957 0.0311214 0.578 2.16432e-09 -3.80069e-09 0.628223 0.778033 0.0124121 0.0260401 -5.06085e-06 -0.000269146 0.00010233 -0.136592 -1.80879e-06 3.53374e-07 2.98832e-10 9.85212e-10 -8.38233e-10 6.79884e-06
184.578 1.28697e-08 4.0043e-08 0.55 -5.52301e-11 2.82172e-11 2.18851e-09 1 -0.1453 0.038118 0.578 -1.53212e-08 2.11281e-08 0.609425 0.792844 -0.0439545 -0.166152 2.4284e-07 0.00161664 -0.000423788 0.796111 1.0749e-05 1.0977e-09 -6.56085e-12 8.32116e-12 1.23026e-09 -3.91693e-05
185.207 1.31129e-08 7.44984e-08 0.55 -1.00751e-10 1.98265e-11 2.24167e-09 1 -0.148426 0.0231252 0.578 -3.19752e-08 2.82135e-08 0.649051 0.760745 0.0563129 -0.0217866 -7.12825e-05 0.00253829 0.000179578 1.59846 1.0923e-05 3.44641e-06 2.5993e-09 1.60905e-09 1.13844e-07 -7.89543e-05
185.897 -2.01056e-08 5.2785e-08 0.55 -5.75992e-11 -8.69814e-11 -3.41469e-09 1 -0.146068 -0.0350576 0.578 -4.35991e-08 -8.10277e-09 0.784191 0.620519 0.131942 0.0165073 6.00924e-05 0.00105418 0.0025042 1.29412 8.82555e-06 1.18303e-05 -9.04086e-09 -5.02964e-08 7.11855e-08 -6.29112e-05
186.522 -6.86521e-09 -1.80579e-09 0.55 4.74622e-11 -6.30219e-11 -1.13664e-09 1 -0.107965 -0.104445 0.578 -2.33671e-08 -4.02734e-08 0.919979 0.391968 0.312941 0.042451 -0.000492457 -0.00180349 0.00278239 0.134787 6.11488e-06 1.91201e-05 9.53902e-09 -4.68459e-08 -6.20352e-08 -1.08273e-06
187.215 3.42409e-08 -1.02864e-08 0.55 6.6522e-11 3.5038e-11 5.65274e-09 1 -0.030264 -0.147137 0.578 1.54216e-08 -3.65387e-08 0.994678 0.103033 -0.0834272 0.303059 -4.72144e-06 -0.00281504 -0.00053122 -0.631498 -8.62611e-06 1.73149e-05 2.98344e-10 1.16289e-09 1.41882e-08 2.93632e-05
187.892 3.17674e-08 4.82384e-09 0.55 2.40691e-11 5.02696e-11 5.24283e-09 1 0.0384445 -0.145214 0.578 2.00372e-08 -1.68064e-08 0.991868 -0.127269 -0.697257 -0.036941 -7.94492e-05 -0.00103172 -0.00183366 -0.366448 -7.31536e-06 9.40567e-06 -1.59786e-13 7.66683e-12 4.1433e-09 2.6596e-05
188.557 1.52376e-08 6.14805e-09 0.55 1.1214e-11 2.73637e-11 2.5228e-09 1 0.0848497 -0.123958 0.578 9.20624e-09 -1.03717e-08 0.955826 -0.293933 0.150433 0.117229 9.49498e-05 -0.000476518 -0.000788367 -0.127151 4.81953e-06 3.34158e-06 -8.09779e-09 -3.62671e-08 -1.07845e-07 9.86635e-06
189.205 5.57616e-09 2.73738e-09 0.55 7.65974e-12 2.03113e-11 9.28168e-10 1 0.116922 -0.0943092 0.578 7.32589e-09 -8.6725e-09 0.902939 -0.429768 -0.343366 -0.291568 -0.000299606 -0.000155839 -0.00104078 0.057938 -1.27948e-05 5.11351e-06 9.13695e-09 -5.54617e-09 1.84158e-07 -1.09361e-05
189.909 1.38489e-08 2.23681e-08 0.55 -2.4034e-11 3.4568e-11 2.33585e-09 1 0.13884 -0.0573457 0.578 1.57439e-08 1.03692e-09 0.832182 -0.554502 -0.16526 -0.272317 -0.000101553 0.000738883 -0.000971571 -0.341796 -1.17997e-05 3.19377e-06 2.5432e-09 -6.27411e-09 9.70791e-08 1.24966e-05
190.463 -7.22486e-09 -1.34224e-08 0.55 1.87308e-11 -1.00224e-11 -1.22058e-09 1 0.140008 -0.0544313 0.578 -5.70804e-09 -6.10844e-09 0.82634 -0.563171 0.0139454 0.0974457 4.12708e-05 -0.000614427 6.96834e-05 0.185456 5.56872e-06 2.37035e-06 2.82114e-10 1.86846e-08 -3.92078e-08 -7.15843e-06
191.123 -2.51691e-08 -3.81721e-08 0.55 4.83258e-11 -4.37199e-11 -4.23713e-09 1 0.135581 -0.064676 0.578 -2.1028e-08 -1.17733e-08 0.84669 -0.532087 0.0696592 0.151992 -2.38959e-06 -0.00140326 0.000671805 0.766162 1.01944e-05 9.60281e-08 2.6699e-10 1.41613e-09 -2.20371e-09 -3.61433e-05
191.717 -9.89069e-09 -1.79717e-08 0.55 2.42631e-11 -1.58356e-11 -1.66978e-09 1 0.138973 -0.0570234 0.578 -8.52705e-09 -6.99356e-09 0.831537 -0.555469 0.0173738 0.0739648 7.79999e-09 -0.000709162 0.000164789 0.357167 4.68808e-06 7.68476e-07 -2.96297e-13 -1.86962e-12 4.5995e-12 -1.70783e-05
192.342 -4.48508e-09 -9.71544e-09 0.55 1.22035e-11 -7.31108e-12 -7.59298e-10 1 0.141894 -0.0493062 0.578 -3.96039e-09 -3.28134e-09 0.815967 -0.578098 0.0080117 0.0383168 -3.08385e-07 -0.000299912 5.32026e-05 0.184636 2.42696e-06 3.17741e-07 1.6227e-11 4.16569e-11 -3.54837e-09 -8.84145e-06
192.887 -4.4186e-09 -8.13738e-09 0.55 1.07147e-11 -7.67898e-12 -7.46222e-10 1 0.139423 -0.0559117 0.578 -4.05749e-09 -2.80698e-09 0.829313 -0.558785 0.0101103 0.0298203 -3.24404e-07 -0.000297212 9.45523e-05 0.155243 2.00038e-06 1.26387e-07 1.02599e-11 -2.85442e-10 1.28448e-09 -7.80828e-06
193.439 -3.67755e-09 -6.53292e-09 0.55 8.71324e-12 -6.8317e-12 -6.20453e-10 1 0.137881 -0.0596146 0.578 -3.61166e-09 -2.16449e-09 0.8367 -0.547662 -0.0110966 0.00555015 -2.16883e-05 -0.000277403 9.94969e-05 0.12956 8.00282e-07 -3.70223e-07 2.23774e-10 -5.7762e-09 1.79373e-08 -8.79366e-06
193.858 4.16919e-09 7.13992e-09 0.55 -8.59885e-12 7.33936e-12 7.03042e-10 1 0.137374 -0.0607742 0.578 3.50041e-09 1.95577e-09 0.839 -0.544132 -0.0110812 -0.0255444 9.9439e-06 0.000241381 -0.000112259 -0.132966 -1.73463e-06 -1.22737e-09 -3.54682e-10 -2.52396e-10 -9.59476e-11 6.2952e-06
194.291 1.58139e-08 2.53981e-08 0.55 -3.28333e-11 2.91729e-11 2.66381e-09 1 0.135999 -0.0637904 0.578 1.45821e-08 7.69826e-09 0.844953 -0.534841 -0.0367152 -0.0217974 -2.14256e-05 0.000829459 -0.000385091 -0.661689 -5.4478e-06 8.92347e-07 2.02972e-09 1.01918e-08 -2.76457e-08 3.23363e-05
194.699 3.18564e-08 3.92128e-08 0.55 -4.54505e-11 5.49841e-11 5.34737e-09 1 0.131734 -0.0721879 0.578 2.39895e-08 9.34624e-09 0.861305 -0.508088 0.037309 0.14431 0.000189095 0.00113205 -0.000746591 -0.992493 -2.18215e-06 1.89892e-06 -4.90963e-09 1.01989e-08 -1.35748e-07 5.12585e-05
195.192 4.48655e-08 3.95712e-08 0.55 -3.36391e-11 7.80894e-11 7.48578e-09 1 0.118264 -0.0926204 0.578 3.10081e-08 1.14227e-09 0.899832 -0.436238 -0.187707 -0.104421 6.11839e-08 0.00103273 -0.00181879 -0.982085 -1.23755e-05 5.22837e-06 -3.76684e-14 -2.69785e-11 -1.80278e-09 4.50954e-05
195.627 4.95907e-08 2.56817e-08 0.55 1.78222e-12 8.16994e-11 8.22313e-09 1 0.0937442 -0.117376 0.578 2.95739e-08 -1.39049e-08 0.944353 -0.328935 -0.121365 0.0752829 9.74866e-05 -0.000151263 -0.00239415 -0.482365 -4.48783e-06 9.46557e-06 -5.21412e-09 -1.49359e-08 -6.56734e-08 2.21223e-05
196.108 2.22003e-08 2.30772e-09 0.55 4.54726e-11 4.52099e-11 3.66419e-09 1 0.0499975 -0.141652 0.578 1.68346e-08 -2.97611e-08 0.985943 -0.16708 0.0491409 0.254737 1.83457e-05 -0.00196798 -0.00144553 -0.339283 5.76315e-06 1.5567e-05 -3.111e-09 1.9353e-09 -1.58603e-07 2.00693e-05
196.617 -4.89797e-09 -3.15254e-09 0.55 5.93269e-11 -8.90058e-12 -8.07543e-10 1 -0.00852473 -0.149975 0.578 -3.34623e-09 -3.45772e-08 0.999545 0.030171 0.330668 0.2473 -5.88758e-06 -0.00255823 0.000636307 -0.189174 7.99509e-06 1.67338e-05 -1.19239e-10 -2.41888e-09 -1.23094e-07 1.63749e-05
197.051 -2.27806e-08 3.57405e-09 0.55 4.40615e-11 -4.01726e-11 -3.76147e-09 1 -0.0569039 -0.139022 0.578 -1.29255e-08 -2.88576e-08 0.980846 0.194787 0.157114 0.193064 7.37701e-06 -0.00198285 0.00118597 0.380567 4.49762e-06 1.48932e-05 -2.1739e-10 1.46103e-10 -1.69716e-08 -1.63452e-05
197.428 -2.30903e-08 1.05195e-08 0.55 1.9879e-11 -5.40672e-11 -3.82661e-09 1 -0.0912601 -0.119317 0.578 -2.01152e-08 -2.01718e-08 0.946607 0.322391 0.350082 0.108914 -0.000248553 -0.00113976 0.00155799 0.886287 1.19088e-05 1.55193e-05 1.44388e-08 4.69145e-08 -7.45497e-08 -3.79337e-05
197.827 -2.51928e-08 1.7232e-08 0.55 3.71034e-12 -5.45423e-11 -4.19916e-09 1 -0.117895 -0.0930899 0.578 -1.85492e-08 -1.34885e-08 0.899139 0.437664 0.025478 0.31631 3.5516e-05 -0.000305505 0.00149607 0.377211 -4.77165e-06 1.16021e-05 3.10122e-09 3.25401e-08 1.43888e-07 -2.02426e-05
198.331 -8.33066e-09 1.08611e-08 0.55 -6.4135e-12 -3.59211e-11 -1.40347e-09 1 -0.138765 -0.0575275 0.578 -1.53697e-08 -7.8579e-09 0.830561 0.556927 0.119827 -0.0650133 -0.000104736 9.09472e-05 0.00119446 0.288398 5.00668e-06 6.24403e-06 1.5864e-09 -1.3187e-08 -2.46084e-08 -1.20142e-05
198.74 -5.49669e-09 1.34322e-08 0.55 -1.15813e-11 -2.81266e-11 -9.33235e-10 1 -0.147408 -0.0289129 0.578 -1.25695e-08 -5.8187e-09 0.771029 0.636801 0.0896143 0.144573 5.98067e-05 -6.08807e-05 0.000894388 0.507456 -6.74867e-07 6.63458e-06 -6.18112e-10 1.01667e-08 6.41688e-08 -2.50416e-05
199.223 -8.88196e-10 1.35718e-08 0.55 -2.01299e-11 -1.59476e-11 -1.49669e-10 1 -0.150189 0.00287427 0.578 -1.27039e-08 -7.87451e-10 0.699034 0.715089 0.0735615 -0.0611717 5.66702e-06 0.000550109 0.000711604 0.285815 3.63422e-06 4.68706e-06 -2.16531e-10 -2.17938e-10 -1.61012e-09 -1.28486e-05
199.604 3.35216e-09 2.13096e-08 0.55 -3.07425e-11 -2.42523e-12 5.74094e-10 1 -0.148159 0.0247784 0.578 -1.32468e-08 5.19345e-09 0.644798 0.764353 0.0656667 0.172791 -8.41849e-05 0.000773891 0.000448464 0.577569 -1.94332e-06 2.80201e-06 1.44659e-09 -9.79493e-09 1.17343e-07 -2.92066e-05
200.058 1.11979e-08 2.92825e-08 0.55 -3.8635e-11 1.77789e-11 1.90003e-09 1 -0.143357 0.0448767 0.578 -1.27705e-08 1.26125e-08 0.590699 0.806892 -0.000104868 -0.0516753 -2.21116e-05 0.00107074 -3.6312e-05 0.662905 5.95265e-06 1.31635e-06 -7.29737e-11 -6.01878e-09 2.68921e-08 -3.27607e-05
200.553 -6.30864e-09 -2.13549e-08 0.55 2.5423e-11 -1.50602e-11 -1.07377e-09 1 -0.145925 0.0356489 0.578 5.73151e-09 -9.96748e-09 0.616122 0.787651 0.0356241 0.0908761 -7.09125e-06 -0.000734486 0.000285882 -0.304058 -5.11374e-06 6.95268e-07 4.18486e-10 1.28353e-09 6.90304e-09 1.50078e-05
201.04 -8.70631e-09 -3.58365e-08 0.55 4.69298e-11 -1.90986e-11 -1.48455e-09 1 -0.147284 0.0295374 0.578 1.26074e-08 -1.62923e-08 0.632401 0.774641 0.0250311 0.115081 6.86583e-06 -0.00129068 0.0002554 -0.657322 -8.09978e-06 5.85291e-08 -1.1525e-10 8.20644e-10 -9.05389e-09 3.23534e-05
201.505 -6.77606e-09 -2.40813e-08 0.55 3.09286e-11 -1.56161e-11 -1.15388e-09 1 -0.146483 0.0332816 0.578 7.78435e-09 -1.16218e-08 0.622478 0.782637 0.0265307 0.0900155 -2.26856e-10 -0.000863182 0.000252215 -0.432949 -5.85674e-06 3.59151e-07 1.49631e-13 -1.4164e-13 -7.15467e-12 2.13361e-05
201.973 -4.15616e-10 -5.25697e-10 0.55 -7.26213e-14 -3.02023e-12 -7.01976e-11 1 -0.143799 0.0434395 0.578 -1.07931e-09 -1.21266e-09 0.594728 0.803927 0.0127898 -7.52182e-05 1.10955e-08 4.72673e-07 0.000122592 -0.0135604 -2.27263e-07 7.6674e-07 -6.09158e-13 -2.93599e-12 1.32467e-12 8.27657e-07
202.398 -4.30758e-09 -1.16483e-08 0.55 1.4389e-11 -9.42538e-12 -7.31335e-10 1 -0.144279 0.0418173 0.578 3.54951e-09 -5.88989e-09 0.599245 0.800566 0.0161097 0.0422333 1.70897e-09 -0.000402783 0.000152765 -0.207358 -2.81748e-06 2.2284e-07 -1.43696e-13 -8.82183e-13 1.15477e-10 1.02642e-05
202.876 -5.89363e-09 -1.81975e-08 0.55 2.31433e-11 -1.23735e-11 -1.00215e-09 1 -0.145364 0.037872 0.578 6.17628e-09 -8.62489e-09 0.610093 0.79233 0.0183358 0.0687665 -3.54204e-09 -0.000659389 0.000174152 -0.329454 -4.44992e-06 1.41897e-08 2.66295e-13 7.65251e-13 -5.95857e-12 1.62111e-05
203.356 -4.55245e-09 -1.35368e-08 0.55 1.70894e-11 -9.66646e-12 -7.73771e-10 1 -0.145056 0.0390344 0.578 4.47373e-09 -6.52712e-09 0.606917 0.794765 0.0149942 0.0510872 -7.59786e-10 -0.000489883 0.000142534 -0.246066 -3.32834e-06 6.84433e-08 8.0155e-14 9.22717e-14 -3.81724e-12 1.21252e-05
203.898 -1.12639e-10 -1.42637e-10 0.55 -1.71661e-14 -7.8585e-13 -1.902e-11 1 -0.143392 0.0447628 0.578 -2.77136e-10 -3.15229e-10 0.591018 0.806659 0.00332087 1.9037e-05 2.82038e-09 -2.39237e-07 3.18273e-05 -0.00384989 -6.33622e-08 1.97743e-07 -1.55438e-13 -7.38499e-13 7.42162e-13 2.30844e-07
204.413 -2.66257e-09 -6.97753e-09 0.55 8.64532e-12 -5.51715e-12 -4.51852e-10 1 -0.14384 0.043303 0.578 2.25325e-09 -3.44243e-09 0.595109 0.803645 0.00862513 0.0259429 1.31483e-10 -0.000248787 8.20676e-05 -0.126079 -1.70883e-06 4.42506e-08 -4.28906e-15 -1.0581e-13 -1.70183e-12 6.22529e-06
204.931 -3.29385e-09 -9.05686e-09 0.55 1.13456e-11 -6.73625e-12 -5.59317e-10 1 -0.144286 0.041793 0.578 3.03415e-09 -4.36555e-09 0.599313 0.800515 0.010029 0.034323 -8.57148e-10 -0.000329134 9.53315e-05 -0.165307 -2.23583e-06 8.73303e-11 6.19466e-14 1.44375e-13 -2.88672e-12 8.14515e-06
205.453 -1.85392e-09 -4.86953e-09 0.55 6.03263e-12 -3.85309e-12 -3.14631e-10 1 -0.143854 0.0432565 0.578 1.56696e-09 -2.40567e-09 0.595239 0.803549 0.00617494 0.0185831 3.13869e-10 -0.000178209 5.87546e-05 -0.090307 -1.22397e-06 3.2755e-08 -1.43837e-14 -1.13612e-13 -1.24472e-12 4.45896e-06
205.92 4.969e-10 1.25274e-09 0.55 -1.59264e-12 8.50345e-13 8.42711e-11 1 -0.143 0.0459985 0.578 -4.9441e-10 5.5523e-10 0.587532 0.809201 -0.000743055 -0.0048756 6.22162e-10 4.67465e-05 -7.01158e-06 0.0226711 3.04326e-07 4.97567e-08 -3.2801e-14 -1.51934e-13 8.06158e-13 -1.10864e-06
206.418 -1.54381e-09 -3.9384e-09 0.55 4.87286e-12 -3.13013e-12 -2.61897e-10 1 -0.143503 0.0444054 0.578 1.29238e-09 -1.93317e-09 0.592022 0.805922 0.00475471 0.0147839 -8.52876e-11 -0.000141779 4.5232e-05 -0.0716795 -9.70974e-07 8.39898e-09 1.57477e-15 -3.28854e-14 -1.39207e-12 3.53726e-06
206.858 -1.76235e-09 -4.57106e-09 0.55 5.67767e-12 -3.55874e-12 -2.99034e-10 1 -0.143668 0.0438689 0.578 1.51863e-09 -2.22588e-09 0.593527 0.804814 0.00532683 0.0173001 -2.10501e-10 -0.000165902 5.06565e-05 -0.0836137 -1.13183e-06 4.28567e-11 1.34522e-14 9.30687e-15 -1.45685e-12 4.12327e-06
207.302 -1.13279e-09 -2.88857e-09 0.55 3.57272e-12 -2.2995e-12 -1.9217e-10 1 -0.143494 0.0444362 0.578 9.45927e-10 -1.41925e-09 0.591935 0.805985 0.003553 0.0110164 5.1609e-11 -0.000105644 3.37993e-05 -0.0534249 -7.23725e-07 6.88809e-09 -4.2281e-15 -3.39181e-14 -7.79792e-13 2.63655e-06
207.742 -8.38231e-12 -1.13608e-11 0.55 7.66686e-16 -5.38191e-14 -1.41563e-12 1 -0.143098 0.0456939 0.578 -1.7887e-11 -2.1804e-11 0.588393 0.808575 0.000214654 -1.94349e-05 2.13308e-10 1.85541e-07 2.05662e-06 -0.000163574 -2.95783e-09 1.31478e-08 -1.02946e-14 -4.29024e-14 2.08469e-13 1.07891e-08
208.182 -6.4038e-10 -1.5897e-09 0.55 1.95823e-12 -1.29067e-12 -1.08596e-10 1 -0.143187 0.0454152 0.578 5.19142e-10 -7.84412e-10 0.58918 0.808002 0.00194736 0.00589877 -2.2256e-10 -5.66749e-05 1.85615e-05 -0.0286592 -3.88389e-07 3.61197e-09 1.04343e-14 1.9235e-14 -5.99262e-12 1.4149e-06
