29.455 -8.65085e-16 -2.498e-15 0.55 -4.3029e-17 -1.52806e-16 -1.4291e-16 1 -0.143008 0.0460026 0.578 -8.07968e-14 -5.92567e-14 0.587528 0.809204 7.73905e-07 -2.49878e-07 5.04613e-12 2.33044e-09 7.22394e-09 2.03429e-07 -1.26729e-13 2.71072e-11 -2.48325e-16 -1.05648e-17 -4.49705e-18 4.6242e-13
30.109 -7.14659e-16 -2.13718e-15 0.55 -3.87784e-17 -1.36731e-16 -1.18064e-16 1 -0.143007 0.0460023 0.578 -7.24015e-14 -5.29721e-14 0.587528 0.809204 6.929e-07 -2.24415e-07 6.29726e-12 2.0929e-09 6.46791e-09 1.85331e-07 -7.35719e-14 2.42783e-11 -2.98728e-16 -1.12999e-17 4.09542e-18 2.61273e-13
30.749 -5.73979e-16 -1.66533e-15 0.55 -3.41645e-17 -1.19134e-16 -9.48269e-17 1 -0.143006 0.046002 0.578 -6.32495e-14 -4.60508e-14 0.587528 0.809204 6.04034e-07 -1.96238e-07 -1.75879e-12 1.84049e-09 5.63441e-09 1.64268e-07 -2.63151e-14 2.11686e-11 -4.21918e-17 1.59047e-18 4.55264e-16 9.68859e-14
31.363 -5.38294e-16 -1.63758e-15 0.55 -2.85828e-17 -1.00981e-16 -8.89272e-17 1 -0.143005 0.0460017 0.578 -5.34508e-14 -3.91293e-14 0.587528 0.809204 5.11549e-07 -1.65584e-07 1.75641e-12 1.54457e-09 4.77444e-09 1.36281e-07 -6.01832e-14 1.79224e-11 -1.43737e-16 1.05089e-17 -6.34289e-18 2.17778e-13
31.993 -4.12355e-16 -1.249e-15 0.55 -2.30312e-17 -8.09027e-17 -6.81232e-17 1 -0.143004 0.0460014 0.578 -4.28686e-14 -3.1342e-14 0.587528 0.809204 4.10386e-07 -1.33081e-07 8.01366e-12 1.23985e-09 3.8315e-09 1.10351e-07 -3.33069e-14 1.43805e-11 1.8646e-15 -7.22107e-18 -1.28496e-17 1.27566e-13
32.526 -3.02187e-16 -8.60423e-16 0.55 -1.15692e-17 -6.52508e-17 -6.16174e-17 1 -0.143003 0.0460011 0.578 -3.09383e-14 -2.79462e-14 0.587528 0.809204 3.19997e-07 -1.03696e-07 -4.63903e-12 5.97211e-10 3.10644e-09 8.7511e-08 -1.91271e-14 1.12121e-11 3.53909e-17 2.52749e-17 -1.95276e-14 2.49567e-14
33 -2.49209e-16 -7.77156e-16 0.55 -1.32735e-17 -4.69255e-17 -4.11699e-17 1 -0.143003 0.0460008 0.578 -2.48362e-14 -1.81798e-14 0.587528 0.809204 2.3762e-07 -7.69176e-08 2.62516e-12 7.17156e-10 2.21803e-09 6.33535e-08 -2.65826e-14 8.32416e-12 -2.10913e-16 1.33501e-18 -1.0621e-18 9.87023e-14
33.524 -1.68453e-16 -5.55112e-16 0.55 -8.02866e-18 -2.85703e-17 -2.78276e-17 1 -0.143002 0.0460005 0.578 -1.5099e-14 -1.1088e-14 0.587528 0.809204 1.4522e-07 -4.68073e-08 7.67782e-12 4.35125e-10 1.35694e-09 3.78117e-08 -2.85019e-14 5.08478e-12 -3.81363e-16 -2.55205e-17 2.3726e-18 1.0871e-13
34.06 -5.73284e-17 -2.22045e-16 0.55 -2.68171e-18 -9.54376e-18 -9.47031e-18 1 -0.143001 0.0460002 0.578 -5.04312e-15 -3.70603e-15 0.587528 0.809204 4.97746e-08 -1.6035e-08 -1.92967e-11 1.53679e-10 4.60906e-10 1.28977e-08 -1.07176e-14 1.74259e-12 -2.16682e-16 4.16357e-17 -7.07303e-18 3.8796e-14
34.619 -1.40696e-15 -4.10783e-15 0.55 2.27704e-17 8.38527e-17 -2.32335e-16 1 -0.143 0.046 0.578 4.45108e-14 2.99508e-14 0.587528 0.809204 8.97579e-09 1.34102e-08 1.17394e-09 5.8603e-10 3.59382e-09 -7.05292e-08 -1.00194e-12 1.5439e-13 8.10577e-14 2.34673e-13 1.38141e-15 3.65033e-12
35.217 -2.78616e-15 -8.07687e-15 0.55 1.07239e-17 -6.34592e-18 -4.60085e-16 1 -0.143 0.046 0.578 1.40981e-15 -4.86609e-15 0.587528 0.809204 2.30661e-08 2.60232e-08 -6.03245e-13 -2.50357e-10 2.16898e-10 -1.43447e-07 -1.99377e-12 4.6428e-13 2.97317e-17 -1.72579e-18 6.73202e-18 7.25947e-12
35.838 -1.53763e-15 -4.4964e-15 0.55 5.0146e-18 -6.46153e-18 -2.53913e-16 1 -0.143 0.0460001 0.578 -8.14076e-16 -3.81727e-15 0.587528 0.809204 2.78563e-08 9.55027e-09 2.77016e-11 -9.91945e-11 2.65991e-10 -7.54715e-08 -1.10697e-12 7.85485e-13 -1.04773e-16 -6.05111e-17 8.34412e-18 4.03008e-12
36.374 -3.83546e-16 -1.11022e-15 0.55 5.12099e-17 -2.30733e-17 -9.85557e-17 1 -0.143 0.0460001 0.578 1.74992e-14 -3.06392e-14 0.587528 0.809204 3.16041e-08 -5.12704e-09 8.97401e-13 -3.95455e-09 1.59063e-09 -8.85538e-09 -2.67754e-13 1.05499e-12 2.65089e-16 3.55394e-16 -2.10157e-13 8.41692e-13
36.908 -1.34374e-15 -3.88578e-15 0.55 3.30107e-18 -9.14126e-18 -2.21897e-16 1 -0.143 0.0460001 0.578 -2.59543e-15 -4.67539e-15 0.587528 0.809204 4.19591e-08 2.09694e-09 -6.60169e-13 -2.30064e-11 3.92443e-10 -5.88715e-08 -9.3555e-13 1.30738e-12 3.26043e-17 -2.81655e-18 1.06204e-18 3.41158e-12
37.559 -1.14878e-15 -3.38618e-15 0.55 1.98701e-18 -1.05292e-17 -1.89705e-16 1 -0.143 0.0460001 0.578 -3.68099e-15 -5.03622e-15 0.587528 0.809204 4.97152e-08 -2.66903e-09 -6.0576e-13 2.20277e-11 4.64712e-10 -4.66952e-08 -8.03739e-13 1.60367e-12 2.97865e-17 -3.42944e-18 3.89751e-18 2.9271e-12
38.178 2.94248e-17 5.55112e-17 0.55 -3.334e-18 -1.03955e-17 4.85506e-18 1 -0.143001 0.0460002 0.578 -5.65109e-15 -3.95511e-15 0.587528 0.809204 5.28872e-08 -1.78719e-08 -4.61134e-13 1.67097e-10 4.93515e-10 1.74886e-08 3.78645e-14 1.86108e-12 2.25136e-17 -2.85191e-18 1.49379e-18 -1.40043e-13
38.65 -5.82086e-16 -1.66533e-15 0.55 -1.11463e-18 -1.22292e-17 -9.61254e-17 1 -0.143001 0.0460002 0.578 -5.57885e-15 -5.19144e-15 0.587528 0.809204 6.02315e-08 -1.32246e-08 -4.45387e-13 1.21935e-10 5.62418e-10 -1.19697e-08 -3.79576e-13 2.0457e-12 2.2173e-17 3.00341e-18 5.67124e-19 1.38341e-12
39.165 -7.42644e-16 -2.13718e-15 0.55 -7.59513e-19 -1.34515e-17 -1.22639e-16 1 -0.143001 0.0460002 0.578 -5.9588e-15 -5.79975e-15 0.587528 0.809204 6.58831e-08 -1.31614e-08 -3.99829e-13 1.20859e-10 6.15334e-10 -1.89953e-08 -4.93478e-13 2.22486e-12 1.95197e-17 -1.81105e-18 -8.77545e-18 1.79823e-12
39.737 -3.86467e-16 -1.16573e-15 0.55 -2.54076e-18 -1.39558e-17 -6.38232e-17 1 -0.143001 0.0460002 0.578 -6.84916e-15 -5.68284e-15 0.587528 0.809204 6.97104e-08 -1.88101e-08 -7.49163e-13 1.7471e-10 6.50795e-10 1.76043e-09 -2.32015e-13 2.40457e-12 3.53601e-17 2.2166e-18 -3.73336e-18 8.4445e-13
40.254 -1.59595e-16 -4.71845e-16 0.55 2.70809e-18 -1.65011e-17 -2.63604e-17 1 -0.143001 0.0460002 0.578 -4.9634e-15 -9.1326e-15 0.587528 0.809204 7.2776e-08 -2.25441e-08 -4.14907e-13 -1.92574e-10 8.09598e-10 1.4923e-08 -6.48538e-14 2.53779e-12 -2.04409e-17 3.11069e-17 -1.76906e-14 2.35236e-13
40.768 -3.60957e-16 -9.99201e-16 0.55 -3.07207e-18 -1.53273e-17 -5.96111e-17 1 -0.143001 0.0460002 0.578 -7.63023e-15 -6.18422e-15 0.587528 0.809204 7.67004e-08 -2.14389e-08 -2.15965e-13 1.99293e-10 7.16019e-10 5.28158e-09 -2.09852e-13 2.65203e-12 1.04065e-17 -3.48828e-18 -2.59623e-18 7.65878e-13
41.367 -3.24031e-16 -9.99201e-16 0.55 -3.40029e-18 -1.585e-17 -5.35137e-17 1 -0.143001 0.0460003 0.578 -7.97553e-15 -6.35212e-15 0.587528 0.809204 7.94919e-08 -2.28106e-08 -1.79671e-13 2.12155e-10 7.42005e-10 8.11909e-09 -1.83051e-13 2.75544e-12 9.12932e-18 4.73276e-18 -2.69759e-18 6.66702e-13
42.018 -5.44124e-17 -2.22045e-16 0.55 -4.64262e-18 -1.59021e-17 -8.99119e-18 1 -0.143001 0.0460003 0.578 -8.47067e-15 -6.13637e-15 0.587528 0.809204 8.06367e-08 -2.63859e-08 -1.1379e-13 2.46578e-10 7.52467e-10 2.28897e-08 8.09975e-15 2.8283e-12 5.94946e-18 3.4392e-18 1.41552e-17 -3.40886e-14
42.499 -1.85522e-16 -4.996e-16 0.55 -4.14978e-18 -1.62384e-17 -3.06416e-17 1 -0.143001 0.0460003 0.578 -8.42483e-15 -6.37945e-15 0.587528 0.809204 8.19071e-08 -2.5326e-08 -2.92601e-13 2.36028e-10 7.64503e-10 1.64932e-08 -8.07856e-14 2.85782e-12 1.03441e-17 2.24437e-18 -4.30367e-18 2.95319e-13
43.031 -2.14975e-16 -5.82867e-16 0.55 -4.0378e-18 -1.63124e-17 -3.55053e-17 1 -0.143001 0.0460003 0.578 -8.41334e-15 -6.43359e-15 0.587528 0.809204 8.21998e-08 -2.50441e-08 1.48737e-14 2.3335e-10 7.67263e-10 1.49283e-08 -1.02452e-13 2.86371e-12 -6.23418e-19 1.22729e-18 1.65944e-18 3.72781e-13
43.521 -1.50766e-16 -4.996e-16 0.55 -4.27194e-18 -1.61246e-17 -2.49023e-17 1 -0.143001 0.0460003 0.578 -8.4234e-15 -6.30549e-15 0.587528 0.809204 8.14704e-08 -2.55566e-08 7.20565e-14 2.38358e-10 7.60392e-10 1.81084e-08 -5.78697e-14 2.84651e-12 -3.82169e-18 -2.63592e-18 3.88477e-18 2.08887e-13
44.003 -2.05169e-15 2.77556e-15 0.55 -8.04377e-18 -1.46758e-17 -7.95455e-15 1 -0.143001 0.0460003 0.578 -9.91638e-15 -4.01804e-15 0.587528 0.809204 7.99794e-08 -2.62804e-08 1.31246e-13 2.45406e-10 7.46411e-10 2.31145e-08 1.36689e-14 2.80612e-12 -6.59814e-18 -1.82685e-18 5.4122e-18 -4.91859e-14
44.543 -1.3571e-16 -3.33067e-16 0.55 -4.14368e-18 -1.54848e-17 -2.24158e-17 1 -0.143001 0.0460003 0.578 -8.10503e-15 -6.04701e-15 0.587528 0.809204 7.82511e-08 -2.46755e-08 1.90486e-13 2.30138e-10 7.30369e-10 1.7958e-08 -4.61703e-14 2.73463e-12 -9.63014e-18 -2.67509e-18 2.65125e-18 1.6882e-13
44.943 -1.40119e-16 -3.60822e-16 0.55 -4.00547e-18 -1.51027e-17 -2.31438e-17 1 -0.143001 0.0460002 0.578 -7.89131e-15 -5.90469e-15 0.587528 0.809204 7.63029e-08 -2.39727e-08 2.29694e-13 2.2347e-10 7.12221e-10 1.7082e-08 -5.20351e-14 2.66635e-12 -1.1197e-17 1.29047e-18 -1.82538e-19 1.89785e-13
45.387 -1.10058e-16 -3.60822e-16 0.55 -3.98522e-18 -1.45365e-17 -1.81794e-17 1 -0.143001 0.0460002 0.578 -7.64338e-15 -5.66501e-15 0.587528 0.809204 7.35175e-08 -2.34082e-08 2.08001e-13 2.18341e-10 6.86599e-10 1.78212e-08 -3.15707e-14 2.57325e-12 -1.32074e-17 9.59004e-19 2.57294e-19 1.14548e-13
45.83 -6.08081e-17 -2.22045e-16 0.55 -3.98336e-18 -1.3858e-17 -1.00465e-17 1 -0.143001 0.0460002 0.578 -7.35832e-15 -5.35858e-15 0.587528 0.809204 7.03055e-08 -2.28984e-08 3.26175e-13 2.13653e-10 6.56203e-10 1.93822e-08 1.67858e-15 2.46272e-12 -1.61268e-17 -6.18372e-19 -8.40831e-19 -1.71053e-15
46.281 -8.4021e-17 -1.94289e-16 0.55 -3.66492e-18 -1.31694e-17 -1.38795e-17 1 -0.143001 0.0460002 0.578 -6.94678e-15 -5.11536e-15 0.587528 0.809204 6.67433e-08 -2.14376e-08 4.99601e-13 1.99967e-10 6.23213e-10 1.70499e-08 -1.88739e-14 2.33753e-12 -2.50616e-17 -9.06023e-18 7.83392e-19 6.82578e-14
46.885 -8.7701e-17 -2.22045e-16 0.55 -3.31231e-18 -1.20762e-17 -1.44867e-17 1 -0.143001 0.0460002 0.578 -6.3518e-15 -4.69976e-15 0.587528 0.809204 6.11656e-08 -1.95098e-08 5.73889e-13 1.81884e-10 5.70967e-10 1.5025e-08 -2.54123e-14 2.14125e-12 -2.81879e-17 4.16438e-19 1.70821e-18 8.75582e-14
47.472 -6.16367e-17 -2.22045e-16 0.55 -3.05016e-18 -1.08391e-17 -1.01822e-17 1 -0.143001 0.0460002 0.578 -5.73043e-15 -4.20353e-15 0.587528 0.809204 5.49824e-08 -1.77244e-08 4.91307e-13 1.65378e-10 5.13041e-10 1.44165e-08 -1.02023e-14 1.92558e-12 -2.41823e-17 3.90272e-18 7.21396e-18 3.44676e-14
48.007 -5.14331e-17 -1.11022e-16 0.55 -2.71038e-18 -9.62864e-18 -8.49685e-18 1 -0.143 0.0460002 0.578 -5.08904e-15 -3.73619e-15 0.587528 0.809204 4.88134e-08 -1.57841e-08 4.96722e-13 1.46814e-10 4.55804e-10 1.30058e-08 -5.5303e-15 1.70959e-12 -2.47691e-17 -2.5579e-18 -1.89342e-17 1.9484e-14
48.421 -5.52164e-17 -1.11022e-16 0.55 -2.41841e-18 -8.6345e-18 -9.12121e-18 1 -0.143 0.0460001 0.578 -4.55912e-15 -3.35705e-15 0.587528 0.809204 4.37604e-08 -1.40449e-08 5.07598e-13 1.31e-10 4.08494e-10 1.11612e-08 -1.22443e-14 1.53245e-12 -2.53161e-17 -1.95922e-18 3.86794e-18 4.26545e-14
48.826 -5.10609e-17 -1.11022e-16 0.55 -2.10669e-18 -7.61473e-18 -8.43462e-18 1 -0.143 0.0460001 0.578 -4.0122e-15 -2.95943e-15 0.587528 0.809204 3.85497e-08 -1.23601e-08 5.38115e-13 1.15101e-10 3.59898e-10 9.70229e-09 -1.13929e-14 1.34904e-12 -2.66953e-17 -2.58029e-18 -6.37056e-18 4.39839e-14
49.297 -3.72776e-17 -1.11022e-16 0.55 -1.78628e-18 -6.36816e-18 -6.1581e-18 1 -0.143 0.0460001 0.578 -3.36465e-15 -2.47037e-15 0.587528 0.809204 3.22349e-08 -1.03796e-08 6.88097e-13 9.68808e-11 3.01192e-10 8.40317e-09 -6.21826e-15 1.12837e-12 -3.50973e-17 -1.67783e-17 3.07216e-18 2.25743e-14
49.825 -2.48525e-17 -2.77556e-17 0.55 -1.16996e-18 -4.98651e-18 -4.10583e-18 1 -0.143 0.0460001 0.578 -2.5141e-15 -2.02379e-15 0.587528 0.809204 2.49445e-08 -8.08004e-09 7.39372e-13 6.25811e-11 2.37157e-10 6.7209e-09 -2.35789e-15 8.73531e-13 -3.70236e-17 -1.02956e-17 -6.68326e-16 6.88742e-15
50.432 -2.31147e-17 -2.77556e-17 0.55 -8.78642e-19 -3.21101e-18 -3.81817e-18 1 -0.143 0.0460001 0.578 -1.68835e-15 -1.24897e-15 0.587528 0.809204 1.63593e-08 -5.2487e-09 5.9674e-13 4.85965e-11 1.52844e-10 4.03469e-09 -5.6032e-15 5.73726e-13 -2.92641e-17 2.35234e-18 -1.03958e-17 2.28187e-14
50.959 -1.45788e-17 -2.77556e-17 0.55 -4.50848e-19 -1.69153e-18 -2.40805e-18 1 -0.143 0.046 0.578 -8.8498e-16 -6.59716e-16 0.587528 0.809204 8.58036e-09 -2.67562e-09 5.62018e-13 2.50804e-11 7.99187e-11 1.9844e-09 -6.01762e-15 3.0573e-13 -3.56942e-17 3.15213e-18 2.31642e-18 1.84215e-14
51.483 -1.52908e-18 -2.77556e-17 0.55 -8.32801e-20 -1.39858e-19 -2.52565e-19 1 -0.143 0.046 0.578 -8.6244e-17 -6.44704e-17 0.587528 0.809204 8.36799e-10 -2.55221e-10 6.21938e-13 2.31566e-12 7.86555e-12 1.84057e-10 6.94694e-16 2.79708e-14 -3.0747e-17 -1.43458e-18 2.55357e-18 2.19261e-15
51.953 -1.60106e-16 -4.16334e-16 0.55 5.92343e-19 -4.66552e-19 -2.64386e-17 1 -0.143 0.046 0.578 2.85916e-17 -3.17951e-16 0.587528 0.809204 1.46463e-09 1.44002e-09 1.30773e-12 -1.29603e-11 1.81263e-11 -8.20236e-09 -1.13893e-13 3.11411e-14 -7.30271e-17 -2.17851e-16 -5.52988e-18 4.1489e-13
52.39 -2.35776e-16 -6.38378e-16 0.55 8.62913e-19 -6.80192e-19 -3.89343e-17 1 -0.143 0.046 0.578 4.19599e-17 -4.6655e-16 0.587528 0.809204 2.66071e-09 1.94347e-09 -8.68454e-14 -1.88867e-11 2.49989e-11 -1.18906e-08 -1.6732e-13 6.38295e-14 4.53616e-18 2.55924e-18 -5.51118e-18 6.11844e-13
52.887 -1.76796e-16 -5.55112e-16 0.55 5.54718e-19 -8.11526e-19 -2.91949e-17 1 -0.143 0.046 0.578 -1.30721e-16 -4.65428e-16 0.587528 0.809204 3.54182e-09 9.62394e-10 -9.22858e-14 -9.4895e-12 3.31764e-11 -8.50121e-09 -1.27016e-13 1.0346e-13 4.23679e-18 -3.13276e-18 -3.72025e-18 4.61485e-13
53.323 -4.11406e-17 -1.66533e-16 0.55 -6.26148e-20 -8.10195e-19 -6.79392e-18 1 -0.143 0.046 0.578 -3.65314e-16 -3.46207e-16 0.587528 0.809204 3.97995e-09 -8.25537e-10 -1.00478e-13 7.57795e-12 3.71666e-11 -1.01457e-09 -2.86931e-14 1.34958e-13 5.07037e-18 1.79557e-18 -1.54892e-18 1.02261e-13
53.835 -7.64907e-17 -1.66533e-16 0.55 2.02338e-20 -1.06246e-18 -1.26314e-17 1 -0.143 0.046 0.578 -4.40172e-16 -4.73476e-16 0.587528 0.809204 5.11892e-09 -8.19425e-10 -9.575e-14 7.49147e-12 4.78092e-11 -2.37394e-09 -4.99796e-14 1.70699e-13 4.35509e-18 -1.65505e-18 -3.41087e-18 1.87596e-13
54.296 -1.1937e-16 -3.05311e-16 0.55 1.43972e-19 -1.29764e-18 -1.97123e-17 1 -0.143 0.046 0.578 -4.92038e-16 -6.01369e-16 0.587528 0.809204 6.1807e-09 -6.46499e-10 -8.37261e-14 5.62912e-12 5.77651e-11 -4.45641e-09 -8.29015e-14 2.03832e-13 4.25298e-18 2.21867e-18 -2.76757e-18 2.97372e-13
54.751 -9.76449e-17 -3.05311e-16 0.55 2.36512e-21 -1.43519e-18 -1.61248e-17 1 -0.143 0.046 0.578 -6.04e-16 -6.34886e-16 0.587528 0.809204 6.95908e-09 -1.1393e-09 -7.69691e-14 1.03914e-11 6.49942e-11 -3.11596e-09 -6.69453e-14 2.32335e-13 3.89569e-18 1.04646e-18 6.8804e-19 2.43815e-13
55.241 -2.54301e-17 -1.38778e-16 0.55 -3.48229e-19 -1.5073e-18 -4.19988e-18 1 -0.143 0.046 0.578 -7.67928e-16 -5.99355e-16 0.587528 0.809204 7.56757e-09 -2.22428e-09 -2.61858e-14 2.06396e-11 7.06998e-11 9.77616e-10 -1.55317e-14 2.65111e-13 4.06908e-18 5.56156e-18 9.7416e-18 4.9057e-14
55.715 -3.66399e-17 -8.32667e-17 0.55 -3.49762e-19 -1.67514e-18 -6.05103e-18 1 -0.143 0.046 0.578 -8.39367e-16 -6.73097e-16 0.587528 0.809204 8.36199e-09 -2.39682e-09 -6.31087e-14 2.22969e-11 7.80601e-11 7.8249e-10 -1.95175e-14 2.89944e-13 3.11897e-18 2.71811e-19 4.36968e-19 7.36926e-14
56.097 -5.66649e-17 -1.11022e-16 0.55 -3.00764e-19 -1.81613e-18 -9.35785e-18 1 -0.143 0.046 0.578 -8.79982e-16 -7.45006e-16 0.587528 0.809204 9.03289e-09 -2.36981e-09 -5.30031e-14 2.18386e-11 8.44039e-11 -1.42378e-10 -3.29841e-14 3.09652e-13 2.38637e-18 -2.46445e-18 -1.02473e-17 1.27483e-13
56.523 -5.54241e-17 -1.11022e-16 0.55 -3.41965e-19 -1.93098e-18 -9.153e-18 1 -0.143 0.046 0.578 -9.44114e-16 -7.87817e-16 0.587528 0.809204 9.62493e-09 -2.55969e-09 -4.68015e-14 2.38123e-11 8.98376e-11 1.0093e-10 -3.43334e-14 3.32009e-13 2.16521e-18 -1.51205e-18 1.68529e-18 1.2344e-13
56.962 -3.18586e-17 -1.11022e-16 0.55 -4.73018e-19 -2.00835e-18 -5.26162e-18 1 -0.143 0.046 0.578 -1.02665e-15 -7.96796e-16 0.587528 0.809204 1.00956e-08 -2.99841e-09 -5.94792e-14 2.79868e-11 9.42425e-11 1.5105e-09 -1.69852e-14 3.5036e-13 2.8652e-18 -1.44957e-18 2.37756e-18 6.14014e-14
57.372 -3.18569e-16 7.21645e-16 0.55 -8.83696e-20 -2.23541e-18 -1.4953e-15 1 -0.143 0.046 0.578 -8.97729e-16 -1.0769e-15 0.587528 0.809204 1.04471e-08 -3.48041e-09 -3.70841e-14 3.25329e-11 9.74985e-11 3.24626e-09 5.60247e-15 3.66486e-13 2.07927e-18 1.51746e-18 1.79443e-18 -2.24657e-14
57.769 -2.72695e-17 -2.77556e-17 0.55 -5.42731e-19 -2.16833e-18 -4.50387e-18 1 -0.143 0.046 0.578 -1.12055e-15 -8.54259e-16 0.587528 0.809204 1.09206e-08 -3.36205e-09 -1.17354e-13 3.11908e-11 1.01977e-10 2.05725e-09 -1.20268e-14 3.80657e-13 5.92085e-18 2.89487e-18 -7.75996e-18 4.60633e-14
58.232 -3.34134e-17 -5.55112e-17 0.55 -5.39857e-19 -2.24996e-18 -5.51845e-18 1 -0.143 0.046 0.578 -1.15391e-15 -8.90748e-16 0.587528 0.809204 1.13155e-08 -3.41677e-09 -4.58473e-14 3.16958e-11 1.05673e-10 1.84731e-09 -1.67875e-14 3.9425e-13 2.56502e-18 4.2071e-18 -5.9051e-18 6.1488e-14
58.697 -2.63061e-17 -5.55112e-17 0.55 -5.87256e-19 -2.29898e-18 -4.34484e-18 1 -0.143 0.046 0.578 -1.19263e-15 -9.03283e-16 0.587528 0.809204 1.15985e-08 -3.57064e-09 -2.85087e-14 3.33768e-11 1.08224e-10 2.3163e-09 -1.35462e-14 4.04799e-13 1.38266e-18 5.52491e-20 4.87641e-18 4.90188e-14
59.154 -1.16694e-17 -5.55112e-17 0.55 -6.6104e-19 -2.3208e-18 -1.92786e-18 1 -0.143 0.046 0.578 -1.22999e-15 -8.98671e-16 0.587528 0.809204 1.17603e-08 -3.79347e-09 -2.51102e-14 3.55603e-11 1.09702e-10 3.15064e-09 -8.42647e-16 4.12635e-13 -1.27262e-19 -1.91058e-18 -1.91889e-18 3.23186e-15
59.618 -1.77692e-17 0 0.55 -6.42853e-19 -2.35478e-18 -2.93515e-18 1 -0.143 0.046 0.578 -1.23729e-15 -9.17303e-16 0.587528 0.809204 1.19124e-08 -3.78233e-09 -8.89202e-15 3.53548e-11 1.11147e-10 2.89062e-09 -5.02468e-15 4.16107e-13 5.44316e-19 1.00493e-18 3.27233e-18 1.87111e-14
60.107 -2.14524e-17 0 0.55 -6.30058e-19 -2.36879e-18 -3.54336e-18 1 -0.143 0.046 0.578 -1.23828e-15 -9.26001e-16 0.587528 0.809204 1.19739e-08 -3.75386e-09 1.83875e-15 3.51149e-11 1.11693e-10 2.71123e-09 -8.06445e-15 4.18181e-13 9.51428e-20 2.39779e-18 5.30927e-18 2.81919e-14
60.572 -1.84486e-17 0 0.55 -6.40347e-19 -2.35599e-18 -3.04733e-18 1 -0.143 0.046 0.578 -1.23691e-15 -9.18203e-16 0.587528 0.809204 1.19186e-08 -3.77162e-09 9.08914e-15 3.53033e-11 1.1121e-10 2.8484e-09 -6.30237e-15 4.16686e-13 -4.48045e-19 -4.72742e-19 5.68254e-18 2.19351e-14
61.047 -1.13672e-17 0 0.55 -6.61478e-19 -2.32041e-18 -1.87795e-18 1 -0.143 0.046 0.578 -1.22993e-15 -8.98441e-16 0.587528 0.809204 1.17535e-08 -3.83213e-09 2.44427e-14 3.55933e-11 1.0976e-10 3.17384e-09 -6.22795e-16 4.11956e-13 -1.07611e-18 5.72097e-19 -7.47401e-18 3.06213e-15
61.499 -1.36863e-17 0 0.55 -6.39303e-19 -2.2825e-18 -2.2609e-18 1 -0.143 0.046 0.578 -1.20552e-15 -8.85919e-16 0.587528 0.809204 1.15528e-08 -3.73274e-09 3.38596e-14 3.47054e-11 1.07883e-10 2.99659e-09 -5.18244e-16 4.03734e-13 -2.12615e-18 -5.52147e-18 -9.53208e-18 8.93374e-15
61.88 -1.53495e-17 0 0.55 -6.18158e-19 -2.23873e-18 -2.53552e-18 1 -0.143 0.046 0.578 -1.17901e-15 -8.70641e-16 0.587528 0.809204 1.13289e-08 -3.61836e-09 2.09566e-15 3.37863e-11 1.05745e-10 2.82973e-09 -4.26638e-15 3.96802e-13 -7.05288e-20 1.73377e-18 2.73762e-18 1.39075e-14
62.392 -1.41907e-17 0 0.55 -5.98631e-19 -2.15743e-18 -2.34414e-18 1 -0.143 0.046 0.578 -1.13735e-15 -8.38383e-16 0.587528 0.809204 1.09168e-08 -3.50002e-09 3.53682e-14 3.26513e-11 1.01895e-10 2.76001e-09 -3.13235e-15 3.82285e-13 -2.09162e-18 -3.33653e-18 -2.28693e-19 1.18323e-14
62.808 -1.10781e-17 0 0.55 -5.87687e-19 -2.07534e-18 -1.83012e-18 1 -0.143 0.046 0.578 -1.09861e-15 -8.04153e-16 0.587528 0.809204 1.05248e-08 -3.39924e-09 4.44845e-14 3.17562e-11 9.82263e-11 2.79983e-09 -1.90089e-15 3.69158e-13 -2.42664e-18 -2.59128e-18 2.18961e-18 4.63185e-15
63.252 -1.0016e-17 -2.77556e-17 0.55 -5.50068e-19 -1.98147e-18 -1.6547e-18 1 -0.143 0.046 0.578 -1.04288e-15 -7.72428e-16 0.587528 0.809204 1.00238e-08 -3.25017e-09 5.80693e-14 2.97932e-11 9.37433e-11 2.70121e-09 1.98793e-16 3.50023e-13 -3.32305e-18 -5.30296e-18 -2.92701e-17 2.76506e-15
63.731 -1.10316e-17 -2.77556e-17 0.55 -5.21794e-19 -1.86087e-18 -1.82237e-18 1 -0.143 0.046 0.578 -9.83102e-16 -7.22053e-16 0.587528 0.809204 9.43659e-09 -3.04429e-09 6.40579e-14 2.83696e-11 8.8084e-11 2.45433e-09 -1.69832e-15 3.30027e-13 -2.18932e-18 1.57107e-18 -6.98556e-19 6.95903e-15
64.236 -1.02289e-17 -2.77556e-17 0.55 -4.82353e-19 -1.72041e-18 -1.68977e-18 1 -0.143 0.046 0.578 -9.08904e-16 -6.67499e-16 0.587528 0.809204 8.71561e-09 -2.80191e-09 5.66532e-14 2.62096e-11 8.13328e-11 2.26467e-09 -1.95749e-15 3.04998e-13 -2.51942e-18 2.49111e-18 3.59405e-18 6.43664e-15
64.734 -7.84969e-18 -2.77556e-17 0.55 -4.45289e-19 -1.56543e-18 -1.29682e-18 1 -0.143 0.046 0.578 -8.29438e-16 -6.06162e-16 0.587528 0.809204 7.94032e-09 -2.57732e-09 8.54934e-14 2.4014e-11 7.41228e-11 2.14083e-09 -7.44558e-16 2.78894e-13 -4.3769e-18 -2.60494e-18 -2.05565e-18 2.1555e-15
65.223 -6.99379e-18 0 0.55 -3.99833e-19 -1.40302e-18 -1.15542e-18 1 -0.143 0.046 0.578 -7.43755e-16 -5.42997e-16 0.587528 0.809204 7.12158e-09 -2.31834e-09 6.75667e-14 2.15519e-11 6.64718e-11 1.92568e-09 2.92542e-16 2.49341e-13 -3.6389e-18 -2.07566e-18 -3.9148e-18 1.70327e-15
65.714 -6.73782e-18 0 0.55 -3.46951e-19 -1.2304e-18 -1.11309e-18 1 -0.143 0.046 0.578 -6.50735e-16 -4.77021e-16 0.587528 0.809204 6.24962e-09 -2.01636e-09 7.37988e-14 1.8832e-11 5.83109e-11 1.65153e-09 -1.23093e-15 2.18699e-13 -3.62327e-18 5.81246e-19 2.13964e-18 1.06714e-15
66.363 -5.29672e-18 0 0.55 -2.78669e-19 -9.85621e-19 -8.75027e-19 1 -0.143 0.046 0.578 -5.21616e-16 -3.8188e-16 0.587528 0.809204 5.01643e-09 -1.61715e-09 8.49309e-14 1.51073e-11 4.68124e-11 1.33311e-09 -1.65421e-15 1.755e-13 -4.36679e-18 -2.21181e-18 8.43881e-18 2.1017e-15
66.92 -8.27452e-18 0 0.55 -2.09031e-19 -7.67427e-19 -1.43249e-17 1 -0.143 0.046 0.578 -4.02586e-16 -2.99559e-16 0.587528 0.809204 3.89252e-09 -1.26339e-09 9.19408e-14 1.17859e-11 3.63402e-11 1.07949e-09 1.38968e-15 1.35279e-13 -3.85589e-18 1.29312e-18 -1.04666e-17 -2.37759e-16
67.512 -3.02603e-18 2.77556e-17 0.55 -1.47292e-19 -5.23198e-19 -4.9989e-19 1 -0.143 0.046 0.578 -2.7675e-16 -2.02632e-16 0.587528 0.809204 2.6473e-09 -8.71866e-10 7.54352e-14 7.99674e-12 2.47694e-11 6.98005e-10 5.77813e-17 9.34018e-14 -3.64751e-18 1.42535e-18 -5.95249e-18 1.59374e-15
68.13 -1.586e-18 2.77556e-17 0.55 -7.32293e-20 -2.6384e-19 -2.61998e-19 1 -0.143 0.046 0.578 -1.3913e-16 -1.02342e-16 0.587528 0.809204 1.34267e-09 -4.44636e-10 8.53644e-14 3.95582e-12 1.26075e-11 3.44076e-10 -7.28639e-17 4.70351e-14 -4.02036e-18 2.70241e-18 -8.13875e-18 1.32323e-15
68.734 -2.13576e-20 2.77556e-17 0.55 -1.80437e-21 -7.94707e-21 -3.52969e-21 1 -0.143 0.046 0.578 -4.07607e-18 -2.98057e-18 0.587528 0.809204 5.60777e-11 -1.23364e-11 8.0561e-14 1.56332e-13 5.19764e-13 1.47246e-11 -7.72533e-17 1.9692e-15 -4.06739e-18 -9.56953e-20 2.20497e-18 -5.73847e-18
69.339 -2.7625e-18 -5.55112e-17 0.55 -2.48687e-22 -4.10343e-20 -4.56192e-19 1 -0.143 0.046 0.578 -1.74054e-17 -1.8081e-17 0.587528 0.809204 1.96245e-10 -3.19987e-11 -2.3717e-14 3.25389e-13 1.83389e-12 -8.1559e-11 -1.78563e-15 7.12034e-15 1.21986e-18 6.61922e-19 4.36244e-19 6.55953e-15
69.934 -2.92399e-18 -5.55112e-17 0.55 -1.11241e-20 -7.86212e-20 -4.82873e-19 1 -0.143 0.046 0.578 -3.73889e-17 -3.26141e-17 0.587528 0.809204 3.84229e-10 -1.03993e-10 -1.53514e-14 8.79488e-13 3.62725e-12 -3.64175e-11 -2.04781e-15 1.37609e-14 5.60462e-19 -1.81597e-18 -5.30638e-18 6.96309e-15
70.592 -7.50632e-19 -5.55112e-17 0.55 -3.33431e-20 -1.16021e-19 -1.23997e-19 1 -0.143 0.046 0.578 -6.17053e-17 -4.47762e-17 0.587528 0.809204 5.87205e-10 -1.88538e-10 -1.71276e-14 1.7901e-12 5.45867e-12 1.4818e-10 -1.13804e-15 2.13985e-14 8.89625e-19 5.73603e-19 2.72946e-18 6.53847e-16
71.228 -1.97437e-18 2.77556e-17 0.55 -3.87281e-20 -1.55319e-19 -3.26089e-19 1 -0.143 0.046 0.578 -8.01929e-17 -6.12524e-17 0.587528 0.809204 7.86875e-10 -2.23872e-10 -2.0279e-14 2.23901e-12 7.28374e-12 1.49242e-10 -8.70465e-16 2.68212e-14 9.24214e-19 -1.21638e-19 6.57889e-18 3.14217e-15
71.849 -2.23881e-18 2.77556e-17 0.55 -4.8631e-20 -1.90014e-19 -3.6977e-19 1 -0.143 0.046 0.578 -9.86526e-17 -7.45895e-17 0.587528 0.809204 9.6002e-10 -2.877e-10 -2.02484e-14 2.76416e-12 8.92547e-12 1.91071e-10 -2.63783e-15 3.46377e-14 7.98393e-19 -1.57191e-19 3.80511e-18 3.45422e-15
72.468 -1.11881e-18 2.77556e-17 0.55 -6.35855e-20 -2.20325e-19 -1.84833e-19 1 -0.143 0.046 0.578 -1.17194e-16 -8.50203e-17 0.587528 0.809204 1.11243e-09 -3.69506e-10 -2.47512e-14 3.4373e-12 1.03813e-11 2.9274e-10 4.34993e-17 3.89638e-14 1.36958e-18 2.62757e-18 6.49778e-19 7.16458e-16
73.086 -1.70805e-18 2.77556e-17 0.55 -6.94654e-20 -2.50073e-19 -2.82146e-19 1 -0.143 0.046 0.578 -1.31896e-16 -9.71374e-17 0.587528 0.809204 1.26126e-09 -4.20006e-10 -1.93113e-15 3.77779e-12 1.18134e-11 3.14934e-10 1.76703e-16 4.4355e-14 1.34171e-19 4.41191e-20 -8.11029e-18 1.66834e-15
73.729 -1.93532e-18 2.77556e-17 0.55 -7.65428e-20 -2.77343e-19 -3.19686e-19 1 -0.143 0.046 0.578 -1.46041e-16 -1.079e-16 0.587528 0.809204 1.39849e-09 -4.57403e-10 -1.39295e-14 4.16219e-12 1.30896e-11 3.47722e-10 1.31151e-16 4.85371e-14 8.45946e-19 1.94959e-18 -4.6794e-18 1.87332e-15
74.36 -1.46411e-18 2.77556e-17 0.55 -8.65927e-20 -2.9893e-19 -2.41883e-19 1 -0.143 0.046 0.578 -1.59151e-16 -1.15244e-16 0.587528 0.809204 1.51492e-09 -4.95018e-10 7.86756e-15 4.65702e-12 1.41365e-11 4.10096e-10 -4.34237e-17 5.3271e-14 -6.157e-19 -3.83563e-18 6.43668e-19 3.51609e-16
74.996 -1.72835e-18 2.77556e-17 0.55 -8.97558e-20 -3.18288e-19 -2.85525e-19 1 -0.143 0.046 0.578 -1.683e-16 -1.23484e-16 0.587528 0.809204 1.61054e-09 -5.24201e-10 -1.42252e-14 4.8372e-12 1.50412e-11 4.28049e-10 -7.75105e-17 5.63617e-14 8.37845e-19 2.17165e-18 -2.35604e-18 7.53414e-16
75.587 -1.75805e-18 2.77556e-17 0.55 -9.45435e-20 -3.31498e-19 -2.90433e-19 1 -0.143 0.046 0.578 -1.75807e-16 -1.28246e-16 0.587528 0.809204 1.68213e-09 -5.41666e-10 -7.98222e-15 5.09458e-12 1.56714e-11 4.43921e-10 -1.94957e-16 5.88955e-14 4.6684e-19 1.26354e-18 1.46992e-18 9.05895e-16
76.158 -1.62413e-18 2.77556e-17 0.55 -9.64204e-20 -3.41436e-19 -2.68323e-19 1 -0.143 0.046 0.578 -1.80476e-16 -1.3259e-16 0.587528 0.809204 1.72998e-09 -5.56994e-10 -1.61614e-14 5.17561e-12 1.61518e-11 4.68949e-10 -1.37854e-15 6.17846e-14 1.10249e-18 3.94677e-18 -4.18909e-19 3.14619e-16
76.702 -1.68646e-18 2.77556e-17 0.55 -9.89227e-20 -3.4674e-19 -2.78618e-19 1 -0.143 0.046 0.578 -1.83811e-16 -1.34264e-16 0.587528 0.809204 1.75944e-09 -5.6025e-10 -1.51134e-14 5.26681e-12 1.64217e-11 4.79278e-10 -9.13768e-16 6.26006e-14 4.85854e-19 -1.73135e-18 7.92705e-19 1.60681e-16
76.913 -1.71277e-18 2.77556e-17 0.55 -9.98496e-20 -3.47711e-19 -2.82963e-19 1 -0.143 0.046 0.578 -1.84674e-16 -1.34379e-16 0.587528 0.809204 1.76413e-09 -5.68345e-10 -1.31227e-14 5.3661e-12 1.64445e-11 4.78197e-10 7.13122e-16 6.10019e-14 3.41998e-19 -1.80528e-18 1.00844e-18 3.2165e-16
77.29 -1.75814e-18 2.77556e-17 0.55 -9.87256e-20 -3.49253e-19 -2.90455e-19 1 -0.143 0.046 0.578 -1.84724e-16 -1.35493e-16 0.587528 0.809204 1.77201e-09 -5.6305e-10 -1.13563e-14 5.3878e-12 1.64873e-11 4.7889e-10 -6.4293e-16 6.24802e-14 4.06745e-19 -4.97777e-19 6.7133e-18 3.42584e-16
77.971 -1.61223e-18 2.77556e-17 0.55 -9.90632e-20 -3.46294e-19 -2.6636e-19 1 -0.143 0.046 0.578 -1.83668e-16 -1.34054e-16 0.587528 0.809204 1.75291e-09 -5.76331e-10 -9.85941e-15 5.33316e-12 1.63679e-11 4.77223e-10 -1.32357e-17 6.19683e-14 5.12486e-19 1.44872e-18 -2.01222e-18 2.37326e-16
78.623 -1.55064e-18 2.77556e-17 0.55 -9.72564e-20 -3.38892e-19 -2.56186e-19 1 -0.143 0.046 0.578 -1.79893e-16 -1.31076e-16 0.587528 0.809204 1.71847e-09 -5.55753e-10 -3.72716e-15 5.21501e-12 1.60288e-11 4.70516e-10 8.44292e-16 5.93909e-14 -5.99229e-20 -1.68048e-18 3.66495e-19 9.22451e-17
79.279 -1.48263e-18 2.77556e-17 0.55 -9.37029e-20 -3.26664e-19 -2.44952e-19 1 -0.143 0.046 0.578 -1.7338e-16 -1.26352e-16 0.587528 0.809204 1.65516e-09 -5.39521e-10 1.34788e-15 5.02757e-12 1.54398e-11 4.5182e-10 1.2584e-16 5.80702e-14 -4.66868e-20 4.94912e-19 -2.21727e-19 1.86662e-16
79.948 -1.35883e-18 2.77556e-17 0.55 -8.87693e-20 -3.09189e-19 -2.24502e-19 1 -0.143 0.046 0.578 -1.64118e-16 -1.19601e-16 0.587528 0.809204 1.57271e-09 -4.96015e-10 7.3606e-15 4.77846e-12 1.4618e-11 4.32236e-10 -3.26293e-16 5.49602e-14 -3.40088e-19 5.37181e-19 7.94444e-18 -8.54697e-17
80.637 -1.2486e-18 2.77556e-17 0.55 -8.22179e-20 -2.86779e-19 -2.0629e-19 1 -0.143 0.046 0.578 -1.52157e-16 -1.10982e-16 0.587528 0.809204 1.45459e-09 -4.68291e-10 1.38616e-14 4.41553e-12 1.35625e-11 3.98798e-10 -1.61951e-15 5.12371e-14 -1.71693e-19 -1.30329e-18 5.53748e-19 2.25956e-15
81.269 -1.18378e-18 2.77556e-17 0.55 -7.45593e-20 -2.62282e-19 -1.95577e-19 1 -0.143 0.046 0.578 -1.3886e-16 -1.01698e-16 0.587528 0.809204 1.32781e-09 -4.29907e-10 7.93698e-15 3.99672e-12 1.24064e-11 3.63646e-10 6.11235e-17 4.65716e-14 -4.27312e-19 -5.13584e-19 -2.84522e-19 7.22717e-17
81.853 -1.09927e-18 2.77556e-17 0.55 -6.78146e-20 -2.35975e-19 -1.81614e-19 1 -0.143 0.046 0.578 -1.25333e-16 -9.11892e-17 0.587528 0.809204 1.19357e-09 -3.99318e-10 1.59899e-14 3.65003e-12 1.11542e-11 3.27963e-10 -1.11518e-16 4.2364e-14 -6.36534e-19 5.39606e-19 -3.79544e-18 9.40679e-17
82.463 -9.65238e-19 2.77556e-17 0.55 -5.78163e-20 -2.06673e-19 -1.59469e-19 1 -0.143 0.046 0.578 -1.08974e-16 -8.04168e-17 0.587528 0.809204 1.04996e-09 -3.32603e-10 2.41565e-14 3.12254e-12 9.79713e-12 2.87939e-10 -1.16961e-16 3.61836e-14 -1.16835e-18 -9.42342e-20 1.15941e-18 -1.27546e-17
83.073 -7.91281e-19 2.77556e-17 0.55 -4.98439e-20 -1.74199e-19 -1.30731e-19 1 -0.143 0.046 0.578 -9.24093e-17 -6.7386e-17 0.587528 0.809204 8.84069e-10 -2.84762e-10 -4.15583e-15 2.68783e-12 8.25072e-12 2.42379e-10 -7.17512e-16 3.11475e-14 5.93014e-19 4.74423e-18 3.76532e-18 2.1516e-17
83.7 -6.34888e-19 2.77556e-17 0.55 -3.97501e-20 -1.38745e-19 -1.04892e-19 1 -0.143 0.046 0.578 -7.3629e-17 -5.36524e-17 0.587528 0.809204 7.04736e-10 -2.31671e-10 1.8923e-14 2.13707e-12 6.58515e-12 1.93673e-10 3.40303e-16 2.48268e-14 -9.52832e-19 -4.12825e-19 -4.67904e-19 2.87302e-17
84.37 -4.61582e-19 2.77556e-17 0.55 -2.82465e-20 -9.92809e-20 -7.6259e-20 1 -0.143 0.046 0.578 -5.25984e-17 -3.84359e-17 0.587528 0.809204 5.01427e-10 -1.61528e-10 1.87281e-14 1.51411e-12 4.68983e-12 1.37646e-10 1.16049e-15 1.63342e-14 -5.65419e-19 -1.77335e-18 -1.55078e-18 2.3301e-17
84.976 -2.85872e-19 2.77556e-17 0.55 -1.76605e-20 -6.18624e-20 -4.72297e-20 1 -0.143 0.046 0.578 -3.2798e-17 -2.39442e-17 0.587528 0.809204 3.15322e-10 -1.02708e-10 1.64202e-14 9.55824e-13 2.93676e-12 8.64676e-11 1.09689e-15 1.02923e-14 -8.90572e-19 -6.18764e-19 -9.06677e-19 1.61171e-17
85.652 -4.16817e-20 2.77556e-17 0.55 -5.77539e-21 -1.9749e-20 -6.89019e-21 1 -0.143 0.046 0.578 -1.05277e-17 -7.59124e-18 0.587528 0.809204 1.01759e-10 -3.75973e-11 1.34652e-14 3.25129e-13 9.46584e-13 2.78604e-11 9.58002e-16 3.29307e-15 -6.93981e-19 1.03634e-22 -1.40696e-18 3.50307e-17
86.281 -3.44794e-19 -5.55112e-17 0.55 -2.25147e-20 -7.88931e-20 -5.69379e-20 1 -0.143 0.046 0.578 -4.14024e-17 -3.15982e-17 0.587528 0.809204 1.82965e-11 4.07693e-12 -3.0778e-12 1.38652e-12 1.70048e-12 -6.44989e-12 -9.04419e-16 8.60878e-16 1.46067e-16 -1.01925e-16 4.526e-18 5.0422e-16
86.956 -4.48341e-19 -5.55112e-17 0.55 -4.81278e-22 -1.02125e-20 -7.4039e-20 1 -0.143 0.046 0.578 -4.40034e-18 -4.54491e-18 0.587528 0.809204 4.64851e-11 -1.82351e-11 -3.51804e-15 1.32428e-13 4.48203e-13 -8.90169e-12 5.6038e-17 1.72276e-15 1.52961e-19 -1.05086e-19 -2.38588e-18 1.10391e-15
87.556 -2.29099e-19 -5.55112e-17 0.55 -3.56607e-21 -1.55377e-20 -3.78372e-20 1 -0.143 0.046 0.578 -7.88745e-18 -6.2051e-18 0.587528 0.809204 7.20581e-11 -3.44522e-11 -2.72818e-14 2.44657e-13 7.02186e-13 9.61453e-12 4.62268e-19 3.05643e-15 1.46215e-18 3.21982e-18 -2.61389e-18 5.87506e-16
88.167 -1.79557e-19 -2.77556e-17 0.55 -5.67546e-21 -2.08271e-20 -2.96584e-20 1 -0.143 0.046 0.578 -1.09466e-17 -8.11134e-18 0.587528 0.809204 1.0537e-10 -3.10813e-11 4.1496e-15 3.04456e-13 9.76742e-13 2.39596e-11 -4.09499e-16 3.6428e-15 -3.63055e-19 -1.81527e-18 4.83754e-19 2.30116e-16
88.672 -3.30102e-19 -2.77556e-17 0.55 -6.51635e-21 -2.51459e-20 -5.45198e-20 1 -0.143 0.046 0.578 -1.31241e-17 -9.7962e-18 0.587528 0.809204 1.26748e-10 -4.16578e-11 2.19461e-15 3.66786e-13 1.18803e-12 2.4057e-11 -4.9034e-16 4.39943e-15 1.82441e-19 -3.62755e-19 2.60955e-19 4.7288e-16
89.292 -2.53857e-19 -2.77556e-17 0.55 -8.59943e-21 -3.02091e-20 -4.19311e-20 1 -0.143 0.046 0.578 -1.60745e-17 -1.16041e-17 0.587528 0.809204 1.52219e-10 -4.97851e-11 -1.09484e-14 4.70284e-13 1.41457e-12 3.4224e-11 -1.46038e-15 7.12611e-15 6.60809e-19 1.91791e-18 2.23368e-18 3.83968e-16
89.893 -2.50553e-18 -2.77556e-17 0.55 -2.90358e-20 -2.84682e-20 -1.01033e-17 1 -0.143 0.046 0.578 -2.59703e-17 -3.00234e-18 0.587528 0.809204 -1.18592e-10 -9.65606e-10 -1.84162e-15 1.77785e-12 1.24107e-12 -1.93926e-11 7.04368e-16 6.65298e-15 9.33248e-19 2.05978e-18 2.55114e-17 -2.9042e-14
90.546 -2.50307e-19 -2.77556e-17 0.55 -9.68839e-21 -3.94707e-20 -4.13482e-20 1 -0.143 0.046 0.578 -2.01467e-17 -1.58316e-17 0.587528 0.809204 2.02091e-10 -5.00602e-11 6.31457e-15 5.58711e-13 1.84931e-12 5.03113e-11 7.44493e-17 5.99337e-15 -3.15467e-19 -1.50066e-19 3.80481e-18 1.55998e-16
91.176 -2.04213e-19 -2.77556e-17 0.55 -1.24002e-20 -4.28183e-20 -3.3738e-20 1 -0.143 0.046 0.578 -2.27893e-17 -1.65188e-17 0.587528 0.809204 2.1659e-10 -6.99339e-11 1.24067e-14 6.51585e-13 2.03131e-12 5.62719e-11 9.76522e-16 5.81967e-15 -1.09002e-18 -5.66281e-18 -1.81133e-18 1.63781e-16
91.831 -2.60306e-19 -2.77556e-17 0.55 -8.15761e-21 -4.77941e-20 -4.68607e-20 1 -0.143 0.046 0.578 -2.25204e-17 -2.05631e-17 0.587528 0.809204 2.27522e-10 -9.22189e-11 6.5446e-15 3.84208e-13 2.2835e-12 6.2542e-11 1.2532e-15 7.28549e-15 -9.13181e-20 -1.04572e-18 -2.62213e-17 1.26894e-16
92.457 -2.02898e-19 -2.77556e-17 0.55 -1.40108e-20 -4.86014e-20 -3.3523e-20 1 -0.143 0.046 0.578 -2.58152e-17 -1.88012e-17 0.587528 0.809204 2.46341e-10 -8.24881e-11 2.86174e-15 7.56443e-13 2.29601e-12 6.61301e-11 -1.81852e-16 8.56318e-15 -1.42038e-19 -9.16201e-20 -2.04657e-19 9.65634e-17
93.066 -2.54803e-19 -2.77556e-17 0.55 -1.44583e-20 -5.04715e-20 -4.2095e-20 1 -0.143 0.046 0.578 -2.67898e-17 -1.95185e-17 0.587528 0.809204 2.55718e-10 -8.18962e-11 2.33197e-15 7.80621e-13 2.38261e-12 6.99439e-11 4.14566e-16 8.5354e-15 -1.31422e-19 2.7818e-20 1.43519e-18 1.17354e-17
93.659 -4.90769e-19 -2.77556e-17 0.55 -1.79941e-20 -5.06996e-20 -8.55982e-19 1 -0.143 0.046 0.578 -2.87835e-17 -1.81801e-17 0.587528 0.809204 2.47415e-10 -1.3056e-10 -2.13615e-15 8.50137e-13 2.42601e-12 1.9296e-10 2.28529e-15 9.1744e-15 1.35995e-19 2.82358e-19 -2.05741e-17 -5.89977e-15
94.314 -2.42168e-19 -2.77556e-17 0.55 -1.49829e-20 -5.24454e-20 -4.00091e-20 1 -0.143 0.046 0.578 -2.78127e-17 -2.02904e-17 0.587528 0.809204 2.65562e-10 -8.49464e-11 -4.09984e-16 8.11041e-13 2.47684e-12 7.24593e-11 2.52387e-16 8.80848e-15 1.11275e-20 -2.05115e-19 8.8764e-19 2.06977e-17
95.004 -2.12923e-19 -2.77556e-17 0.55 -1.50396e-20 -5.21159e-20 -3.51798e-20 1 -0.143 0.046 0.578 -2.76962e-17 -2.0136e-17 0.587528 0.809204 2.68358e-10 -7.52934e-11 -6.11657e-15 8.15864e-13 2.46395e-12 7.32865e-11 2.59024e-16 9.09276e-15 -4.18065e-20 -7.88805e-21 -1.06775e-17 2.01604e-16
95.657 -1.92143e-19 -2.77556e-17 0.55 -1.48652e-20 -5.11915e-20 -3.15911e-20 1 -0.143 0.046 0.578 -2.72288e-17 -1.97771e-17 0.587528 0.809204 2.51835e-10 -1.03429e-10 1.65026e-15 7.72879e-13 2.42906e-12 6.93413e-11 -5.39993e-16 9.84842e-15 -4.9307e-20 2.62208e-19 -6.92811e-18 1.47317e-16
96.271 -2.00433e-19 -2.77556e-17 0.55 -1.46012e-20 -4.96394e-20 -3.12153e-20 1 -0.143 0.046 0.578 -2.64216e-17 -1.91983e-17 0.587528 0.809204 2.44593e-10 -1.00292e-10 -6.73328e-16 7.48036e-13 2.36019e-12 6.73555e-11 -6.01819e-16 9.56702e-15 7.09673e-20 6.24614e-19 -7.6254e-18 1.43772e-16
96.946 -2.26226e-19 -2.77556e-17 0.55 -1.37803e-20 -4.72661e-20 1.19569e-21 1 -0.143 0.046 0.578 -2.51619e-17 -1.8303e-17 0.587528 0.809204 2.4659e-10 -6.2803e-11 2.55786e-15 7.52353e-13 2.23433e-12 6.76032e-11 4.04502e-16 8.16417e-15 -1.93731e-19 -7.9639e-19 6.62385e-18 -1.11301e-16
97.584 -2.32634e-19 -2.77556e-17 0.55 -1.29381e-20 -4.4308e-20 -7.15393e-21 1 -0.143 0.046 0.578 -2.3541e-17 -1.72338e-17 0.587528 0.809204 2.1835e-10 -8.92641e-11 1.20394e-14 6.57251e-13 2.11539e-12 6.01723e-11 -5.14535e-16 8.0974e-15 -3.98805e-19 4.70762e-19 -7.05302e-18 1.26061e-16
98.201 -4.88157e-20 -2.77556e-17 0.55 -1.18021e-20 -4.10376e-20 4.81141e-20 1 -0.143 0.046 0.578 -2.17644e-17 -1.59071e-17 0.587528 0.809204 2.00899e-10 -8.5086e-11 -1.82393e-15 6.1181e-13 1.94594e-12 5.54329e-11 -5.0901e-16 8.07303e-15 1.60301e-19 8.67443e-19 -7.43646e-18 1.32942e-16
98.804 -1.69894e-19 -2.77556e-17 0.55 -1.06358e-20 -3.72402e-20 1.23924e-20 1 -0.143 0.046 0.578 -1.97655e-17 -1.4388e-17 0.587528 0.809204 1.96013e-10 -4.50408e-11 3.87452e-15 5.92025e-13 1.75984e-12 5.3706e-11 5.7378e-16 5.27885e-15 -2.55668e-19 -7.66426e-19 6.94144e-18 -1.21176e-16
99.472 -1.54861e-19 -2.77556e-17 0.55 -9.49648e-21 -3.2384e-20 1.02385e-20 1 -0.143 0.046 0.578 -1.73115e-17 -1.25047e-17 0.587528 0.809204 1.56979e-10 -7.27679e-11 6.29337e-16 4.85312e-13 1.5445e-12 4.34931e-11 -7.50709e-16 7.03867e-15 3.17241e-20 6.47273e-19 -8.09959e-18 1.3711e-16
100.105 -5.13898e-20 -2.77556e-17 0.55 -8.53846e-21 -2.73238e-20 1.55136e-20 1 -0.143 0.046 0.578 -1.46271e-17 -1.06345e-17 0.587528 0.809204 1.47878e-10 -2.75254e-11 1.20304e-14 4.46738e-13 1.30436e-12 4.04724e-11 8.11869e-16 3.86298e-15 -1.02718e-18 -5.24813e-18 5.17715e-18 -1.32944e-16
100.703 1.17023e-20 -2.77556e-17 0.55 -6.73574e-21 -2.256e-20 4.16057e-20 1 -0.143 0.046 0.578 -1.20232e-17 -8.75041e-18 0.587528 0.809204 1.22107e-10 -2.02486e-11 1.37516e-15 3.70885e-13 1.06329e-12 3.34095e-11 5.13951e-16 3.25176e-15 -1.28986e-19 -6.02827e-19 7.51588e-18 -1.29046e-16
101.306 -1.30346e-19 -2.77556e-17 0.55 -5.34599e-21 -1.72156e-20 -5.86066e-21 1 -0.143 0.046 0.578 -9.23672e-18 -6.66818e-18 0.587528 0.809204 9.45905e-11 -1.44076e-11 7.05397e-15 2.86875e-13 8.1892e-13 2.58325e-11 4.37938e-16 2.84734e-15 -3.62398e-19 -7.21472e-19 6.0064e-18 -1.06629e-16
101.936 -9.36559e-20 -2.77556e-17 0.55 -3.49945e-21 -1.14569e-20 5.85489e-22 1 -0.143 0.046 0.578 -6.14632e-18 -4.45768e-18 0.587528 0.809204 5.17497e-11 -3.69497e-11 1.31364e-14 1.52866e-13 5.66572e-13 1.43886e-11 -7.54379e-16 2.76467e-15 -4.66396e-19 4.7622e-19 -7.98116e-18 1.35016e-16
102.529 4.99153e-20 -2.77556e-17 0.55 -2.19516e-21 -5.93308e-21 2.48268e-20 1 -0.143 0.046 0.578 -3.25412e-18 -2.32681e-18 0.587528 0.809204 2.43684e-11 -2.63385e-11 -2.21498e-15 7.55296e-14 2.90695e-13 6.80092e-12 -5.43703e-16 1.87208e-15 1.87703e-19 1.04418e-18 -6.89237e-18 1.25474e-16
103.19 -5.44889e-20 -2.77556e-17 0.55 -2.28263e-22 1.99952e-22 -2.67193e-21 1 -0.143 0.046 0.578 4.40031e-20 7.1805e-20 0.587528 0.809204 7.19037e-12 1.82868e-11 2.60704e-15 1.99855e-14 -1.16462e-14 1.88985e-12 7.40149e-16 -7.02837e-16 -1.9989e-19 -6.19074e-19 8.12512e-18 -1.401e-16
103.823 -1.09902e-19 -5.55112e-17 0.55 4.61233e-24 -8.09941e-22 -1.81489e-20 1 -0.143 0.046 0.578 -3.69627e-19 -3.21706e-19 0.587528 0.809204 2.82342e-12 -6.65816e-12 4.32389e-15 5.59174e-15 4.74691e-14 -2.59515e-12 -4.47327e-16 6.71165e-16 -3.1606e-19 -2.91041e-19 3.42182e-18 1.33362e-16
104.269 -5.28138e-20 -5.55112e-17 0.55 5.58476e-22 -1.9243e-21 -8.72176e-21 1 -0.143 0.046 0.578 -4.73285e-19 -1.13111e-18 0.587528 0.809204 7.35997e-12 -5.23592e-12 -3.09067e-16 -3.12043e-14 9.11806e-14 -1.44026e-12 4.93575e-16 -1.49444e-16 -5.35013e-20 -7.04146e-19 -4.62825e-18 1.90794e-16
104.772 -7.24481e-20 -5.55112e-17 0.55 -3.48554e-22 -2.39258e-21 -1.19644e-20 1 -0.143 0.046 0.578 -1.13617e-18 -9.94127e-19 0.587528 0.809204 -1.46208e-12 -3.79449e-11 6.86621e-15 2.03115e-16 1.20761e-13 -1.21277e-12 1.31717e-16 3.88999e-16 8.85499e-20 2.39406e-19 -9.91407e-19 1.24228e-16
105.388 -6.46846e-20 -5.55112e-17 0.55 -6.53214e-22 -3.09703e-21 -1.06827e-20 1 -0.143 0.046 0.578 -1.55664e-18 -1.23619e-18 0.587528 0.809204 1.91023e-11 6.6898e-12 -1.12419e-14 4.76327e-14 1.40436e-13 4.181e-12 -6.42059e-16 8.59379e-16 9.38153e-19 4.73381e-18 7.07821e-18 -3.31584e-17
106.006 -4.49094e-20 -5.55112e-17 0.55 -1.1587e-21 -3.7758e-21 -7.4174e-21 1 -0.143 0.046 0.578 -2.05956e-18 -1.4101e-18 0.587528 0.809204 1.91938e-11 -6.84629e-12 3.97587e-16 8.37611e-14 1.70672e-13 3.42571e-12 4.6336e-17 1.08232e-16 -1.51981e-20 9.54309e-20 1.08455e-18 9.67623e-17
106.648 -1.87268e-20 -5.55112e-17 0.55 -1.26477e-21 -4.55616e-21 -3.09405e-21 1 -0.143 0.046 0.578 -2.39443e-18 -1.78193e-18 0.587528 0.809204 2.48045e-11 -1.28088e-12 -4.60981e-16 6.07425e-14 2.1684e-13 5.60702e-12 -3.1519e-16 7.70012e-16 2.02221e-20 2.2923e-19 3.50952e-18 1.44508e-17
107.23 -9.81711e-21 -5.55112e-17 0.55 -1.58236e-21 -4.99055e-21 -1.623e-21 1 -0.143 0.046 0.578 -2.72665e-18 -1.86416e-18 0.587528 0.809204 1.85877e-11 -2.7905e-11 1.05101e-14 6.15122e-14 2.61384e-13 4.45429e-12 1.18917e-15 -3.67123e-16 -8.03993e-19 -6.58431e-19 1.37399e-18 -1.32244e-17
107.898 -4.01262e-20 -5.55112e-17 0.55 -1.61777e-21 -5.92126e-21 -6.6283e-21 1 -0.143 0.046 0.578 -3.10569e-18 -2.31862e-18 0.587528 0.809204 2.98043e-11 -9.51725e-12 -1.23621e-14 9.10343e-14 2.71553e-13 7.23275e-12 -1.84606e-16 1.57055e-15 4.79757e-19 2.42477e-19 4.09407e-20 4.70789e-17
108.55 -2.14409e-20 -5.55112e-17 0.55 -1.78729e-21 -6.42155e-21 -3.54294e-21 1 -0.143 0.046 0.578 -3.3795e-18 -2.50034e-18 0.587528 0.809204 3.41045e-11 -4.09128e-12 -5.507e-15 9.39186e-14 3.10722e-13 8.81489e-12 -1.03723e-15 1.42126e-15 3.14553e-19 6.78481e-19 3.20638e-18 -1.73935e-17
109.175 -2.69916e-20 -5.55112e-17 0.55 -1.81162e-21 -6.71178e-21 -4.45968e-21 1 -0.143 0.046 0.578 -3.50713e-18 -2.62769e-18 0.587528 0.809204 3.74319e-11 -5.10843e-12 -4.99095e-16 1.30732e-13 3.19809e-13 9.40408e-12 -5.89534e-17 6.97218e-16 -4.57753e-21 -3.21249e-19 3.33356e-18 -6.31166e-18
109.837 -4.28158e-20 -5.55112e-17 0.55 -2.04313e-21 -7.36802e-21 -7.07296e-21 1 -0.143 0.046 0.578 -3.87591e-18 -2.87916e-18 0.587528 0.809204 3.6721e-11 -1.17409e-11 -8.30883e-15 1.09993e-13 3.40392e-13 9.64151e-12 1.22885e-16 1.32809e-15 3.92792e-19 8.24881e-20 -4.92726e-20 2.17725e-17
110.506 -4.44874e-20 -5.55112e-17 0.55 -1.90796e-21 -7.45724e-21 -7.34911e-21 1 -0.143 0.046 0.578 -3.84981e-18 -2.95107e-18 0.587528 0.809204 3.316e-11 -2.39284e-11 3.84157e-16 9.96359e-14 3.73035e-13 8.72988e-12 1.4353e-16 1.24078e-15 -3.60237e-20 -4.58238e-19 -5.63452e-18 1.11131e-16
111.131 -3.51699e-20 -5.55112e-17 0.55 -2.28202e-21 -7.65399e-21 -2.89298e-21 1 -0.143 0.046 0.578 -4.10464e-18 -2.93031e-18 0.587528 0.809204 3.85127e-11 -1.34263e-11 2.3588e-16 1.25551e-13 3.61127e-13 1.05808e-11 8.74554e-17 1.40157e-15 2.88993e-20 -3.32885e-20 6.0574e-19 -9.03919e-18
111.762 -3.2722e-20 -5.55112e-17 0.55 -2.16626e-21 -7.71332e-21 -2.45569e-21 1 -0.143 0.046 0.578 -4.05934e-18 -3.01734e-18 0.587528 0.809204 3.91127e-11 -1.23984e-11 -8.8412e-16 1.19676e-13 3.63169e-13 1.07407e-11 -1.77221e-16 1.32429e-15 1.65976e-20 -5.4664e-21 5.82025e-19 -1.00197e-17
112.407 -3.39534e-20 -5.55112e-17 0.55 -2.2162e-21 -7.63234e-21 -3.71776e-21 1 -0.143 0.046 0.578 -4.05881e-18 -2.9493e-18 0.587528 0.809204 3.84708e-11 -1.33752e-11 1.39298e-16 1.18772e-13 3.61254e-13 1.05804e-11 1.58266e-16 1.40032e-15 -7.07864e-21 -9.80433e-21 -3.19173e-19 6.07663e-18
113.063 -3.60895e-20 -5.55112e-17 0.55 -2.11625e-21 -7.47906e-21 -5.40849e-21 1 -0.143 0.046 0.578 -3.94874e-18 -2.913e-18 0.587528 0.809204 3.84029e-11 -1.07441e-11 -1.20122e-15 1.14456e-13 3.52449e-13 1.05581e-11 -5.59542e-17 1.32768e-15 6.0804e-20 5.58142e-20 7.4309e-19 -1.14929e-17
113.616 -3.42986e-20 -5.55112e-17 0.55 -2.1223e-21 -7.23441e-21 -5.16455e-21 1 -0.143 0.046 0.578 -3.85955e-18 -2.78678e-18 0.587528 0.809204 3.64132e-11 -1.30379e-11 -4.95859e-16 1.13981e-13 3.40922e-13 1.00017e-11 -2.64477e-16 1.77399e-15 -2.94892e-20 8.34621e-20 -6.32669e-19 6.26779e-18
114.259 -3.35538e-20 -5.55112e-17 0.55 -1.99552e-21 -6.89073e-21 -5.28592e-21 1 -0.143 0.046 0.578 -3.6659e-18 -2.6593e-18 0.587528 0.809204 3.45591e-11 -1.26162e-11 2.84764e-16 1.08286e-13 3.2585e-13 9.50359e-12 4.19252e-17 1.22555e-15 -1.4184e-20 -1.04151e-20 -4.97564e-19 9.50548e-18
114.908 -2.61734e-20 -5.55112e-17 0.55 -1.80208e-21 -6.44028e-21 -2.43057e-21 1 -0.143 0.046 0.578 -3.39057e-18 -2.51226e-18 0.587528 0.809204 3.31587e-11 -9.23348e-12 9.28554e-16 9.85101e-14 3.06034e-13 9.11921e-12 -4.838e-17 1.14613e-15 -4.65445e-20 -2.48503e-20 6.51614e-19 -1.02193e-17
115.525 -2.76943e-20 -5.55112e-17 0.55 -1.72438e-21 -5.93417e-21 -4.18627e-21 1 -0.143 0.046 0.578 -3.15551e-18 -2.29614e-18 0.587528 0.809204 3.05363e-11 -8.51489e-12 -1.64244e-15 8.98643e-14 2.79514e-13 8.39541e-12 8.25904e-17 5.13328e-16 1.16919e-19 4.92335e-19 -6.78418e-19 -8.76344e-18
116.096 -1.97201e-20 -5.55112e-17 0.55 -1.61015e-21 -5.37703e-21 -1.80589e-21 1 -0.143 0.046 0.578 -2.88357e-18 -2.06068e-18 0.587528 0.809204 2.70793e-11 -9.76456e-12 2.35137e-16 8.64023e-14 2.54245e-13 7.44715e-12 2.92836e-17 9.5907e-16 -1.13507e-20 2.22602e-21 -2.4427e-19 6.63307e-18
116.698 -2.00979e-20 -5.55112e-17 0.55 -1.36438e-21 -4.76381e-21 -2.72731e-21 1 -0.143 0.046 0.578 -2.52638e-18 -1.84369e-18 0.587528 0.809204 2.37971e-11 -8.92227e-12 7.42526e-16 7.11016e-14 2.26187e-13 6.61865e-12 -2.64676e-16 1.33171e-15 -3.66628e-20 5.17264e-21 -6.14055e-19 4.65629e-18
