7.522 -2.07876e-14 -5.09037e-14 0.55 6.26391e-17 -4.14267e-17 -3.52449e-15 1 -0.143 0.0459999 0.578 1.67567e-14 -2.50389e-14 0.587528 0.809204 7.3504e-08 2.2655e-07 1.11168e-12 -2.17165e-09 6.99151e-10 -1.09919e-06 -1.48915e-11 1.17064e-15 -1.97212e-16 -4.58418e-18 4.30392e-17 5.42491e-11
8.12 -1.5967e-13 -3.90882e-13 0.55 4.81311e-16 -3.1821e-16 -2.70718e-14 1 -0.143 0.0459998 0.578 1.28802e-13 -1.92415e-13 0.587528 0.809204 4.75604e-07 1.4667e-06 -5.7502e-13 -1.40661e-08 4.52466e-09 -7.11614e-06 -9.64086e-11 4.04596e-15 5.52696e-17 -3.4599e-20 -1.54017e-16 3.51216e-10
8.798 -1.68729e-13 -4.13086e-13 0.55 5.08587e-16 -3.3625e-16 -2.86077e-14 1 -0.143 0.0459998 0.578 1.36103e-13 -2.03323e-13 0.587528 0.809204 5.114e-07 1.57705e-06 1.67843e-13 -1.51238e-08 4.86493e-09 -7.65152e-06 -1.03663e-10 5.08062e-15 -4.98128e-17 4.90487e-18 -1.1897e-16 3.77641e-10
9.358 -3.35785e-14 -8.22398e-14 0.55 1.01206e-16 -6.69149e-17 -5.69317e-15 1 -0.143 0.0459999 0.578 2.70819e-14 -4.04577e-14 0.587528 0.809204 1.02459e-07 3.16004e-07 6.1509e-13 -3.03012e-09 9.74765e-10 -1.53319e-06 -2.07711e-11 1.09001e-16 -1.05881e-16 -2.58025e-18 -3.73579e-19 7.56693e-11
9.924 -6.85512e-14 -1.6781e-13 0.55 2.06519e-16 -1.36583e-16 -1.16227e-14 1 -0.143 0.0459999 0.578 5.52505e-14 -8.25517e-14 0.587528 0.809204 2.01079e-07 6.20143e-07 -3.51204e-13 -5.94868e-09 1.91358e-09 -3.00883e-06 -4.15408e-11 1.9745e-15 3.87334e-17 -2.23528e-17 2.75695e-16 1.51332e-10
10.554 -9.63171e-14 -2.35811e-13 0.55 2.90323e-16 -1.91945e-16 -1.63304e-14 1 -0.143 0.0459999 0.578 7.76937e-14 -1.16066e-13 0.587528 0.809204 2.90191e-07 8.94958e-07 4.59365e-14 -8.5826e-09 2.76081e-09 -4.34212e-06 -5.88269e-11 1.41628e-15 -1.35409e-17 -7.13317e-18 -7.31297e-17 2.14306e-10
11.144 -3.65631e-14 -8.95117e-14 0.55 1.10207e-16 -7.28645e-17 -6.19921e-15 1 -0.143 0.0459999 0.578 2.94916e-14 -4.40576e-14 0.587528 0.809204 1.12701e-07 3.4749e-07 1.48797e-13 -3.33231e-09 1.07191e-09 -1.68597e-06 -2.28404e-11 8.38686e-16 -4.5714e-17 8.26199e-18 -1.88147e-17 8.32085e-11
11.683 -2.32292e-14 -5.68434e-14 0.55 9.5696e-17 -5.42663e-17 -3.93846e-15 1 -0.143 0.046 0.578 2.89914e-14 -4.17281e-14 0.587528 0.809204 6.82496e-08 2.10466e-07 1.88455e-12 -3.75123e-09 1.18445e-09 -1.02102e-06 -1.38316e-11 -1.36174e-16 -1.54386e-17 1.39107e-15 -9.05944e-14 5.03925e-11
12.271 -5.06448e-14 -1.24012e-13 0.55 1.52656e-16 -1.00927e-16 -8.58673e-15 1 -0.143 0.0459999 0.578 4.08527e-14 -6.10293e-14 0.587528 0.809204 1.51977e-07 4.68568e-07 -2.85713e-14 -4.49359e-09 1.44544e-09 -2.27336e-06 -3.07518e-11 8.90555e-16 3.18246e-18 7.19339e-19 -4.15217e-17 1.12029e-10
12.825 -3.45877e-14 -8.471e-14 0.55 1.04253e-16 -6.89269e-17 -5.86428e-15 1 -0.143 0.046 0.578 2.7899e-14 -4.16778e-14 0.587528 0.809204 1.0586e-07 3.26545e-07 8.40959e-14 -3.1314e-09 1.00733e-09 -1.58429e-06 -2.14624e-11 -5.59774e-16 -2.12835e-17 -1.15429e-17 -2.16791e-17 7.81911e-11
13.326 7.59888e-16 1.85962e-15 0.55 -2.29262e-18 1.51471e-18 1.28838e-16 1 -0.143 0.046 0.578 -6.1419e-16 9.17402e-16 0.587528 0.809204 -1.625e-09 -5.00252e-09 7.69708e-14 4.79214e-11 -1.54522e-11 2.42158e-08 3.28995e-13 -2.89341e-16 -2.41401e-17 2.19458e-18 3.62657e-18 -1.19552e-12
13.781 -1.83881e-14 -4.50473e-14 0.55 5.54353e-17 -3.66474e-17 -3.11767e-15 1 -0.143 0.046 0.578 1.48365e-14 -2.21636e-14 0.587528 0.809204 5.49287e-08 1.69276e-07 -8.22347e-14 -1.62349e-09 5.2221e-10 -8.21213e-07 -1.09294e-11 -5.88134e-17 8.37111e-18 -1.04835e-17 5.00149e-17 3.98151e-11
14.301 -2.57711e-14 -6.31162e-14 0.55 7.76801e-17 -5.1358e-17 -4.36945e-15 1 -0.143 0.046 0.578 2.0788e-14 -3.10552e-14 0.587528 0.809204 7.7289e-08 2.38456e-07 2.35289e-14 -2.28695e-09 7.35653e-10 -1.15699e-06 -1.56984e-11 -7.04522e-16 -8.2943e-20 7.87066e-18 -1.35233e-17 5.71919e-11
14.758 -1.72403e-14 -4.21885e-14 0.55 5.19655e-17 -3.43568e-17 -2.92307e-15 1 -0.143 0.046 0.578 1.39065e-14 -2.07746e-14 0.587528 0.809204 5.18804e-08 1.60084e-07 4.53105e-14 -1.53521e-09 4.93849e-10 -7.76744e-07 -1.05221e-11 -8.12855e-16 -1.2216e-17 -1.35546e-17 -1.74719e-17 3.83346e-11
15.349 -2.02177e-13 4.5533e-13 0.55 -2.65106e-15 8.81899e-16 -9.96314e-13 1 -0.143 0.046 0.578 -1.04409e-12 1.41958e-12 0.587528 0.809204 -6.07465e-06 1.07008e-05 -1.5019e-08 1.16716e-08 -3.63259e-09 8.63756e-05 3.26956e-10 -2.9459e-10 -7.79871e-14 -4.17908e-12 4.19358e-12 -4.45706e-09
15.998 -1.27149e-14 -3.11418e-14 0.55 3.83267e-17 -2.53394e-17 -2.15579e-15 1 -0.143 0.046 0.578 1.02567e-14 -1.53225e-14 0.587528 0.809204 3.79385e-08 1.17027e-07 6.29907e-15 -1.12235e-09 3.61004e-10 -5.67786e-07 -7.69241e-12 1.38901e-17 1.19338e-18 -4.39041e-18 -1.25554e-17 2.80241e-11
16.594 -1.00165e-14 -2.45637e-14 0.55 3.01917e-17 -1.99612e-17 -1.69828e-15 1 -0.143 0.046 0.578 8.07958e-15 -1.20699e-14 0.587528 0.809204 3.03462e-08 9.35647e-08 1.07416e-14 -8.97327e-10 2.88667e-10 -4.53972e-07 -6.15011e-12 -6.38473e-16 -3.90756e-18 3.12105e-18 -8.92313e-18 2.24058e-11
17.156 5.31949e-18 2.77556e-17 0.55 -1.77942e-20 1.11828e-20 9.02228e-19 1 -0.143 0.046 0.578 -4.87273e-18 7.26125e-18 0.587528 0.809204 -1.53132e-10 -4.19326e-10 6.39105e-15 3.98754e-12 -1.24799e-12 1.96407e-09 2.59691e-14 2.89963e-16 -6.76047e-18 -8.5792e-18 -2.98997e-18 -9.71891e-14
17.656 -5.0495e-15 -1.2379e-14 0.55 1.52196e-17 -1.0063e-17 -8.56133e-16 1 -0.143 0.046 0.578 4.07272e-15 -6.08464e-15 0.587528 0.809204 1.50251e-08 4.63732e-08 -1.47374e-14 -4.44642e-10 1.43027e-10 -2.24958e-07 -3.04808e-12 -1.73013e-16 1.84504e-18 -9.58012e-18 -2.99545e-18 1.11038e-11
18.242 -6.47918e-15 -1.59039e-14 0.55 1.95301e-17 -1.29118e-17 -1.09853e-15 1 -0.143 0.046 0.578 5.22652e-15 -7.80758e-15 0.587528 0.809204 1.94903e-08 6.01327e-08 -7.03063e-15 -5.76788e-10 1.8554e-10 -2.91789e-07 -3.95333e-12 -2.28925e-16 -8.21703e-19 -2.45445e-18 -8.79177e-18 1.44044e-11
18.8 -2.69709e-15 -6.57807e-15 0.55 8.13024e-18 -5.37502e-18 -4.57288e-16 1 -0.143 0.046 0.578 2.17569e-15 -3.25018e-15 0.587528 0.809204 8.20342e-09 2.52413e-08 -5.23481e-15 -2.41816e-10 7.7785e-11 -1.22361e-07 -1.65811e-12 -4.11496e-17 -2.04875e-18 4.18844e-18 9.58935e-18 6.04145e-12
19.317 -1.30691e-15 -3.19189e-15 0.55 1.35157e-17 -5.56764e-18 -2.21584e-16 1 -0.143 0.046 0.578 4.88269e-15 -6.69319e-15 0.587528 0.809204 3.69824e-09 1.13542e-08 8.18261e-12 -2.49834e-10 7.71854e-11 -5.50674e-08 -7.47289e-13 -7.52674e-17 -4.24026e-16 2.04285e-16 -7.24274e-15 2.72135e-12
19.77 -3.1673e-15 -7.71605e-15 0.55 9.5478e-18 -6.31228e-18 -5.3701e-16 1 -0.143 0.046 0.578 2.55511e-15 -3.81714e-15 0.587528 0.809204 9.51873e-09 2.92729e-08 -1.1328e-14 -2.80664e-10 9.02892e-11 -1.41995e-07 -1.92469e-12 7.62672e-16 2.29354e-18 1.06036e-17 3.11794e-18 7.00842e-12
20.227 -3.18263e-15 -7.82707e-15 0.55 9.59291e-18 -6.3421e-18 -5.39609e-16 1 -0.143 0.046 0.578 2.56726e-15 -3.83488e-15 0.587528 0.809204 9.57172e-09 2.94934e-08 2.36735e-14 -2.82787e-10 9.09433e-11 -1.43063e-07 -1.93884e-12 8.21474e-16 -1.13345e-18 4.17862e-18 4.9999e-19 7.06093e-12
20.878 -5.90352e-16 -1.44329e-15 0.55 1.77901e-18 -1.17687e-18 -1.00093e-16 1 -0.143 0.046 0.578 4.75869e-16 -7.11469e-16 0.587528 0.809204 1.80428e-09 5.67805e-09 -1.31456e-14 -5.46975e-11 1.76042e-11 -2.7637e-08 -3.74392e-13 -2.47498e-16 -2.64185e-18 -1.55237e-17 -1.48373e-17 1.36474e-12
21.406 -1.11148e-15 -2.69229e-15 0.55 3.34571e-18 -2.21369e-18 -1.8845e-16 1 -0.143 0.046 0.578 8.9478e-16 -1.33707e-15 0.587528 0.809204 3.26165e-09 1.00453e-08 3.18151e-15 -9.58096e-11 3.08409e-11 -4.88281e-08 -6.61068e-13 -2.50743e-17 1.00986e-18 3.84582e-18 2.79823e-17 2.41001e-12
22.006 -1.7224e-15 -4.21885e-15 0.55 5.19052e-18 -3.4322e-18 -2.92029e-16 1 -0.143 0.046 0.578 1.38899e-15 -2.07514e-15 0.587528 0.809204 5.16877e-09 1.59513e-08 -1.20533e-14 -1.53007e-10 4.92188e-11 -7.74077e-08 -1.048e-12 -4.53572e-16 8.79633e-20 -3.21901e-18 -4.39447e-18 3.81932e-12
22.607 -7.78631e-16 -1.94289e-15 0.55 2.34693e-18 -1.55174e-18 -1.32015e-16 1 -0.143 0.046 0.578 6.28036e-16 -9.3827e-16 0.587528 0.809204 2.3288e-09 7.21726e-09 7.10669e-15 -6.91269e-11 2.22383e-11 -3.49559e-08 -4.89282e-13 -3.89092e-16 -4.93851e-19 -3.31796e-18 -2.37237e-19 1.78269e-12
23.227 -4.37788e-16 -1.02696e-15 0.55 1.14429e-18 -8.18757e-19 -7.42262e-17 1 -0.143 0.046 0.578 2.82789e-16 -4.34045e-16 0.587528 0.809204 1.29666e-09 3.98165e-09 -4.01828e-14 -2.57318e-11 8.48679e-12 -1.92835e-08 -2.61084e-13 -3.05966e-16 1.799e-18 -9.78602e-18 6.55932e-16 9.51821e-13
23.822 -8.84661e-16 -2.10942e-15 0.55 2.66621e-18 -1.76309e-18 -1.49992e-16 1 -0.143 0.046 0.578 7.13413e-16 -1.06599e-15 0.587528 0.809204 2.66405e-09 8.18245e-09 -5.64568e-14 -7.84519e-11 2.52705e-11 -3.97021e-08 -5.38984e-13 1.16211e-15 2.88732e-18 5.06371e-18 1.67321e-18 1.96074e-12
24.403 -5.40656e-16 -1.36002e-15 0.55 1.62992e-18 -1.07749e-18 -9.16672e-17 1 -0.143 0.046 0.578 4.36208e-16 -6.51596e-16 0.587528 0.809204 1.65186e-09 5.01981e-09 1.19628e-14 -4.81977e-11 1.54835e-11 -2.43675e-08 -3.38435e-13 1.01967e-15 -2.43706e-18 -7.39063e-18 -6.98403e-19 1.22715e-12
24.995 -1.08854e-16 -2.77556e-16 0.55 -1.28831e-17 3.84737e-18 -2.07603e-17 1 -0.143 0.046 0.578 -5.18595e-15 6.87374e-15 0.587528 0.809204 4.51853e-10 1.25036e-09 1.42368e-11 -1.12567e-09 3.50977e-10 -4.57107e-09 -7.17886e-14 9.75646e-16 -6.74387e-17 7.98137e-16 -5.81054e-14 2.23956e-13
25.593 -4.32486e-16 -9.99201e-16 0.55 1.30388e-18 -8.62009e-19 -7.33272e-17 1 -0.143 0.046 0.578 3.48955e-16 -5.21321e-16 0.587528 0.809204 1.33098e-09 3.98554e-09 -1.8071e-15 -3.81861e-11 1.22645e-11 -1.9308e-08 -2.61445e-13 -2.84709e-16 2.08891e-18 1.65326e-17 6.54951e-18 9.53361e-13
26.083 -3.88008e-16 -9.99201e-16 0.55 1.1696e-18 -7.73275e-19 -6.57861e-17 1 -0.143 0.046 0.578 3.12958e-16 -4.67542e-16 0.587528 0.809204 1.17396e-09 3.61129e-09 3.87652e-15 -3.46844e-11 1.11566e-11 -1.75534e-08 -2.36545e-13 -6.86712e-16 -4.55515e-19 -2.44213e-18 -2.02511e-18 8.64149e-13
26.567 -1.24559e-16 -3.60822e-16 0.55 3.75143e-19 -2.48105e-19 -2.11186e-17 1 -0.143 0.046 0.578 1.00385e-16 -1.49946e-16 0.587528 0.809204 3.70888e-10 1.16142e-09 -2.07978e-14 -1.11638e-11 3.59263e-12 -5.64955e-09 -7.57177e-14 -5.62053e-16 4.3286e-19 -1.35466e-18 -3.34401e-18 2.78784e-13
27.213 -1.60136e-16 -3.33067e-16 0.55 4.82374e-19 -3.19224e-19 -2.71506e-17 1 -0.143 0.046 0.578 1.29001e-16 -1.92953e-16 0.587528 0.809204 4.69188e-10 1.44469e-09 1.61956e-14 -1.39521e-11 4.48387e-12 -7.05918e-09 -9.67268e-14 7.58001e-16 -2.18109e-19 2.28146e-18 -4.19376e-18 3.50661e-13
27.694 -2.28863e-16 -4.996e-16 0.55 6.894e-19 -4.56058e-19 -3.88032e-17 1 -0.143 0.046 0.578 1.84427e-16 -2.75631e-16 0.587528 0.809204 6.49633e-10 2.11075e-09 1.48391e-14 -2.03031e-11 6.5387e-12 -1.02802e-08 -1.39086e-13 -1.03599e-15 -2.53762e-18 -1.7273e-17 -9.20678e-18 5.0922e-13
28.164 -1.61287e-16 -4.44089e-16 0.55 4.86075e-19 -3.21875e-19 -2.73459e-17 1 -0.143 0.046 0.578 1.29906e-16 -1.94573e-16 0.587528 0.809204 4.74491e-10 1.5111e-09 -4.53062e-15 -1.44614e-11 4.66817e-12 -7.31063e-09 -9.85534e-14 1.08376e-17 -2.11734e-19 -3.44366e-18 6.08191e-19 3.58405e-13
28.611 -2.16432e-17 -1.11022e-16 0.55 6.53191e-20 -4.29352e-20 -3.66957e-18 1 -0.143 0.046 0.578 1.75452e-17 -2.59441e-17 0.587528 0.809204 6.50631e-11 1.96446e-10 2.63537e-14 -1.85968e-12 5.79125e-13 -9.40003e-10 -1.38155e-14 8.24046e-16 -9.63384e-19 3.51668e-18 2.70618e-18 4.64036e-14
29.142 -8.27625e-17 -1.38778e-16 0.55 2.49209e-19 -1.64207e-19 -1.40321e-17 1 -0.143 0.046 0.578 6.69246e-17 -9.92826e-17 0.587528 0.809204 2.57656e-10 7.57618e-10 3.471e-14 -7.31014e-12 2.32255e-12 -3.69608e-09 -5.00006e-14 5.74473e-16 -1.17863e-18 2.45621e-18 -1.09924e-18 1.82571e-13
29.786 -1.10884e-16 -2.22045e-16 0.55 3.33886e-19 -2.20797e-19 -1.87999e-17 1 -0.143 0.046 0.578 8.94257e-17 -1.33546e-16 0.587528 0.809204 3.3869e-10 1.03323e-09 -1.18959e-14 -9.90291e-12 3.1726e-12 -5.00283e-09 -6.77371e-14 -4.21983e-16 6.53881e-19 2.5238e-18 1.39507e-19 2.46954e-13
30.386 -3.55546e-17 -1.38778e-16 0.55 1.07657e-19 -7.09389e-20 -6.02843e-18 1 -0.143 0.046 0.578 2.88267e-17 -4.2998e-17 0.587528 0.809204 1.44481e-10 3.52075e-10 -2.71918e-14 -3.27059e-12 1.0166e-12 -1.65499e-09 -2.28974e-14 9.88779e-16 2.73322e-18 1.53193e-17 8.86038e-18 8.19948e-14
30.983 -3.57175e-17 -2.77556e-17 0.55 1.08717e-19 -7.13873e-20 -6.05593e-18 1 -0.143 0.046 0.578 2.92364e-17 -4.34856e-17 0.587528 0.809204 1.03643e-10 3.26134e-10 2.1475e-14 -3.21329e-12 1.03603e-12 -1.59981e-09 -2.21775e-14 1.29309e-15 1.34594e-18 1.51662e-17 7.28365e-18 7.69533e-14
31.584 -5.86665e-17 -8.32667e-17 0.55 1.77588e-19 -1.17178e-19 -9.94689e-18 1 -0.143 0.046 0.578 4.75479e-17 -7.0998e-17 0.587528 0.809204 1.76618e-10 5.49712e-10 1.93501e-15 -5.21933e-12 1.68281e-12 -2.64131e-09 -3.61939e-14 -1.41263e-16 -1.88934e-19 -6.69139e-19 2.5419e-18 1.30326e-13
32.181 -2.85394e-17 -8.32667e-17 0.55 8.61425e-20 -5.7019e-20 -4.83878e-18 1 -0.143 0.046 0.578 2.30434e-17 -3.45377e-17 0.587528 0.809204 8.04615e-11 2.66225e-10 2.37752e-14 -2.56659e-12 8.26886e-13 -1.29402e-09 -1.76668e-14 9.08646e-16 -1.15066e-18 -2.25909e-18 -1.481e-18 6.3798e-14
32.692 -8.20413e-18 0 0.55 -4.37399e-19 1.25595e-19 -1.39438e-18 1 -0.143 0.046 0.578 -1.78953e-16 2.37711e-16 0.587528 0.809204 2.48763e-11 7.22396e-11 2.06297e-14 8.85969e-11 -2.71928e-11 -3.43254e-10 -3.65326e-15 -1.23193e-15 -6.5107e-18 -8.07801e-17 4.66437e-15 1.69556e-14
33.198 -2.76646e-17 0 0.55 8.30525e-20 -5.52002e-20 -4.69037e-18 1 -0.143 0.046 0.578 2.21599e-17 -3.3299e-17 0.587528 0.809204 4.44437e-11 2.51648e-10 -6.93201e-15 -2.45233e-12 7.97261e-13 -1.23858e-09 -1.59341e-14 -1.1803e-15 -1.19417e-18 -1.23423e-17 -5.88092e-18 6.07244e-14
33.665 -2.80035e-17 -2.77556e-17 0.55 8.43949e-20 -5.53004e-20 -4.74793e-18 1 -0.143 0.046 0.578 2.27829e-17 -3.35017e-17 0.587528 0.809204 9.45845e-11 2.6181e-10 1.94519e-14 -2.48738e-12 7.67203e-13 -1.25513e-09 -1.6482e-14 -5.82194e-16 -5.5954e-19 3.02251e-18 2.42599e-18 6.09341e-14
34.183 -1.11443e-17 -2.77556e-17 0.55 3.29307e-20 -2.20775e-20 -1.88939e-18 1 -0.143 0.046 0.578 8.74393e-18 -1.31734e-17 0.587528 0.809204 4.07396e-11 1.01308e-10 4.30496e-15 -9.63766e-13 2.88596e-13 -5.04619e-10 -7.14394e-15 -4.33729e-16 2.48051e-19 3.52833e-18 3.12044e-18 2.49949e-14
34.677 -5.73167e-18 2.77556e-17 0.55 6.07798e-20 -2.47709e-20 -9.71925e-19 1 -0.143 0.046 0.578 2.20097e-17 -3.00488e-17 0.587528 0.809204 2.08864e-11 5.64146e-11 -6.40343e-15 -3.68909e-12 1.1297e-12 -2.55182e-10 -3.36285e-15 1.14514e-16 6.66519e-19 5.90015e-18 -1.64714e-16 1.26114e-14
35.121 -1.40504e-17 2.77556e-17 0.55 4.23307e-20 -2.77605e-20 -2.3822e-18 1 -0.143 0.046 0.578 1.14235e-17 -1.68162e-17 0.587528 0.809204 5.80508e-11 1.38314e-10 2.22607e-14 -1.24982e-12 3.90229e-13 -6.25616e-10 -8.40142e-15 1.00788e-17 -2.3857e-19 6.04748e-18 5.21009e-18 3.09982e-14
35.662 -1.34583e-17 2.77556e-17 0.55 4.05046e-20 -2.67821e-20 -2.28184e-18 1 -0.143 0.046 0.578 1.08651e-17 -1.62442e-17 0.587528 0.809204 3.70799e-11 1.17676e-10 2.36253e-14 -1.20894e-12 3.65241e-13 -6.09984e-10 -7.87303e-15 1.11426e-16 -1.27832e-18 -2.32025e-18 -4.17233e-18 3.01134e-14
36.261 -2.06016e-18 2.77556e-17 0.55 6.22912e-21 -3.8884e-21 -3.49377e-19 1 -0.143 0.046 0.578 1.72904e-18 -2.3597e-18 0.587528 0.809204 1.41494e-11 4.05708e-13 1.45858e-14 -2.0392e-13 5.9067e-14 -1.00241e-10 -1.4635e-15 1.43127e-16 -4.55309e-20 -1.47682e-18 -1.98799e-18 5.01305e-15
36.781 -5.07949e-18 2.77556e-17 0.55 1.53106e-20 -9.88711e-21 -8.61184e-19 1 -0.143 0.046 0.578 4.18768e-18 -5.98779e-18 0.587528 0.809204 2.9363e-11 5.08647e-11 -8.66616e-15 -4.30972e-13 1.3053e-13 -2.21869e-10 -3.63887e-15 7.97905e-16 1.21056e-18 8.1699e-18 4.12033e-18 1.10789e-14
37.256 -7.75939e-18 2.77556e-17 0.55 2.34472e-20 -1.53738e-20 -1.31564e-18 1 -0.143 0.046 0.578 6.30042e-18 -9.29718e-18 0.587528 0.809204 2.91027e-11 8.42565e-11 -2.48226e-14 -6.69299e-13 2.16326e-13 -3.45872e-10 -5.91864e-15 4.83485e-17 1.0809e-18 2.20808e-18 6.83993e-18 2.37171e-14
37.858 -4.82816e-18 2.77556e-17 0.55 1.38143e-20 -9.26553e-21 -8.183e-19 1 -0.143 0.046 0.578 3.76687e-18 -5.50286e-18 0.587528 0.809204 1.57594e-11 3.84399e-11 -1.19079e-14 -4.08903e-13 1.32224e-13 -2.08947e-10 -2.96562e-15 -3.94573e-17 7.3449e-19 2.96421e-18 -1.34255e-18 1.03643e-14
38.35 1.09024e-18 2.77556e-17 0.55 -2.06523e-21 2.4346e-21 1.84475e-19 1 -0.143 0.046 0.578 -2.92249e-19 1.15151e-18 0.587528 0.809204 1.47268e-12 -7.824e-12 1.20103e-14 7.49583e-14 -4.4304e-14 3.3849e-11 3.87796e-16 6.7782e-16 -3.07213e-19 3.21944e-18 5.07319e-19 -1.62278e-15
38.915 -3.36314e-18 2.77556e-17 0.55 1.06578e-20 -7.05215e-21 -5.70372e-19 1 -0.143 0.046 0.578 2.7943e-18 -4.36717e-18 0.587528 0.809204 -1.32153e-11 3.35481e-11 1.81694e-14 -3.17113e-13 1.11806e-13 -1.6357e-10 -1.8439e-15 -6.79782e-16 -1.89571e-18 -1.13091e-17 -4.53952e-18 7.78918e-15
39.473 -3.58422e-18 2.77556e-17 0.55 1.07355e-20 -6.90594e-21 -6.07675e-19 1 -0.143 0.046 0.578 2.95427e-18 -4.18391e-18 0.587528 0.809204 1.67609e-11 3.87997e-11 -2.71829e-14 -3.16595e-13 9.5283e-14 -1.57655e-10 -3.53864e-15 1.709e-16 1.62921e-18 6.23509e-18 5.79366e-18 7.81513e-15
39.917 -1.46585e-18 2.77556e-17 0.55 4.85066e-21 -3.19416e-21 -2.48738e-19 1 -0.143 0.046 0.578 1.21084e-18 -1.94226e-18 0.587528 0.809204 1.38749e-11 1.54778e-11 2.91943e-15 -1.38688e-13 5.25104e-14 -6.94724e-11 -9.61788e-16 3.1463e-16 3.03611e-19 3.32491e-18 1.09662e-18 3.52405e-15
40.379 -5.06756e-19 2.77556e-17 0.55 2.91739e-20 -9.10578e-21 -8.60555e-20 1 -0.143 0.046 0.578 1.15597e-17 -1.50116e-17 0.587528 0.809204 1.00636e-11 -2.92299e-12 5.73252e-14 -9.55982e-13 2.77165e-13 -2.23902e-11 -3.56945e-16 3.97924e-16 -2.26284e-18 3.39935e-18 -5.00338e-17 1.25482e-15
40.99 -1.86152e-18 2.77556e-17 0.55 5.92088e-21 -3.7298e-21 -3.15629e-19 1 -0.143 0.046 0.578 1.64493e-18 -2.35356e-18 0.587528 0.809204 -5.4489e-12 1.33916e-11 2.87908e-14 -1.85198e-13 5.65124e-14 -9.07324e-11 -3.64763e-16 -2.06513e-16 -1.51127e-18 -4.43548e-18 -3.49225e-18 2.15448e-15
41.562 -1.5921e-18 2.77556e-17 0.55 4.55681e-21 -2.88573e-21 -2.69838e-19 1 -0.143 0.046 0.578 1.32951e-18 -1.78728e-18 0.587528 0.809204 1.65177e-12 1.42361e-11 3.14653e-14 -1.52876e-13 3.22546e-14 -6.83313e-11 -6.40337e-16 6.38999e-17 -1.63347e-18 -2.41567e-18 -8.37188e-19 3.33709e-15
42.162 3.96876e-20 2.77556e-17 0.55 -1.91738e-22 -2.23835e-23 6.80624e-21 1 -0.143 0.046 0.578 -6.37473e-20 -4.71381e-20 0.587528 0.809204 -3.47224e-11 2.2706e-12 -3.25247e-15 -8.09376e-15 2.32759e-14 -2.61609e-12 1.58436e-15 -2.42414e-15 -4.43413e-19 -1.14492e-17 -1.95343e-18 -1.79194e-16
42.791 -1.10132e-18 2.77556e-17 0.55 2.60213e-21 -2.21481e-21 -1.86469e-19 1 -0.143 0.046 0.578 6.18899e-19 -1.20755e-18 0.587528 0.809204 -1.17088e-11 8.59982e-12 6.22699e-15 -8.13438e-14 3.7309e-14 -4.48256e-11 8.28854e-16 -1.1581e-15 -1.00251e-18 -7.87756e-18 -2.72069e-18 2.04613e-15
43.448 -6.96966e-19 2.77556e-17 0.55 2.03801e-21 -1.49996e-21 -1.18346e-19 1 -0.143 0.046 0.578 4.48073e-19 -8.62817e-19 0.587528 0.809204 -3.6933e-11 6.8173e-12 -1.14349e-14 -4.78296e-14 3.75395e-14 -4.66082e-11 7.20842e-16 -2.8224e-15 -9.87079e-19 -1.40181e-17 -3.88577e-18 1.86308e-15
44.067 4.82604e-20 2.77556e-17 0.55 -1.48565e-22 1.32315e-22 8.24575e-21 1 -0.143 0.046 0.578 -2.16994e-21 4.76913e-20 0.587528 0.809204 2.00829e-11 1.10052e-11 -2.14621e-14 1.33441e-14 -9.14203e-15 6.60339e-12 -4.34822e-16 1.04406e-15 1.91347e-18 9.50445e-18 7.52783e-18 -1.70894e-16
44.643 -4.66796e-19 0 0.55 1.18915e-21 -5.13224e-22 -7.89836e-20 1 -0.143 0.046 0.578 4.88399e-19 -3.5597e-19 0.587528 0.809204 2.26756e-11 3.71493e-12 -2.08555e-14 -3.22384e-14 -1.41644e-14 -1.36692e-11 5.44018e-16 -2.29739e-16 2.14392e-18 1.17032e-17 3.23703e-18 9.19168e-16
45.238 -3.17623e-19 0 0.55 1.65794e-21 -1.08124e-21 -5.4041e-20 1 -0.143 0.046 0.578 3.94533e-19 -8.34059e-19 0.587528 0.809204 3.76073e-13 -5.14602e-12 1.02251e-14 -1.59922e-14 8.05482e-17 -2.12506e-11 4.3888e-16 -8.24827e-16 -5.8612e-19 -2.4209e-18 -4.04933e-18 1.10379e-15
45.861 -5.66503e-20 0 0.55 1.39513e-21 -2.66315e-22 -9.66527e-21 1 -0.143 0.046 0.578 5.96664e-19 -5.80201e-19 0.587528 0.809204 -5.29215e-13 -4.03281e-12 2.24234e-14 -8.91113e-15 -1.32983e-14 -3.86577e-12 1.68058e-16 6.76417e-16 -9.86187e-19 4.69277e-20 -2.42343e-18 2.15028e-16
46.446 -3.38257e-21 0 0.55 3.47037e-22 -3.36928e-22 -8.14336e-22 1 -0.143 0.046 0.578 -2.61276e-20 -2.24774e-19 0.587528 0.809204 1.43531e-11 -1.03503e-11 2.07195e-14 -3.65091e-14 -2.04018e-14 -3.78571e-12 5.17237e-16 7.45787e-16 1.88042e-20 6.67103e-18 -4.10096e-18 4.0753e-16
47.113 -1.10294e-19 0 0.55 9.30584e-22 -6.93597e-22 -1.87849e-20 1 -0.143 0.046 0.578 1.8113e-19 -5.46164e-19 0.587528 0.809204 1.26251e-11 1.97905e-11 -4.80734e-14 4.12566e-14 1.29338e-14 -4.88258e-12 -7.17867e-16 -3.96641e-16 2.09992e-18 1.92975e-18 1.18091e-17 2.63608e-16
47.728 2.50786e-08 7.84189e-07 0.55 -1.08412e-09 -1.62076e-10 4.34569e-09 1 -0.15008 0.00645704 0.578 -4.12704e-07 2.07194e-07 0.690488 0.723344 0.999112 -2.9715 -0.000255506 0.0288282 0.00929419 14.0076 0.000182259 7.26626e-05 1.03482e-08 1.56307e-08 1.64562e-08 -0.000665653
48.331 4.66578e-07 3.52957e-08 0.55 1.29925e-09 1.12817e-09 7.70136e-08 1 0.0596811 -0.137859 0.578 4.29904e-07 -8.42073e-07 0.979574 -0.201085 -4.06877 5.92575 0.000136574 -0.0573059 -0.03963 -8.21704 -9.3496e-05 0.000441048 -8.13454e-09 -3.59906e-08 -1.28373e-08 0.000343809
48.965 7.11506e-07 1.21262e-07 0.55 1.06451e-09 1.30946e-09 1.17476e-07 1 0.0512567 -0.141206 0.578 4.68094e-07 -7.31991e-07 0.985198 -0.171422 -4.4093 4.75004 2.25033e-06 -0.0454159 -0.0423949 -12.0788 -0.000146016 0.000377991 5.77895e-10 -5.53053e-10 -2.71684e-09 0.000526618
49.5 -3.34934e-06 9.26232e-06 0.55 -2.59182e-08 7.49318e-09 -1.17668e-05 1 -0.141551 0.0506503 0.578 -9.50873e-06 1.31942e-05 0.577227 0.816583 -29.9248 137.861 -0.0272803 -0.380299 0.211427 773.716 0.0014261 -0.00223315 -3.95352e-06 -3.6035e-05 3.36073e-05 -0.0399013
50.151 2.52906e-07 -1.00512e-07 0.55 1.79396e-09 1.86061e-09 4.18322e-08 1 0.110485 -0.101792 0.577999 6.38669e-07 -1.35567e-06 0.916574 -0.399865 -7.91218 8.53593 1.04356e-05 -0.0816493 -0.0760385 -2.21015 3.27624e-06 0.00072769 1.6232e-09 -2.6388e-09 -7.16772e-11 1.6527e-06
50.772 1.9586e-07 -1.29818e-07 0.55 1.02676e-09 1.64201e-11 3.23904e-08 1 -0.048932 -0.142029 0.578 2.80724e-08 -5.89216e-07 0.985973 0.166906 0.804487 4.60613 -0.000951987 -0.0426926 0.00473398 -3.44984 -4.18575e-05 0.000284482 4.31986e-08 9.44641e-08 -1.16573e-07 0.000179804
51.4 -2.45755e-08 -1.02732e-07 0.55 2.4992e-10 -4.94459e-10 -4.14171e-09 1 -0.149725 -0.0121715 0.578 -1.29998e-07 -2.91079e-07 0.733979 0.679172 2.35857 -0.040585 0.000366554 -0.00971386 0.0235629 -1.4554 -8.63687e-06 0.000147148 -2.02148e-08 -7.05633e-08 -4.88332e-07 0.000106323
51.946 -4.02997e-07 1.98448e-09 0.55 8.55494e-10 -6.506e-10 -6.64768e-08 1 -0.021744 -0.148638 0.578 -2.40755e-07 -5.25227e-07 0.997234 0.0743221 2.21811 3.69034 -2.568e-06 -0.0351911 0.0220327 7.34997 0.000137652 0.000252789 -5.56857e-09 -9.1468e-08 -7.24838e-07 -0.000311733
52.476 2.97859e-07 3.08149e-07 0.55 -9.96623e-10 1.27507e-09 4.99319e-08 1 0.129956 -0.0753429 0.578 8.43464e-07 1.5629e-07 0.867378 -0.49765 -4.23523 -2.37283 -0.00402436 0.0570186 -0.0527023 -7.23731 -0.000170354 0.00015495 1.73506e-07 3.04502e-07 -1.76358e-06 0.000272939
53.036 -5.08617e-08 -1.97229e-07 0.55 1.36344e-09 -1.37484e-09 -8.29212e-09 1 -0.1216 -0.0882121 0.578 -4.54903e-07 -1.0601e-06 0.890025 0.455911 6.84455 5.84252 8.32238e-06 -0.0561677 0.0654762 -0.983963 -4.41685e-05 0.000557563 8.6418e-10 -1.96737e-09 -1.33893e-09 0.000151856
53.583 -3.11282e-07 2.04435e-07 0.55 3.33832e-10 -1.24603e-09 -5.1936e-08 1 -0.120043 -0.0903093 0.578 -4.56634e-07 -4.93897e-07 0.893967 0.448132 4.74741 1.65754 -0.000196939 -0.0153218 0.0451813 7.16021 7.88606e-05 0.00030267 1.04183e-08 2.70223e-08 1.8755e-08 -0.000283732
54.045 3.25811e-07 7.97813e-08 0.55 9.97422e-10 1.637e-09 5.41969e-08 1 0.12085 -0.089233 0.578 5.61047e-07 -9.09222e-07 0.893559 -0.448946 -6.99644 4.57732 -0.000158989 -0.0451576 -0.0649776 -5.2227 -4.38172e-05 0.00051833 8.9908e-09 1.85694e-08 1.56017e-07 0.000156838
54.555 4.67614e-07 -1.09002e-07 0.55 1.58241e-09 6.07902e-10 7.71462e-08 1 -0.00900274 -0.149953 0.578 2.45676e-07 -9.15271e-07 0.999495 0.0317911 -0.306196 6.96283 4.23304e-05 -0.0668159 -0.0142379 -11.3162 -9.01972e-05 0.000434446 -1.2175e-10 6.70224e-09 -5.40024e-07 0.000558898
55.077 -5.04455e-08 1.32704e-07 0.55 -2.05131e-09 -4.69149e-10 -8.51569e-09 1 -0.150073 0.00666122 0.578 -1.09646e-06 6.46255e-07 0.689966 0.723842 3.87541 -3.03742 -0.0052948 0.0828852 0.0122224 1.30139 5.82947e-05 0.000258391 1.81551e-07 5.3587e-07 3.78861e-06 1.54823e-07
55.621 -4.15357e-08 -1.67039e-07 0.55 1.85723e-09 5.3104e-10 -6.96579e-09 1 0.0606317 -0.137446 0.578 1.70502e-07 -1.11423e-06 0.978868 -0.204492 -2.88169 8.28094 -1.97894e-05 -0.0794423 -0.027649 1.84289 3.65388e-05 0.000547158 1.2979e-09 -5.02093e-09 1.01538e-08 -0.000127958
56.208 3.52931e-07 -9.19265e-09 0.55 9.23366e-10 5.68657e-10 5.8214e-08 1 0.0235738 -0.148359 0.578 1.98958e-07 -5.60994e-07 0.997038 -0.0769068 -1.8471 4.16633 -1.25501e-05 -0.0397788 -0.0180571 -5.52965 -6.7675e-05 0.000276826 9.95932e-10 2.31427e-09 -1.41852e-08 0.000243375
56.711 -4.08451e-08 4.80782e-07 0.55 -5.25776e-10 -1.47434e-09 -6.70184e-09 1 -0.147568 0.0281294 0.578 -7.51381e-07 -5.60626e-07 0.636121 0.771589 7.26187 -1.39912 6.40831e-06 0.0132504 0.069643 3.409 1.69114e-05 0.000462111 5.25928e-10 -1.68584e-09 3.82164e-10 -6.84306e-05
57.237 -4.8257e-07 1.33249e-07 0.55 6.69283e-10 -1.09709e-09 -7.98415e-08 1 -0.0807443 -0.126675 0.578 -3.82133e-07 -5.29683e-07 0.959522 0.281634 2.37639 3.12378 0.00141226 -0.0246437 0.0400509 3.79778 2.3711e-05 0.000264616 -8.50503e-08 -2.79479e-07 8.55762e-07 -0.000157033
57.642 3.88239e-07 2.11945e-07 0.55 5.38002e-10 1.55948e-09 6.47376e-08 1 0.123835 -0.0850382 0.578 5.6953e-07 -6.56095e-07 0.885738 -0.464185 -5.69448 3.81394 0.000584921 -0.0298494 -0.0563414 -7.79271 -5.19472e-05 0.00041973 -9.10087e-10 1.26879e-07 -3.14404e-07 0.000308694
58.198 3.00436e-07 -2.2125e-07 0.55 2.0532e-09 -6.00715e-11 4.96883e-08 1 -0.0463675 -0.142891 0.578 7.35059e-09 -1.18894e-06 0.987435 0.158027 0.766797 9.07922 8.72029e-06 -0.087062 0.00712795 -6.76359 -9.53363e-05 0.000561639 8.80913e-10 -2.14696e-09 -2.13729e-09 0.000338011
58.784 -3.91945e-07 4.23193e-07 0.55 -1.17709e-11 -1.70998e-09 -6.58975e-08 1 -0.135318 -0.0652321 0.578 -6.58143e-07 -5.2316e-07 0.845897 0.533347 6.22628 0.673548 -0.000404015 -0.00593187 0.0591446 10.4769 0.000117257 0.000372827 1.75697e-08 3.10887e-08 1.59368e-08 -0.000424934
59.362 1.54902e-08 -1.40568e-07 0.55 4.63907e-09 -8.56063e-10 5.81989e-09 1 0.137926 -0.0595229 0.578 -2.17644e-06 -1.93229e-06 0.836511 -0.547951 -3.86298 2.83136 0.0342818 -1.49863 0.414017 1.07009 5.17732e-05 0.00028535 -1.76429e-06 -5.36664e-06 7.6268e-05 -9.77379e-05
59.997 1.48121e-07 -2.27006e-07 0.55 1.00395e-09 -4.07046e-10 2.47178e-08 1 -0.104634 -0.10779 0.578 -1.10433e-07 -6.39886e-07 0.92602 0.377475 4.61759 3.9702 -0.0047725 -0.0399881 0.0259327 -3.23647 -1.13924e-05 0.000345754 2.21262e-07 4.94878e-07 -7.44015e-07 0.000230546
60.591 -2.21255e-08 -2.80501e-08 0.55 1.53886e-10 -4.0803e-10 -3.71352e-09 1 -0.145403 -0.0377322 0.578 -1.38976e-07 -2.17421e-07 0.789848 0.613302 1.61169 2.02285 0.000603559 -0.00645196 0.0180135 -0.34266 -5.53584e-05 0.000126191 -1.88883e-08 1.16067e-08 6.5546e-07 2.7491e-05
61.274 -2.94063e-09 -1.23011e-07 0.55 1.13808e-09 5.48422e-10 -5.82074e-10 1 0.0840315 -0.124521 0.578 1.72335e-07 -7.22666e-07 0.956792 -0.290773 -2.65878 5.11845 4.89793e-06 -0.0489995 -0.0256101 1.23 2.73961e-05 0.00035958 2.7756e-10 -1.2303e-09 -3.01259e-10 -9.50498e-05
61.71 7.99457e-08 1.1089e-09 0.55 3.51022e-10 3.92176e-10 1.32368e-08 1 0.100359 -0.111776 0.578 1.27966e-07 -2.69585e-07 0.934471 -0.356039 0.827271 3.50402 0.00136794 -0.0174559 -0.0124727 -2.25442 7.50048e-05 0.000135446 -4.60431e-08 -1.00503e-07 -1.34129e-06 0.000163982
62.199 2.17445e-07 -2.42735e-07 0.55 1.19274e-09 -2.70685e-10 3.61391e-08 1 -0.0898491 -0.120392 0.578 -5.56584e-08 -7.21718e-07 0.948488 0.316813 2.23135 5.16379 2.13637e-06 -0.0496072 0.0211786 -5.10058 -7.72352e-05 0.000343119 3.9935e-10 -6.93691e-10 -6.16755e-09 0.000276934
62.746 2.36675e-08 8.85851e-07 0.55 -1.36158e-09 -4.10324e-10 4.14747e-09 1 -0.150016 0.00783283 0.578 -6.29646e-07 1.83337e-07 0.687169 0.726497 2.5359 -3.47596 -0.000514644 0.0411707 0.0223502 16.555 0.000217574 0.000152114 -3.1561e-08 -9.25373e-08 -8.85579e-07 -0.000791902
63.22 3.96105e-07 -5.95538e-08 0.55 1.79804e-09 7.70965e-10 6.53183e-08 1 0.0283333 -0.147528 0.578 3.05947e-07 -1.06523e-06 0.995673 -0.0929285 -0.439908 8.6449 0.000231151 -0.0803596 -0.0221851 -6.89059 -2.02457e-05 0.000538374 -5.41397e-09 -5.27466e-10 -8.78267e-07 0.000344176
63.709 7.16858e-07 6.22902e-07 0.55 -2.99965e-10 1.5358e-09 1.19702e-07 1 0.120403 -0.0898212 0.578 5.83773e-07 -2.00447e-07 0.894676 -0.446716 -4.31369 -0.761937 0.000237121 0.00573239 -0.0412147 -15.9082 -0.000196372 0.000190952 -1.21037e-08 -4.04529e-08 6.70649e-08 0.000713488
64.177 -8.65421e-07 4.72924e-07 0.55 1.02191e-10 -1.6909e-09 -1.4363e-07 1 -0.100547 -0.111604 0.578 -6.46104e-07 -3.36058e-07 0.932907 0.360119 5.0945 1.13369 1.62773e-05 -0.0099511 0.050051 16.0541 0.00019422 0.000262228 -3.82739e-10 -1.76004e-09 8.22852e-08 -0.000710141
64.787 -3.28703e-07 7.26406e-07 0.55 -9.17012e-10 -7.75838e-10 -5.56846e-08 1 -0.142412 -0.0477826 0.578 -4.19706e-07 1.56155e-07 0.810802 0.585321 1.50166 -2.60111 -5.40233e-06 0.024903 0.0144335 14.1809 0.000181755 4.58354e-05 4.441e-10 1.29713e-09 6.35212e-10 -0.000661901
65.316 4.89978e-07 -2.06121e-07 0.55 2.50597e-10 6.36162e-10 8.10384e-08 1 -0.0677781 -0.134058 0.578 2.58035e-07 -7.40036e-08 0.972312 0.233688 -1.52291 0.96309 -2.29064e-06 -0.00918791 -0.0146199 -8.8529 -0.000112197 1.02476e-05 1.81836e-10 5.72126e-10 -2.17364e-10 0.000408751
65.898 -1.58061e-07 1.06355e-07 0.55 -4.26013e-11 -3.07331e-10 -2.62657e-08 1 -0.103725 -0.108656 0.578 -1.2357e-07 -3.46829e-08 0.927597 0.373582 0.903434 -0.149429 -0.000304538 -0.00101521 0.00722714 2.57804 8.18605e-05 5.25901e-05 6.82918e-08 2.22226e-07 -6.9915e-07 -0.000173973
66.576 -5.259e-07 1.6138e-07 0.55 2.44315e-10 -8.55092e-10 -8.69155e-08 1 -0.0621162 -0.136773 0.578 -3.21634e-07 -2.30615e-07 0.976996 0.213256 2.55949 1.24367 -6.56409e-08 -0.0119723 0.024507 9.12097 0.000112309 0.000137995 1.4457e-10 1.17148e-11 8.11097e-10 -0.000407927
67.15 6.13704e-07 7.57828e-07 0.55 -7.89969e-10 1.25859e-09 1.03075e-07 1 0.133781 -0.068313 0.578 5.38219e-07 7.33665e-08 0.853829 -0.520554 -2.57157 -2.30095 -0.000183329 0.0224077 -0.0275497 -16.2959 -0.000336912 0.000129722 1.70525e-07 3.45153e-07 2.20384e-06 0.000508823
67.817 4.8007e-07 -1.14894e-07 0.55 1.61368e-09 5.63376e-10 7.92035e-08 1 -0.0102474 -0.149874 0.578 2.16936e-07 -9.32644e-07 0.999354 0.0359406 -1.69315 7.06748 4.46836e-06 -0.0677046 -0.016411 -8.88751 -0.000110519 0.00044878 6.43084e-10 -1.12633e-09 -2.22971e-09 0.000395859
68.511 -1.46866e-07 7.74016e-07 0.55 -1.03282e-09 -1.02352e-09 -2.50024e-08 1 -0.149371 -0.0159424 0.578 -6.63061e-07 -6.02481e-08 0.742521 0.669823 4.01539 -2.60364 -7.71145e-05 0.0262008 0.0384235 15.0804 0.000189315 0.000223092 6.92941e-09 2.12449e-08 3.78192e-08 -0.000687264
69.202 4.70914e-08 -8.24898e-08 0.55 9.75795e-09 -2.41101e-09 1.28994e-08 1 0.138424 -0.0583535 0.578 -4.85605e-06 -4.02003e-06 0.834187 -0.551482 -3.64046 2.97207 0.0312357 -1.58221 0.434376 0.107083 5.26789e-05 0.000274153 -1.60678e-06 -5.43712e-06 8.0522e-05 -4.47934e-05
69.825 5.71176e-08 -2.28226e-07 0.55 1.16141e-09 -8.47939e-10 9.67066e-09 1 -0.117123 -0.0940722 0.578 -2.6388e-07 -8.26357e-07 0.900946 0.433932 3.83546 5.85823 0.000278562 -0.0496028 0.0409994 -1.50401 -7.77208e-05 0.000419132 -3.26478e-09 4.10651e-08 3.83976e-07 0.000113949
70.482 -1.16856e-07 4.40776e-08 0.55 2.7123e-10 -5.44422e-10 -1.94687e-08 1 -0.120447 -0.0897673 0.578 -1.80745e-07 -2.7829e-07 0.89295 0.450156 2.94055 -1.95818 -0.00222569 -0.00931888 0.0233473 -0.946146 9.14655e-05 0.000117353 -8.82938e-09 -6.10007e-07 -1.2831e-06 0.000112002
71.144 1.47206e-07 3.19756e-08 0.55 4.87024e-10 1.17172e-09 2.46225e-08 1 0.135455 -0.0649499 0.578 4.23728e-07 -5.83236e-07 0.847227 -0.53123 -5.06956 2.35978 4.90007e-06 -0.0225054 -0.0486513 -2.50539 -1.3531e-05 0.000349376 2.35035e-10 -1.29058e-09 -2.8341e-10 5.38551e-05
71.778 4.1524e-07 -3.07497e-08 0.55 6.16298e-10 5.75466e-10 6.8495e-08 1 0.000889067 -0.150217 0.578 2.32058e-07 -3.618e-07 0.999999 -0.0011487 -6.46894 2.62288 0.000126276 -0.0263919 -0.0139744 -8.37671 -0.000243836 0.000173829 -4.25457e-09 -5.07762e-09 2.35647e-06 0.000282625
72.412 -6.44411e-08 -8.45536e-08 0.55 -5.46236e-09 1.18604e-09 -1.17571e-08 1 -0.146252 0.0342917 0.578 -2.22133e-06 2.78405e-06 0.619772 0.784782 2.42729 -0.169802 0.00723799 -0.444853 0.151412 -0.867158 -2.40776e-05 0.000148184 -3.50871e-07 -4.44447e-07 -2.31089e-05 7.34324e-05
73.053 -4.65242e-07 3.77081e-08 0.55 8.54662e-10 -8.02057e-10 -7.67667e-08 1 -0.0351572 -0.146048 0.578 -2.90349e-07 -5.46437e-07 0.992824 0.119586 3.94774 3.58365 -0.000385241 -0.0359365 0.0257774 8.23294 0.000134664 0.000277926 2.70148e-08 9.67946e-08 -5.82213e-07 -0.000337146
73.68 8.39201e-08 1.73477e-09 0.55 3.146e-10 4.62256e-10 1.39174e-08 1 0.109569 -0.102763 0.578 1.62725e-07 -2.7131e-07 0.91834 -0.395792 -1.61353 1.61471 0.000595598 -0.0150205 -0.0175925 -0.742995 0.00012212 0.000150594 -1.33394e-07 1.16184e-08 -2.09802e-06 0.00015885
74.329 -6.90851e-08 -1.18287e-07 0.55 7.01309e-10 -1.27839e-09 -1.14931e-08 1 -0.139732 -0.0551561 0.578 -4.4707e-07 -7.40305e-07 0.82578 0.563992 6.01292 3.01635 -8.15246e-06 -0.029289 0.0574993 -0.278694 -2.62808e-05 0.000419885 7.29832e-10 -2.68008e-09 -1.24558e-08 9.38959e-05
74.948 -2.50855e-07 1.53083e-07 0.55 2.10779e-10 -7.5497e-10 -4.17781e-08 1 -0.114607 -0.0971121 0.578 -2.63687e-07 -2.84883e-07 0.906578 0.422038 2.74048 1.34861 0.000432744 -0.0112448 0.0256872 4.78546 4.88904e-05 0.00018038 -2.75378e-09 8.1586e-08 5.48751e-08 -0.000196591
75.613 2.10969e-06 2.04008e-06 0.55 -4.39811e-08 1.29866e-08 4.50393e-06 1 0.143352 -0.0448768 0.578 2.36176e-05 1.74822e-05 0.807631 -0.589688 -89.4279 109.995 0.171741 1.03227 -0.360677 -1109.55 -0.00100162 0.00211058 1.29858e-06 3.10477e-05 -0.000128544 0.0130981
76.263 3.40459e-07 -1.70789e-07 0.55 1.01858e-09 2.43075e-10 5.62729e-08 1 -0.0499635 -0.141669 0.578 1.25214e-07 -5.66689e-07 0.985358 0.170498 -3.38771 5.85885 0.000796303 -0.0428627 -0.00430586 -5.2351 -0.000184546 0.000272119 4.05815e-09 2.14786e-07 1.51654e-06 0.000178383
76.896 -2.16566e-08 -9.29487e-08 0.55 1.61613e-10 -4.70568e-10 -3.64644e-09 1 -0.149594 -0.0136816 0.578 -1.58089e-07 -2.43935e-07 0.737397 0.675459 2.29012 -0.358809 -7.30261e-05 -0.00593236 0.02164 -2.06821 -1.40777e-06 0.00014235 1.29821e-10 -1.69242e-08 -4.56493e-07 0.000138568
77.523 -2.19747e-07 -1.23461e-07 0.55 1.26967e-09 -5.85519e-11 -3.63048e-08 1 0.0358002 -0.145894 0.578 -3.2823e-08 -7.31581e-07 0.992982 -0.118265 -1.60747 5.3108 -9.10426e-05 -0.0538002 -0.00296748 5.57942 2.32047e-05 0.000345834 4.09142e-10 -2.17201e-08 6.27696e-07 -0.000305708
78.15 3.99917e-07 9.99066e-08 0.55 5.17304e-10 7.64438e-10 6.60843e-08 1 0.0648128 -0.135518 0.578 2.68115e-07 -3.82683e-07 0.975625 -0.219443 -2.4657 2.15538 0.000230327 -0.0224677 -0.0244103 -6.21704 -7.49252e-05 0.000196946 -2.0804e-08 -9.70875e-08 1.09364e-08 0.000268288
78.735 -1.00634e-07 7.07422e-08 0.55 -2.42329e-10 -1.61471e-09 -1.7e-08 1 -0.149171 0.0177522 0.578 -7.46405e-07 -5.9949e-07 0.66268 0.748903 7.43824 -0.703762 6.70808e-06 0.00658094 0.0713195 2.99746 1.07601e-05 0.000467054 5.26198e-10 -1.76291e-09 3.22665e-10 -4.61354e-05
79.412 -4.54267e-07 3.85045e-09 0.55 1.03792e-09 -7.05476e-10 -7.49358e-08 1 -0.0287522 -0.147444 0.578 -2.33523e-07 -6.35212e-07 0.995197 0.0978956 3.4217 4.45129 -7.799e-05 -0.0446424 0.0241481 4.64855 -2.85079e-05 0.000314676 -1.41233e-08 7.0594e-08 1.8485e-06 -0.000472785
80.043 -2.93607e-08 -7.21883e-08 0.55 4.66397e-10 2.38255e-10 -4.92036e-09 1 0.0998444 -0.112236 0.578 5.69536e-08 -3.10469e-07 0.935284 -0.353897 -1.22084 2.03922 0.00041163 -0.0197733 -0.0130317 1.26372 -1.11107e-06 0.000162821 2.91081e-08 1.08099e-07 3.90726e-07 -8.77077e-05
80.704 -1.65692e-08 -1.56169e-07 0.55 7.23697e-10 -9.4188e-10 -2.65129e-09 1 -0.135167 -0.0655507 0.578 -3.14498e-07 -6.41242e-07 0.846501 0.532388 4.79408 2.7595 -0.000179475 -0.0291704 0.044753 -1.53584 -2.79497e-05 0.000345661 5.37607e-09 -8.31545e-09 -1.41248e-07 0.000141008
81.355 -2.09858e-07 1.59222e-07 0.55 1.01232e-10 -6.76812e-10 -3.5053e-08 1 -0.122782 -0.0865441 0.578 -2.43772e-07 -2.23007e-07 0.886912 0.461939 2.38678 0.857267 0.000369753 -0.00620085 0.022485 4.09136 4.12725e-05 0.000149436 -1.62152e-09 7.59505e-08 8.08561e-08 -0.000167551
82.011 1.56682e-07 3.94063e-08 0.55 4.95567e-10 1.25752e-09 2.6224e-08 1 0.136396 -0.0629514 0.578 4.57364e-07 -6.15754e-07 0.843299 -0.537444 -5.44327 2.39709 5.24341e-06 -0.0228541 -0.0522353 -2.77227 -1.55933e-05 0.000371562 2.81451e-10 -1.38428e-09 -3.53952e-10 6.18084e-05
82.638 4.14517e-07 -7.22282e-08 0.55 8.00548e-10 4.98095e-10 6.83884e-08 1 -0.012462 -0.149702 0.578 1.99529e-07 -4.57643e-07 0.999061 0.0433239 -1.1455 3.5008 -1.41905e-05 -0.0335853 -0.0122773 -7.25987 -8.85236e-05 0.000214488 5.55362e-10 -1.94577e-10 -6.02205e-08 0.000337644
83.312 -3.38366e-08 -9.49431e-08 0.55 -4.71036e-11 -4.35993e-10 -5.73323e-09 1 -0.150204 0.00210486 0.578 -2.14049e-07 -1.40357e-07 0.700858 0.713301 2.25879 0.294292 -0.000179176 -0.011837 0.0210636 -1.14395 -2.35152e-05 0.000140431 9.92021e-09 4.54115e-08 -4.49102e-07 8.54638e-05
83.923 -3.64536e-07 -5.74856e-08 0.55 1.12121e-09 -4.86881e-10 -6.0129e-08 1 -0.000631564 -0.15022 0.578 -1.80009e-07 -6.55817e-07 0.999993 0.00386614 2.21743 5.00692 8.78612e-05 -0.0482974 0.0132461 6.56224 0.000105151 0.000316702 -2.31625e-09 -1.12759e-09 -3.86558e-07 -0.00028255
84.543 2.67345e-07 9.86853e-08 0.55 3.7197e-10 7.08941e-10 4.42894e-08 1 0.0905544 -0.119856 0.578 2.54102e-07 -3.2946e-07 0.948695 -0.316192 -4.1128 0.223355 -0.000790319 -0.0149976 -0.0277194 -2.04635 -0.000102647 0.000177546 9.0409e-09 -1.32033e-07 8.42526e-07 2.28432e-05
85.17 -1.08586e-07 3.67795e-08 0.55 -4.45786e-11 -1.68576e-09 -1.8378e-08 1 -0.150188 0.0032852 0.578 -7.25065e-07 -6.65342e-07 0.698056 0.716043 7.66797 0.214482 7.0516e-06 -0.00222764 0.0735023 2.48682 3.04697e-06 0.000479645 5.55274e-10 -1.85026e-09 1.95481e-10 -1.83254e-05
85.735 -3.23381e-07 1.33994e-07 0.55 4.29e-10 -8.69377e-10 -5.3595e-08 1 -0.0911959 -0.119369 0.578 -3.11722e-07 -3.94134e-07 0.946701 0.322113 3.11801 2.25234 0.000117187 -0.0196609 0.0302524 6.21092 6.77512e-05 0.000227806 5.16548e-09 6.53817e-08 8.05767e-08 -0.000260419
86.298 7.38834e-06 7.12459e-06 0.55 -4.28401e-08 1.48751e-08 1.08546e-05 1 0.144009 -0.0427797 0.578 2.26709e-05 1.6677e-05 0.804378 -0.594118 -344.296 -829.092 -0.333252 2.46235 -0.882264 -109.131 -0.0280938 0.00283353 1.7042e-05 3.44851e-05 0.000279235 -0.00568282
86.813 6.24825e-07 -1.26653e-07 0.55 1.13026e-09 5.29225e-10 1.03097e-07 1 -0.0173074 -0.149221 0.578 1.65473e-07 -6.41588e-07 0.998227 0.0595222 -1.34725 4.9679 -5.77704e-05 -0.0473685 -0.0147288 -8.00277 0.000205631 0.000297875 -5.36931e-09 -1.55617e-07 -5.41795e-06 0.00136559
87.428 -3.20673e-08 -1.87446e-07 0.55 4.47747e-12 -5.3074e-10 -5.41864e-09 1 -0.150127 -0.00527248 0.578 -2.61663e-07 -1.80869e-07 0.718159 0.695879 2.70933 0.785604 -0.00103331 0.00839835 0.0229888 -2.62532 -4.44081e-05 0.000170711 5.34912e-08 1.60907e-07 7.80243e-07 0.000163345
88.052 4.67878e-07 -2.1624e-07 0.55 2.57446e-10 6.1105e-10 7.74285e-08 1 -0.0740079 -0.130722 0.578 2.48161e-07 -7.41363e-08 0.966546 0.256492 -1.43887 0.973404 -2.15983e-06 -0.00928893 -0.0138142 -8.53668 -0.000108299 8.32972e-06 1.70762e-10 5.38719e-10 -1.74421e-10 0.000394546
88.663 2.14374e-07 -2.13489e-07 0.55 3.88729e-10 1.71161e-10 3.57608e-08 1 -0.115377 -0.0961974 0.578 8.71412e-08 -1.81564e-07 0.904878 0.425671 0.137706 1.47671 2.5756e-07 -0.0141565 0.00128537 -4.86703 -6.67034e-05 6.3761e-05 2.8931e-11 -3.32271e-11 -2.6384e-10 0.000242649
89.232 -3.28999e-08 -5.53129e-08 0.55 1.15594e-08 -3.78404e-09 -2.32419e-08 1 -0.14408 0.0424982 0.578 4.50278e-06 -6.26171e-06 0.597354 0.801978 1.80083 3.69193 -0.00337656 -0.312758 0.104764 -0.303705 -0.000132509 4.33761e-05 1.74761e-07 -1.22935e-08 -1.4671e-05 1.13771e-05
89.815 8.47909e-08 -2.08737e-07 0.55 2.88851e-10 1.40386e-10 1.43798e-08 1 -0.143021 -0.0459392 0.578 9.16468e-08 -8.36004e-08 0.806966 0.590597 -0.0958075 0.833396 -4.07419e-07 -0.00798389 -0.000938518 -3.89958 -5.1521e-05 9.84e-06 3.57884e-11 1.09911e-10 -9.38552e-11 0.000187713
90.433 6.75785e-08 -1.71188e-07 0.55 2.38583e-10 1.0809e-10 1.14648e-08 1 -0.143554 -0.0442433 0.578 7.27197e-08 -7.12947e-08 0.803459 0.59536 -0.0670119 0.691651 -1.88031e-07 -0.0066263 -0.000658385 -3.21633 -4.25475e-05 8.80484e-06 1.94982e-11 5.07914e-11 -6.60543e-11 0.000154984
91.012 -7.13382e-09 1.80986e-09 0.55 -2.25033e-11 -1.02096e-10 -1.20212e-09 1 -0.146776 0.0319666 0.578 -4.80347e-08 -3.78598e-08 0.625983 0.779837 0.465421 -0.10087 4.34589e-07 0.000956565 0.00446386 0.134437 5.60512e-08 2.97768e-05 -2.07319e-11 -1.17279e-10 1.02831e-11 -3.1238e-07
91.598 -5.99854e-09 -9.73733e-08 0.55 1.34692e-10 -2.92167e-11 -1.02704e-09 1 -0.150058 0.00689401 0.578 3.09445e-08 -4.70739e-08 0.689393 0.724387 0.0981416 0.365967 -4.30197e-08 -0.0035093 0.000932079 -1.71473 -2.31685e-05 4.94845e-06 4.90368e-12 1.04821e-11 -3.85616e-11 8.4411e-05
92.179 5.29734e-09 -1.06112e-07 0.55 1.49431e-10 9.75292e-12 9.04876e-10 1 -0.150124 -0.00528045 0.578 4.29827e-08 -4.23367e-08 0.718181 0.695856 -0.00454075 0.405401 -1.10036e-07 -0.00388468 -5.30264e-05 -1.90632 -2.55193e-05 4.82408e-07 9.36138e-12 2.98256e-11 -3.19773e-11 9.2967e-05
92.875 -4.46681e-09 -8.70367e-09 0.55 5.63452e-12 -3.13334e-11 -7.57078e-10 1 -0.146177 0.0346029 0.578 -9.05039e-09 -1.37625e-08 0.618939 0.785439 0.125999 0.0117099 1.10115e-07 -0.000114895 0.00120755 -0.153113 -2.50145e-06 7.50646e-06 -5.91475e-12 -2.97543e-11 9.82323e-13 9.09982e-06
93.498 -1.08926e-08 -4.76179e-08 0.55 6.21766e-11 -2.80882e-11 -1.85805e-09 1 -0.147751 0.027104 0.578 1.49091e-08 -2.32293e-08 0.638768 0.769399 0.0551314 0.176062 -7.64366e-09 -0.00168847 0.000524339 -0.845935 -1.13156e-05 1.4113e-06 8.84462e-13 1.16519e-12 -1.76123e-11 4.12242e-05
