186.274 -1.43193e-09 -6.95507e-10 0.55 7.60945e-13 -1.90937e-12 -2.37065e-10 1 0.0793867 -0.127526 0.578 -7.71835e-10 -1.93964e-10 0.961984 -0.273106 0.00455501 0.00282422 -5.55044e-11 -2.71657e-05 4.35857e-05 0.0264427 3.32113e-07 1.98097e-10 2.91152e-15 1.64351e-14 4.02566e-13 -1.20989e-06
186.671 -6.85654e-10 -3.3459e-10 0.55 3.69042e-13 -9.1297e-13 -1.13518e-10 1 0.0796314 -0.127373 0.578 -3.69254e-10 -9.5314e-11 0.961721 -0.274029 0.002178 0.00137564 8.86152e-13 -1.32308e-05 2.08392e-05 0.0127064 1.61069e-07 1.11949e-09 -1.37569e-15 1.59043e-15 1.46077e-13 -5.86778e-07
187.233 6.07559e-10 2.97991e-10 0.55 -3.22716e-13 8.12733e-13 1.00594e-10 1 0.080132 -0.127058 0.578 3.28417e-10 8.07419e-11 0.96118 -0.275921 -0.00191232 -0.00117748 -5.46895e-12 1.13271e-05 -1.83e-05 -0.0110806 -1.40413e-07 1.18244e-09 1.1969e-16 -1.04721e-14 -2.45304e-13 5.11524e-07
187.696 1.21595e-09 5.99658e-10 0.55 -6.55598e-13 1.6239e-12 2.01332e-10 1 0.0804145 -0.12688 0.578 6.56621e-10 1.66627e-10 0.960873 -0.27699 -0.00382396 -0.00240686 9.83393e-12 2.31504e-05 -3.65904e-05 -0.0222881 -2.82516e-07 2.2527e-10 -5.72904e-16 -9.2352e-15 -3.92686e-13 1.02921e-06
188.21 1.05172e-09 5.18695e-10 0.55 -5.67077e-13 1.40455e-12 1.74139e-10 1 0.080415 -0.12688 0.578 5.67926e-10 1.44116e-10 0.960872 -0.276991 -0.00333593 -0.00210029 4.50314e-12 2.02012e-05 -3.19198e-05 -0.0194452 -2.46482e-07 1.76058e-10 4.88349e-16 -7.28661e-15 -2.94885e-13 8.97937e-07
188.703 2.72338e-10 1.33527e-10 0.55 -1.43799e-13 3.64701e-13 4.5091e-11 1 0.0801478 -0.127049 0.578 1.47316e-10 3.56263e-11 0.961163 -0.27598 -0.000882268 -0.00053856 -4.68564e-12 5.18014e-06 -8.44156e-06 -0.00510061 -6.46266e-08 8.05622e-10 9.33209e-16 -3.61409e-15 -3.093e-14 2.35439e-07
189.349 -7.58108e-10 -3.70243e-10 0.55 4.06038e-13 -1.01087e-12 -1.25515e-10 1 0.0797288 -0.127312 0.578 -4.08738e-10 -1.03837e-10 0.961617 -0.274397 0.00236637 0.0014822 1.07678e-11 -1.4257e-05 2.26437e-05 0.0137743 1.74588e-07 4.09424e-10 1.56771e-15 8.383e-15 2.6369e-13 -6.36023e-07
190.02 -8.73543e-10 -4.25766e-10 0.55 4.65702e-13 -1.16523e-12 -1.44625e-10 1 0.0796205 -0.12738 0.578 -4.71055e-10 -1.18608e-10 0.961733 -0.273988 0.0027685 0.00172234 -6.04346e-11 -1.65667e-05 2.6491e-05 0.016086 2.0387e-07 3.96325e-11 3.73184e-15 9.57257e-15 2.50882e-13 -7.427e-07
190.606 -1.93173e-10 -9.46311e-11 0.55 1.04838e-13 -2.5703e-13 -3.19828e-11 1 0.07985 -0.127236 0.578 -1.0399e-10 -2.72659e-11 0.961486 -0.274855 0.000628374 0.000401293 -3.55594e-11 -3.8592e-06 6.01182e-06 0.00367698 4.66166e-08 4.7668e-10 -6.61524e-16 -8.96499e-16 1.97027e-14 -1.69827e-07
191.204 5.51733e-10 2.70965e-10 0.55 -2.95682e-13 7.3688e-13 9.1351e-11 1 0.080152 -0.127046 0.578 2.97901e-10 7.49416e-11 0.961159 -0.275996 -0.00170556 -0.00106503 2.21905e-11 1.02445e-05 -1.63206e-05 -0.0099197 -1.28199e-07 2.75483e-10 -1.44566e-15 -6.27983e-15 -1.96374e-13 4.67028e-07
191.749 7.32632e-10 3.60527e-10 0.55 -3.94447e-13 9.78062e-13 1.21304e-10 1 0.0802613 -0.126977 0.578 3.95477e-10 1.00398e-10 0.96104 -0.27641 -0.0023093 -0.00145213 -3.44425e-11 1.39673e-05 -2.20968e-05 -0.0134564 -1.70567e-07 6.61352e-12 -1.84083e-15 -5.46227e-15 -2.20015e-13 6.21378e-07
192.226 4.31845e-10 2.1218e-10 0.55 -2.3162e-13 5.76708e-13 7.15012e-11 1 0.0801747 -0.127032 0.578 2.3315e-10 5.87376e-11 0.961134 -0.276082 -0.00136584 -0.000854253 7.90652e-13 8.2165e-06 -1.30689e-05 -0.00794738 -1.02933e-07 1.75454e-10 -1.39427e-15 -3.66578e-15 -1.08826e-13 3.74988e-07
192.639 -5.78254e-12 -2.93501e-12 0.55 4.06039e-15 -7.28578e-15 -9.57484e-13 1 0.0800142 -0.127133 0.578 -3.00108e-12 -1.39484e-12 0.961308 -0.275475 5.74299e-06 9.25136e-06 1.94331e-11 -8.91236e-08 5.53724e-08 4.74577e-05 6.10842e-10 2.99592e-10 -1.45234e-15 -3.97303e-17 3.29372e-14 -2.22334e-09
193.136 -4.50435e-10 -2.20276e-10 0.55 2.41309e-13 -6.00829e-13 -7.45762e-11 1 0.0798289 -0.127249 0.578 -2.42933e-10 -6.15898e-11 0.961509 -0.274775 0.00140858 0.000881816 1.70305e-11 -8.48206e-06 1.34786e-05 0.00819802 1.03908e-07 1.39364e-10 2.52364e-16 4.9104e-15 1.56623e-13 -3.78537e-07
193.54 -5.73708e-10 -2.80203e-10 0.55 3.06446e-13 -7.65446e-13 -9.49851e-11 1 0.0797588 -0.127293 0.578 -3.09451e-10 -7.80098e-11 0.961584 -0.27451 0.00181076 0.00112879 -2.21065e-11 -1.08576e-05 1.73268e-05 0.0105268 1.33435e-07 1.4849e-12 6.83372e-16 6.33096e-15 1.7734e-13 -4.86107e-07
194.142 -3.14257e-10 -1.53681e-10 0.55 1.68386e-13 -4.19146e-13 -5.203e-11 1 0.0798295 -0.127249 0.578 -1.6947e-10 -4.29979e-11 0.961508 -0.274777 0.00100264 0.000627797 5.0397e-12 -6.03834e-06 9.59361e-06 0.00583579 7.39671e-08 1.07629e-10 8.54024e-16 2.15918e-15 7.61603e-14 -2.69464e-07
194.774 1.94366e-10 9.52547e-11 0.55 -1.03782e-13 2.59637e-13 3.21809e-11 1 0.0800231 -0.127127 0.578 1.04952e-10 2.62387e-11 0.961299 -0.275509 -0.000611955 -0.000380387 4.36558e-11 3.6591e-06 -5.85606e-06 -0.00355481 -4.33916e-08 1.52982e-10 2.63319e-16 -2.83651e-15 -7.89703e-14 1.58075e-07
195.331 4.35882e-10 2.1409e-10 0.55 -2.3417e-13 5.81839e-13 7.21693e-11 1 0.0801366 -0.127056 0.578 2.35253e-10 5.95884e-11 0.961175 -0.275938 -0.00137483 -0.00086238 1.34124e-11 8.29489e-06 -1.31554e-05 -0.00800587 -1.01475e-07 1.75576e-11 -3.11192e-15 -3.97431e-15 -1.38143e-13 3.69675e-07
195.959 2.83038e-10 1.38936e-10 0.55 -1.51834e-13 3.77858e-13 4.68626e-11 1 0.0801029 -0.127077 0.578 1.52767e-10 3.8582e-11 0.961212 -0.27581 -0.000912924 -0.000571548 2.18326e-11 5.49734e-06 -8.73525e-06 -0.00531341 -6.7346e-08 5.32018e-11 -1.70263e-16 -2.42123e-15 -7.3906e-14 2.45343e-07
196.594 -1.08939e-10 -5.33974e-11 0.55 5.868e-14 -1.45247e-13 -1.80368e-11 1 0.0799567 -0.127169 0.578 -5.87428e-11 -1.50518e-11 0.961371 -0.275258 0.000344775 0.000217464 -3.22629e-12 -2.09182e-06 3.29932e-06 0.00201063 2.5487e-08 9.50462e-11 2.76671e-16 1.31728e-15 5.11698e-14 -9.28484e-08
197.267 -3.38245e-10 -1.65428e-10 0.55 1.80941e-13 -4.51335e-13 -5.60017e-11 1 0.07985 -0.127236 0.578 -1.82471e-10 -4.60627e-11 0.961486 -0.274854 0.00106701 0.000666245 -2.36072e-11 -6.40844e-06 1.021e-05 0.00620576 7.86538e-08 1.97634e-12 5.4735e-16 3.64517e-15 1.05873e-13 -2.86536e-07
197.914 -1.90837e-10 -9.33973e-11 0.55 1.02255e-13 -2.54594e-13 -3.15961e-11 1 0.0798877 -0.127212 0.578 -1.02935e-10 -2.60742e-11 0.961445 -0.274997 0.000608737 0.000380991 2.85349e-11 -3.6645e-06 5.82462e-06 0.00354269 4.49024e-08 3.57022e-11 -7.59891e-16 1.3539e-15 4.6718e-14 -1.63581e-07
198.542 1.08417e-10 5.31259e-11 0.55 -5.7965e-14 1.44777e-13 1.79504e-11 1 0.0800012 -0.127141 0.578 5.85275e-11 1.46909e-11 0.961322 -0.275426 -0.000339698 -0.000211631 -4.98614e-11 2.03578e-06 -3.25071e-06 -0.00197447 -2.50245e-08 5.4297e-11 6.34995e-16 -1.46649e-15 -4.59224e-14 9.11638e-08
199.141 2.59269e-10 1.27223e-10 0.55 -1.39161e-13 3.46054e-13 4.29271e-11 1 0.0800723 -0.127096 0.578 1.39916e-10 3.54173e-11 0.961245 -0.275695 -0.000817521 -0.000512309 -1.28451e-11 4.92772e-06 -7.82265e-06 -0.00475933 -6.03242e-08 5.92605e-12 -1.68097e-15 -2.32249e-15 -8.1574e-14 2.19762e-07
199.811 1.44918e-10 7.10743e-11 0.55 -7.76799e-14 1.93446e-13 2.39939e-11 1 0.0800435 -0.127114 0.578 7.82084e-11 1.97443e-11 0.961276 -0.275586 -0.000462549 -0.000289334 1.84728e-11 2.78291e-06 -4.42584e-06 -0.00269151 -3.41138e-08 2.38002e-11 5.03733e-17 -1.17296e-15 -3.53216e-14 1.24277e-07
200.474 -9.62942e-11 -4.71769e-11 0.55 5.16875e-14 -1.28466e-13 -1.59432e-11 1 0.0799514 -0.127172 0.578 -5.19457e-11 -1.31922e-11 0.961376 -0.275238 0.000294586 0.000184815 1.65854e-11 -1.77776e-06 2.81897e-06 0.00171548 2.17441e-08 2.93212e-11 -1.28297e-15 1.09059e-15 3.8319e-14 -7.92133e-08
201.139 -2.00057e-10 -9.79154e-11 0.55 1.07095e-13 -2.66964e-13 -3.31228e-11 1 0.0798997 -0.127205 0.578 -1.07932e-10 -2.72602e-11 0.961432 -0.275042 0.000631477 0.000394589 -3.96597e-12 -3.79543e-06 6.04244e-06 0.00367342 4.65586e-08 -1.47588e-12 -2.34768e-16 2.01147e-15 6.12364e-14 -1.69613e-07
201.753 -9.80636e-11 -4.80216e-11 0.55 5.25652e-14 -1.30838e-13 -1.62361e-11 1 0.079929 -0.127186 0.578 -5.28992e-11 -1.33984e-11 0.9614 -0.275153 0.000312676 0.00019576 -3.6235e-11 -1.88285e-06 2.99178e-06 0.00181986 2.30662e-08 1.42087e-11 6.17055e-16 7.96566e-16 2.26138e-14 -8.40308e-08
202.39 7.98358e-11 3.91261e-11 0.55 -4.2752e-14 1.06576e-13 1.32183e-11 1 0.0799975 -0.127143 0.578 4.30877e-11 1.0862e-11 0.961326 -0.275412 -0.000248989 -0.000155527 -7.49104e-12 1.49605e-06 -2.38264e-06 -0.00144826 -1.83559e-08 1.76736e-11 3.71179e-16 -9.85512e-16 -3.13886e-14 6.68702e-08
203.076 1.52532e-10 7.48066e-11 0.55 -8.18285e-14 2.03576e-13 2.52546e-11 1 0.0800351 -0.12712 0.578 8.23088e-11 2.08283e-11 0.961286 -0.275554 -0.000481758 -0.000301743 1.0223e-11 2.90234e-06 -4.60979e-06 -0.00280425 -3.55434e-08 1.37084e-12 -1.30872e-15 -1.4177e-15 -4.62176e-14 1.29485e-07
203.665 7.11305e-11 3.4869e-11 0.55 -3.81132e-14 9.49429e-14 1.1777e-11 1 0.0800109 -0.127135 0.578 3.83841e-11 9.68964e-12 0.961312 -0.275463 -0.000233727 -0.000146161 6.13316e-12 1.40581e-06 -2.23637e-06 -0.00135993 -1.66483e-08 1.00296e-11 4.85634e-16 -4.51683e-16 -1.58571e-14 6.06504e-08
204.286 -6.21645e-11 -3.04563e-11 0.55 3.33423e-14 -8.29479e-14 -1.02924e-11 1 0.0799593 -0.127167 0.578 -3.35386e-11 -8.49883e-12 0.961368 -0.275268 0.000196596 0.00012316 -2.30326e-11 -1.18468e-06 1.88126e-06 0.0011444 1.45053e-08 9.35263e-12 7.77927e-16 7.56272e-16 2.4598e-14 -5.28425e-08
204.881 -1.18592e-10 -5.80709e-11 0.55 6.3517e-14 -1.58259e-13 -1.96349e-11 1 0.0799313 -0.127185 0.578 -6.39842e-11 -1.61679e-11 0.961398 -0.275162 0.000374104 0.000233898 -2.14046e-11 -2.24978e-06 3.57971e-06 0.00217657 2.7587e-08 -7.28073e-13 -2.82699e-16 1.25377e-15 3.6731e-14 -1.005e-07
205.489 -6.54589e-11 -3.20615e-11 0.55 3.50806e-14 -8.73464e-14 -1.08378e-11 1 0.0799456 -0.127176 0.578 -3.53145e-11 -8.93508e-12 0.961382 -0.275216 0.00020841 0.000130419 -1.66049e-11 -1.2544e-06 1.99414e-06 0.00121285 1.53365e-08 4.1179e-12 -1.05682e-15 3.25262e-16 1.5811e-14 -5.58715e-08
206.109 3.79366e-11 1.85891e-11 0.55 -2.03161e-14 5.06406e-14 6.28109e-12 1 0.0799849 -0.127151 0.578 2.04739e-11 5.16353e-12 0.96134 -0.275364 -0.000119248 -7.45014e-05 -2.87747e-11 7.16669e-07 -1.14113e-06 -0.000693646 -8.79162e-09 6.83673e-12 2.3574e-15 -4.07289e-16 -1.61038e-14 3.20277e-08
206.756 9.1149e-11 4.46857e-11 0.55 -4.88787e-14 1.21649e-13 1.50914e-11 1 0.0800104 -0.127135 0.578 4.91839e-11 1.24412e-11 0.961312 -0.275461 -0.000287395 -0.000179924 -2.01671e-13 1.73063e-06 -2.75001e-06 -0.00167268 -2.12008e-08 1.05408e-12 4.53736e-16 -8.65637e-16 -2.83501e-14 7.72348e-08
207.339 5.51891e-11 2.70519e-11 0.55 -2.95826e-14 7.36574e-14 9.13756e-12 1 0.0800012 -0.127141 0.578 2.97796e-11 7.52676e-12 0.961322 -0.275426 -0.000176247 -0.000110279 2.25781e-11 1.06069e-06 -1.6864e-06 -0.00102564 -1.29996e-08 2.9457e-12 -4.41455e-16 -5.34248e-16 -1.39204e-14 4.73578e-08
207.949 -2.31045e-11 -1.13219e-11 0.55 1.23963e-14 -3.08296e-14 -3.82536e-12 1 0.0799719 -0.127159 0.578 -1.24658e-11 -3.16033e-12 0.961354 -0.275315 7.05766e-05 4.42343e-05 2.99161e-11 -4.25526e-07 6.75385e-07 0.000410882 5.20795e-09 3.92431e-12 -1.40189e-15 1.97187e-16 1.04995e-14 -1.89724e-08
208.614 -6.98901e-11 -3.42327e-11 0.55 3.74441e-14 -9.32693e-14 -1.15715e-11 1 0.0799501 -0.127173 0.578 -3.77091e-11 -9.53124e-12 0.961378 -0.275233 0.000220251 0.000137751 3.04462e-11 -1.325e-06 2.10753e-06 0.00128155 1.62431e-08 -3.82117e-13 -1.27166e-15 6.52972e-16 2.19143e-14 -5.91738e-08
209.271 -3.88342e-11 -1.9024e-11 0.55 2.08124e-14 -5.18217e-14 -6.42968e-12 1 0.0799581 -0.127168 0.578 -2.09516e-11 -5.29952e-12 0.961369 -0.275263 0.000125928 7.87966e-05 -1.04391e-11 -7.57898e-07 1.20492e-06 0.000732823 9.28826e-09 1.23802e-12 3.33631e-16 2.09707e-16 9.66315e-15 -3.38374e-08
209.929 2.55961e-11 1.25425e-11 0.55 -1.37139e-14 3.41639e-14 4.23788e-12 1 0.0799826 -0.127153 0.578 1.38127e-11 3.48818e-12 0.961342 -0.275356 -7.88791e-05 -4.93185e-05 2.33426e-11 4.74397e-07 -7.54819e-07 -0.000458922 -5.81667e-09 2.39659e-12 -1.31577e-15 -3.7152e-16 -1.02611e-14 2.119e-08
210.587 5.38381e-11 2.63886e-11 0.55 -2.88646e-14 7.18516e-14 8.91387e-12 1 0.0799966 -0.127144 0.578 2.90503e-11 7.34713e-12 0.961327 -0.275409 -0.000169863 -0.00010632 2.59273e-12 1.02265e-06 -1.62537e-06 -0.00098857 -1.25298e-08 5.04212e-13 -4.90709e-16 -5.17153e-16 -1.65162e-14 4.56464e-08
211.287 2.07172e-11 1.01526e-11 0.55 -1.11011e-14 2.76496e-14 3.43011e-12 1 0.0799868 -0.12715 0.578 1.11784e-11 2.82403e-12 0.961338 -0.275371 -6.58391e-05 -4.11787e-05 7.35026e-12 3.96063e-07 -6.29958e-07 -0.000383099 -5.03272e-09 1.44552e-12 -1.24532e-15 -2.17924e-16 -4.42839e-15 1.83344e-08
211.938 -2.67863e-11 -1.3124e-11 0.55 1.43585e-14 -3.57466e-14 -4.43494e-12 1 0.0799681 -0.127162 0.578 -1.44529e-11 -3.65601e-12 0.961358 -0.275301 8.39628e-05 5.25472e-05 2.89591e-11 -5.05457e-07 8.03445e-07 0.000488627 6.19323e-09 7.93592e-13 6.3778e-16 2.84709e-16 9.89164e-15 -2.25619e-08
212.546 -4.08971e-11 -2.00348e-11 0.55 2.19138e-14 -5.45784e-14 -6.77123e-12 1 0.0799603 -0.127167 0.578 -2.20662e-11 -5.57793e-12 0.961367 -0.275271 0.000129186 8.08083e-05 -5.93367e-12 -7.77263e-07 1.23614e-06 0.00075171 9.52763e-09 -3.63771e-13 1.14709e-15 4.15162e-16 1.23422e-14 -3.47093e-08
213.207 -1.42582e-11 -6.98594e-12 0.55 7.64291e-15 -1.90263e-14 -2.3607e-12 1 0.0799685 -0.127161 0.578 -7.69233e-12 -1.94636e-12 0.961358 -0.275302 4.57202e-05 2.86175e-05 -9.18637e-12 -2.75238e-07 4.37455e-07 0.000266088 3.37257e-09 6.49418e-13 -2.8608e-16 1.18362e-16 2.71469e-15 -1.22864e-08
213.848 2.13684e-11 1.04713e-11 0.55 -1.14525e-14 2.85189e-14 3.53792e-12 1 0.0799827 -0.127153 0.578 1.15305e-11 2.91442e-12 0.961342 -0.275356 -6.66201e-05 -4.16775e-05 -9.30634e-12 4.009e-07 -6.37491e-07 -0.000387661 -4.91348e-09 7.6582e-13 -3.61989e-16 -2.19971e-16 -7.77037e-15 1.78998e-08
214.478 3.10287e-11 1.52068e-11 0.55 -1.66335e-14 4.141e-14 5.13736e-12 1 0.0799883 -0.127149 0.578 1.67424e-11 4.23384e-12 0.961336 -0.275377 -9.80246e-05 -6.13463e-05 6.3889e-12 5.90063e-07 -9.37966e-07 -0.000570463 -7.23044e-09 2.75977e-13 -1.21282e-15 -3.01205e-16 -9.26277e-15 2.63406e-08
215.099 1.09504e-11 5.36601e-12 0.55 -5.86776e-15 1.46142e-14 1.81304e-12 1 0.079982 -0.127153 0.578 5.90836e-12 1.49298e-12 0.961343 -0.275353 -3.61278e-05 -2.25985e-05 -3.57406e-11 2.17368e-07 -3.45671e-07 -0.000210224 -2.66449e-09 5.62304e-13 8.07393e-16 1.96315e-17 -2.19506e-15 9.70684e-09
215.754 -1.68824e-11 -8.27183e-12 0.55 9.04893e-15 -2.25303e-14 -2.79518e-12 1 0.0799709 -0.12716 0.578 -9.10932e-12 -2.30372e-12 0.961355 -0.275311 5.25619e-05 3.28911e-05 2.30834e-12 -3.1638e-07 5.02967e-07 0.000305877 3.87691e-09 1.8973e-13 -1.44898e-15 1.59373e-16 6.09304e-15 -1.41236e-08
216.402 -2.3529e-11 -1.15275e-11 0.55 1.26088e-14 -3.14002e-14 -3.89563e-12 1 0.0799668 -0.127163 0.578 -1.26952e-11 -3.20943e-12 0.96136 -0.275296 7.42929e-05 4.64771e-05 -5.28314e-12 -4.47042e-07 7.10885e-07 0.000432311 5.47938e-09 -2.0256e-13 1.2483e-15 2.42789e-16 6.9552e-15 -1.99615e-08
217.032 -6.9578e-12 -3.40919e-12 0.55 3.72949e-15 -9.28466e-15 -1.15199e-12 1 0.0799722 -0.127159 0.578 -3.75375e-12 -9.49643e-13 0.961354 -0.275316 2.18328e-05 1.36651e-05 -4.23916e-12 -1.31426e-07 2.08895e-07 0.000127064 1.69332e-09 2.19719e-13 1.01408e-15 3.60278e-17 1.19729e-15 -6.16885e-09
217.617 1.22781e-11 6.01649e-12 0.55 -6.5806e-15 1.63864e-14 2.03285e-12 1 0.0799798 -0.127154 0.578 6.62522e-12 1.67477e-12 0.961345 -0.275345 -3.84936e-05 -2.40829e-05 -5.60399e-12 2.31656e-07 -3.68347e-07 -0.000223996 -2.83909e-09 3.15094e-13 2.54512e-16 -1.2627e-16 -4.51963e-15 1.03428e-08
217.832 1.66456e-11 8.157e-12 0.55 -8.92214e-15 2.2215e-14 2.75598e-12 1 0.0799818 -0.127153 0.578 8.98174e-12 2.27091e-12 0.961343 -0.275353 -5.23635e-05 -3.27649e-05 3.06562e-12 3.15158e-07 -5.01061e-07 -0.000304719 -3.86222e-09 2.48202e-13 2.03441e-15 -1.60393e-16 -5.59867e-15 1.40701e-08
217.833 1.66608e-11 8.16441e-12 0.55 -8.93027e-15 2.22352e-14 2.75849e-12 1 0.0799819 -0.127153 0.578 8.98991e-12 2.27298e-12 0.961343 -0.275353 -5.23635e-05 -3.27649e-05 3.06562e-12 3.15158e-07 -5.01061e-07 -0.000304719 -3.86222e-09 2.48202e-13 2.03441e-15 -1.60393e-16 -5.59867e-15 1.40701e-08
217.916 1.77394e-11 8.6931e-12 0.55 -9.50842e-15 2.36746e-14 2.93707e-12 1 0.0799824 -0.127153 0.578 9.57185e-12 2.42023e-12 0.961343 -0.275355 -5.57139e-05 -3.48624e-05 3.54086e-12 3.35332e-07 -5.33117e-07 -0.000324219 -4.10937e-09 2.21224e-13 -1.26675e-15 -1.85477e-16 -5.79404e-15 1.49705e-08
218.544 1.45347e-11 7.12264e-12 0.55 -7.79051e-15 1.93974e-14 2.40649e-12 1 0.0799823 -0.127153 0.578 7.84243e-12 1.98291e-12 0.961343 -0.275355 -4.60895e-05 -2.88398e-05 -6.86116e-11 2.77425e-07 -4.41002e-07 -0.000268213 -3.3995e-09 1.90676e-13 2.0939e-15 7.31453e-17 -3.96552e-15 1.23845e-08
219.197 -2.14808e-12 -1.05263e-12 0.55 1.15204e-15 -2.8668e-15 -3.55652e-13 1 0.0799763 -0.127157 0.578 -1.1592e-12 -2.93499e-13 0.961349 -0.275332 6.775e-06 4.24274e-06 -1.0919e-12 -4.08175e-08 6.48415e-08 3.94326e-05 4.99813e-10 1.73523e-13 -8.79169e-16 4.27378e-17 1.44275e-15 -1.82077e-09
