20.767 -8.87085e-36 0 0.55 -2.00518e-38 -1.61982e-38 -1.49106e-36 1 -0.143 0.046 0.578 -1.03955e-35 -8.83531e-37 0.587528 0.809204 1.06813e-27 -3.79734e-28 -3.45429e-30 1.46694e-30 -3.1476e-31 2.94175e-28 9.28128e-34 3.7578e-32 1.9209e-34 5.12215e-34 1.53039e-35 2.22279e-34
21.439 -3.11861e-36 0 0.55 -2.31997e-38 6.7717e-39 -5.19259e-37 1 -0.143 0.046 0.578 -6.9169e-36 1.3696e-35 0.587528 0.809204 3.8594e-28 -2.77488e-28 -3.81241e-31 5.42096e-31 6.92026e-31 1.08519e-28 -3.56965e-33 4.03582e-32 -4.78177e-35 -5.42246e-34 -2.91109e-34 1.11494e-33
22.1 -8.87085e-36 0 0.55 -2.00518e-38 -1.61982e-38 -1.49106e-36 1 -0.143 0.046 0.578 -1.03955e-35 -8.83531e-37 0.587528 0.809204 -4.69962e-28 9.26406e-28 9.79118e-31 1.46175e-30 -3.408e-31 -1.20083e-28 -2.4324e-32 -2.60888e-32 -8.11356e-35 -3.26942e-34 4.26366e-34 -5.20069e-33
22.754 -7.49309e-36 0 0.55 -2.00507e-38 -2.37334e-38 -1.25713e-36 1 -0.143 0.046 0.578 -1.3911e-35 -4.12439e-36 0.587528 0.809204 5.60265e-28 -6.72402e-28 1.28737e-30 5.05618e-31 -6.71119e-31 1.39598e-28 1.40483e-32 2.66228e-32 4.26364e-37 3.45613e-34 -1.64447e-34 3.22518e-33
23.468 1.29724e-35 0 0.55 -9.64976e-39 -2.68412e-39 2.18245e-36 1 -0.143 0.046 0.578 -1.25969e-35 -2.06272e-36 0.587528 0.809204 3.88723e-28 -2.84417e-28 -1.53869e-30 1.20137e-30 3.83194e-31 1.08954e-28 -3.37569e-33 4.05661e-32 4.54566e-36 -5.39556e-34 -2.73043e-34 1.15727e-33
24.158 1.2976e-35 0 0.55 -9.87187e-39 4.45201e-39 2.18311e-36 1 -0.143 0.046 0.578 -1.04571e-35 2.76635e-36 0.587528 0.809204 9.58173e-28 -4.67045e-28 -6.92555e-31 7.42678e-31 3.77782e-31 2.6055e-28 -2.37388e-33 3.74664e-32 1.41885e-34 4.82261e-34 3.38813e-35 -5.34867e-34
24.866 -5.81467e-36 0 0.55 -1.18901e-38 -1.59151e-38 -9.78863e-37 1 -0.143 0.046 0.578 -1.0024e-35 1.99964e-37 0.587528 0.809204 -2.57504e-27 2.81526e-28 -8.51557e-32 8.5919e-31 1.08813e-30 -7.01323e-28 8.81018e-34 -3.37611e-32 -5.35831e-35 -5.17822e-34 9.1464e-36 3.61704e-33
25.558 -5.87131e-36 0 0.55 -1.82764e-38 -2.856e-39 -9.85649e-37 1 -0.143 0.046 0.578 -6.78909e-36 6.65784e-36 0.587528 0.809204 -4.69955e-28 9.26406e-28 1.21745e-30 1.29404e-30 2.48967e-31 -1.20082e-28 5.71102e-34 -3.35886e-32 -9.6955e-35 -5.34625e-34 4.62105e-36 3.5449e-33
26.256 -1.03398e-35 0 0.55 -2.17489e-38 -2.47568e-38 -1.73579e-36 1 -0.143 0.046 0.578 -1.30447e-35 -4.62589e-36 0.587528 0.809204 -2.56612e-27 2.89907e-28 1.00733e-30 8.52376e-31 2.51435e-31 -6.98717e-28 5.70942e-34 -3.35885e-32 -9.9704e-35 -4.71961e-34 4.11243e-35 3.54494e-33
26.999 -5.87931e-36 0 0.55 -1.74291e-38 -1.63223e-38 -9.87141e-37 1 -0.143 0.046 0.578 -1.07562e-35 -2.24683e-36 0.587528 0.809204 3.94057e-28 -3.08837e-28 3.57545e-31 9.75016e-31 3.10276e-32 1.11253e-28 -2.4311e-32 -2.60818e-32 -6.03636e-35 -3.87714e-34 3.89946e-34 -5.19782e-33
27.685 -3.12237e-36 0 0.55 -1.88401e-38 -1.63922e-38 -5.19949e-37 1 -0.143 0.046 0.578 -1.31495e-35 -3.34502e-37 0.587528 0.809204 -2.57504e-27 2.81526e-28 -8.51557e-32 8.5919e-31 1.08813e-30 -7.01323e-28 8.81018e-34 -3.37611e-32 -5.35831e-35 -5.17822e-34 9.1464e-36 3.61704e-33
28.379 -5.87131e-36 0 0.55 -1.82764e-38 -2.856e-39 -9.85649e-37 1 -0.143 0.046 0.578 -6.78909e-36 6.65784e-36 0.587528 0.809204 3.8594e-28 -2.77488e-28 -3.81241e-31 5.42096e-31 6.92026e-31 1.08519e-28 -3.56965e-33 4.03582e-32 -4.78177e-35 -5.42246e-34 -2.91109e-34 1.11494e-33
29.079 1.29724e-35 0 0.55 -9.64976e-39 -2.68412e-39 2.18245e-36 1 -0.143 0.046 0.578 -1.25969e-35 -2.06272e-36 0.587528 0.809204 -4.69962e-28 9.26406e-28 9.79118e-31 1.46175e-30 -3.408e-31 -1.20083e-28 -2.4324e-32 -2.60888e-32 -8.11356e-35 -3.26942e-34 4.26366e-34 -5.20069e-33
29.817 4.02113e-36 0 0.55 -1.11509e-38 2.14944e-39 6.7195e-37 1 -0.143 0.046 0.578 -8.75349e-36 6.05271e-36 0.587528 0.809204 -2.56612e-27 2.89907e-28 1.00733e-30 8.52376e-31 2.51435e-31 -6.98717e-28 5.70942e-34 -3.35885e-32 -9.9704e-35 -4.71961e-34 4.11243e-35 3.54494e-33
30.552 1.29769e-35 0 0.55 -1.32981e-38 1.88802e-38 2.18328e-36 1 -0.143 0.046 0.578 -6.71235e-36 1.11804e-35 0.587528 0.809204 -4.69947e-28 9.26407e-28 1.06656e-30 1.15051e-30 1.04515e-30 -1.2008e-28 -2.37418e-33 3.74665e-32 1.17781e-34 5.33148e-34 6.43719e-35 -5.34871e-34
31.231 -5.87131e-36 0 0.55 -1.82764e-38 -2.856e-39 -9.85649e-37 1 -0.143 0.046 0.578 -6.78909e-36 6.65784e-36 0.587528 0.809204 1.10906e-27 -2.77763e-28 -1.64214e-30 7.37436e-31 5.26718e-31 3.0768e-28 -2.37409e-33 3.74664e-32 1.17489e-34 4.96303e-34 4.30433e-35 -5.34896e-34
31.922 -7.51762e-36 0 0.55 -2.69157e-38 -3.40154e-39 -1.26189e-36 1 -0.143 0.046 0.578 -9.16514e-36 6.89547e-36 0.587528 0.809204 9.58164e-28 -4.67045e-28 -7.77027e-31 9.26705e-31 -4.21497e-31 2.60548e-28 4.47171e-33 3.54783e-32 8.52124e-35 4.90428e-34 -2.75165e-35 1.03316e-33
32.647 -5.81467e-36 0 0.55 -1.18901e-38 -1.59151e-38 -9.78863e-37 1 -0.143 0.046 0.578 -1.0024e-35 1.99964e-37 0.587528 0.809204 5.60265e-28 -6.72402e-28 1.28737e-30 5.05618e-31 -6.71119e-31 1.39598e-28 1.40483e-32 2.66228e-32 4.26364e-37 3.45613e-34 -1.64447e-34 3.22518e-33
33.283 -5.81199e-36 0 0.55 -1.72926e-38 8.82432e-39 -9.78378e-37 1 -0.143 0.046 0.578 -3.51765e-36 1.48591e-35 0.587528 0.809204 -2.56611e-27 2.89907e-28 1.18105e-30 6.70399e-31 9.66109e-31 -6.98714e-28 5.71012e-34 -3.35885e-32 -1.09465e-34 -5.026e-34 2.37021e-35 3.54492e-33
33.994 -3.11861e-36 0 0.55 -2.31997e-38 6.7717e-39 -5.19259e-37 1 -0.143 0.046 0.578 -6.9169e-36 1.3696e-35 0.587528 0.809204 1.10905e-27 -2.77764e-28 -1.61646e-30 9.09128e-31 -3.03432e-31 3.07678e-28 -2.43238e-32 -2.60889e-32 -8.79474e-35 -3.87708e-34 3.91294e-34 -5.20073e-33
34.657 -1.03398e-35 0 0.55 -2.17489e-38 -2.47568e-38 -1.73579e-36 1 -0.143 0.046 0.578 -1.30447e-35 -4.62589e-36 0.587528 0.809204 3.85931e-28 -2.77488e-28 -4.12924e-31 7.21862e-31 -1.30167e-31 1.08517e-28 -3.56974e-33 4.03583e-32 -4.47544e-35 -5.06065e-34 -2.7027e-34 1.11497e-33
35.296 -3.11861e-36 0 0.55 -2.31997e-38 6.7717e-39 -5.19259e-37 1 -0.143 0.046 0.578 -6.9169e-36 1.3696e-35 0.587528 0.809204 3.85931e-28 -2.77488e-28 -4.12924e-31 7.21862e-31 -1.30167e-31 1.08517e-28 -3.56974e-33 4.03583e-32 -4.47544e-35 -5.06065e-34 -2.7027e-34 1.11497e-33
36.023 1.29724e-35 0 0.55 -9.64976e-39 -2.68412e-39 2.18245e-36 1 -0.143 0.046 0.578 -1.25969e-35 -2.06272e-36 0.587528 0.809204 5.60901e-28 -6.69517e-28 1.93644e-30 6.33016e-31 -1.80563e-30 1.39799e-28 1.39703e-32 2.66161e-32 -2.91375e-35 3.99214e-34 -1.308e-34 3.20756e-33
36.727 -7.51762e-36 0 0.55 -2.69157e-38 -3.40154e-39 -1.26189e-36 1 -0.143 0.046 0.578 -9.16514e-36 6.89547e-36 0.587528 0.809204 5.60901e-28 -6.69517e-28 1.93644e-30 6.33016e-31 -1.80563e-30 1.39799e-28 -2.67684e-33 4.08288e-32 -7.78088e-35 -5.39474e-34 -2.81885e-34 1.31603e-33
37.408 -1.07891e-35 0 0.55 -2.88712e-38 -1.99584e-39 -1.81232e-36 1 -0.143 0.046 0.578 -7.5293e-36 8.27835e-36 0.587528 0.809204 -2.56611e-27 2.89907e-28 1.18105e-30 6.70399e-31 9.66109e-31 -6.98714e-28 -2.4324e-32 -2.60888e-32 -8.11356e-35 -3.26942e-34 4.26366e-34 -5.20069e-33
38.12 -8.86049e-36 0 0.55 -2.31304e-38 4.96288e-39 -1.48913e-36 1 -0.143 0.046 0.578 -4.51142e-36 1.2351e-35 0.587528 0.809204 -2.56611e-27 2.89907e-28 1.18105e-30 6.70399e-31 9.66109e-31 -6.98714e-28 5.71012e-34 -3.35885e-32 -1.09465e-34 -5.026e-34 2.37021e-35 3.54492e-33
38.797 -7.48767e-36 0 0.55 -2.28684e-38 -4.3235e-39 -1.25613e-36 1 -0.143 0.046 0.578 -8.52041e-36 8.00272e-36 0.587528 0.809204 9.58173e-28 -4.67045e-28 -6.92555e-31 7.42678e-31 3.77782e-31 2.6055e-28 4.4718e-33 3.54783e-32 7.96277e-35 4.5555e-34 -4.75121e-35 1.03314e-33
39.49 -5.82482e-36 0 0.55 -1.52717e-38 -9.16109e-39 -9.8077e-37 1 -0.143 0.046 0.578 -8.65096e-36 3.35886e-36 0.587528 0.809204 3.88723e-28 -2.84417e-28 -1.53869e-30 1.20137e-30 3.83194e-31 1.08954e-28 -2.37418e-33 3.74665e-32 1.17781e-34 5.33148e-34 6.43719e-35 -5.34871e-34
40.174 -5.87931e-36 0 0.55 -1.74291e-38 -1.63223e-38 -9.87141e-37 1 -0.143 0.046 0.578 -1.07562e-35 -2.24683e-36 0.587528 0.809204 9.58164e-28 -4.67045e-28 -7.77027e-31 9.26705e-31 -4.21497e-31 2.60548e-28 1.40483e-32 2.66228e-32 4.26364e-37 3.45613e-34 -1.64447e-34 3.22518e-33
40.868 -3.11944e-36 0 0.55 -1.9699e-38 -7.23055e-39 -5.19405e-37 1 -0.143 0.046 0.578 -1.05155e-35 5.60437e-36 0.587528 0.809204 -4.69947e-28 9.26407e-28 1.06656e-30 1.15051e-30 1.04515e-30 -1.2008e-28 -2.43238e-32 -2.60889e-32 -8.79474e-35 -3.87708e-34 3.91294e-34 -5.20073e-33
41.536 -5.82482e-36 0 0.55 -1.52717e-38 -9.16109e-39 -9.8077e-37 1 -0.143 0.046 0.578 -8.65096e-36 3.35886e-36 0.587528 0.809204 5.60901e-28 -6.69517e-28 1.93644e-30 6.33016e-31 -1.80563e-30 1.39799e-28 1.39703e-32 2.66161e-32 -2.91375e-35 3.99214e-34 -1.308e-34 3.20756e-33
42.209 -3.11861e-36 0 0.55 -2.31997e-38 6.7717e-39 -5.19259e-37 1 -0.143 0.046 0.578 -6.9169e-36 1.3696e-35 0.587528 0.809204 3.94066e-28 -3.08836e-28 4.89544e-31 7.90336e-31 7.93922e-31 1.11255e-28 -2.67684e-33 4.08288e-32 -7.78088e-35 -5.39474e-34 -2.81885e-34 1.31603e-33
42.877 -5.81467e-36 0 0.55 -1.18901e-38 -1.59151e-38 -9.78863e-37 1 -0.143 0.046 0.578 -1.0024e-35 1.99964e-37 0.587528 0.809204 3.85942e-28 -2.77487e-28 -8.49603e-31 5.37338e-31 1.08181e-30 1.0852e-28 -3.56957e-33 4.03582e-32 -2.57335e-35 -5.62005e-34 -3.03496e-34 1.11494e-33
43.564 1.2976e-35 0 0.55 -9.87187e-39 4.45201e-39 2.18311e-36 1 -0.143 0.046 0.578 -1.04571e-35 2.76635e-36 0.587528 0.809204 5.60916e-28 -6.69517e-28 1.92865e-30 3.33542e-31 -3.96979e-31 1.39803e-28 1.39704e-32 2.6616e-32 -3.13731e-35 3.36919e-34 -1.66911e-34 3.20752e-33
44.249 -5.81262e-36 0 0.55 -1.38417e-38 -3.65315e-39 -9.78487e-37 1 -0.143 0.046 0.578 -6.65484e-36 7.78186e-36 0.587528 0.809204 -2.56611e-27 2.89908e-28 8.96744e-31 5.71557e-31 1.65571e-30 -6.98713e-28 5.71102e-34 -3.35886e-32 -9.6955e-35 -5.34625e-34 4.62105e-36 3.5449e-33
44.988 -1.03346e-35 0 0.55 -2.0567e-38 -2.25288e-38 -1.7348e-36 1 -0.143 0.046 0.578 -1.21258e-35 -2.5539e-36 0.587528 0.809204 1.00856e-27 6.67814e-29 5.1135e-31 -2.99964e-32 -3.09247e-31 2.70667e-28 -1.12181e-32 3.23476e-32 2.69765e-35 4.3819e-34 1.87366e-34 -2.57786e-33
45.638 -5.87279e-36 0 0.55 -1.55109e-38 -1.69136e-38 -9.85918e-37 1 -0.143 0.046 0.578 -1.05498e-35 -1.79346e-36 0.587528 0.809204 3.94071e-28 -3.08836e-28 1.38344e-31 7.19887e-31 1.40183e-30 1.11256e-28 -2.67675e-33 4.08287e-32 -6.19201e-35 -5.68246e-34 -2.99231e-34 1.31601e-33
46.343 -5.87931e-36 0 0.55 -1.74291e-38 -1.63223e-38 -9.87141e-37 1 -0.143 0.046 0.578 -1.07562e-35 -2.24683e-36 0.587528 0.809204 1.06813e-27 -3.79734e-28 -3.45429e-30 1.46694e-30 -3.1476e-31 2.94175e-28 9.28128e-34 3.7578e-32 1.9209e-34 5.12215e-34 1.53039e-35 2.22279e-34
46.997 1.29724e-35 0 0.55 -9.64976e-39 -2.68412e-39 2.18245e-36 1 -0.143 0.046 0.578 -1.25969e-35 -2.06272e-36 0.587528 0.809204 1.06813e-27 -3.79734e-28 -3.45429e-30 1.46694e-30 -3.1476e-31 2.94175e-28 9.28128e-34 3.7578e-32 1.9209e-34 5.12215e-34 1.53039e-35 2.22279e-34
47.69 -5.81262e-36 0 0.55 -1.38417e-38 -3.65315e-39 -9.78487e-37 1 -0.143 0.046 0.578 -6.65484e-36 7.78186e-36 0.587528 0.809204 -2.56611e-27 2.89908e-28 8.96744e-31 5.71557e-31 1.65571e-30 -6.98713e-28 5.71102e-34 -3.35886e-32 -9.6955e-35 -5.34625e-34 4.62105e-36 3.5449e-33
48.339 -3.11944e-36 0 0.55 -1.9699e-38 -7.23055e-39 -5.19405e-37 1 -0.143 0.046 0.578 -1.05155e-35 5.60437e-36 0.587528 0.809204 -2.56611e-27 2.89908e-28 8.96744e-31 5.71557e-31 1.65571e-30 -6.98713e-28 5.71102e-34 -3.35886e-32 -9.6955e-35 -5.34625e-34 4.62105e-36 3.5449e-33
49.018 -1.03346e-35 0 0.55 -2.0567e-38 -2.25288e-38 -1.7348e-36 1 -0.143 0.046 0.578 -1.21258e-35 -2.5539e-36 0.587528 0.809204 -2.56611e-27 2.89908e-28 8.96744e-31 5.71557e-31 1.65571e-30 -6.98713e-28 5.71102e-34 -3.35886e-32 -9.6955e-35 -5.34625e-34 4.62105e-36 3.5449e-33
49.684 -1.07891e-35 0 0.55 -2.88712e-38 -1.99584e-39 -1.81232e-36 1 -0.143 0.046 0.578 -7.5293e-36 8.27835e-36 0.587528 0.809204 3.94057e-28 -3.08837e-28 3.57545e-31 9.75016e-31 3.10276e-32 1.11253e-28 -2.67692e-33 4.08288e-32 -6.99837e-35 -5.06468e-34 -2.63043e-34 1.31605e-33
50.294 -5.81262e-36 0 0.55 -1.38417e-38 -3.65315e-39 -9.78487e-37 1 -0.143 0.046 0.578 -6.65484e-36 7.78186e-36 0.587528 0.809204 5.60916e-28 -6.69517e-28 1.92865e-30 3.33542e-31 -3.96979e-31 1.39803e-28 1.39704e-32 2.6616e-32 -3.13731e-35 3.36919e-34 -1.66911e-34 3.20752e-33
50.905 4.03418e-36 0 0.55 -7.02506e-39 -7.87714e-39 6.74394e-37 1 -0.143 0.046 0.578 -1.09679e-35 9.55439e-37 0.587528 0.809204 3.88723e-28 -2.84417e-28 -1.53869e-30 1.20137e-30 3.83194e-31 1.08954e-28 -3.37569e-33 4.05661e-32 4.54566e-36 -5.39556e-34 -2.73043e-34 1.15727e-33
51.582 -5.87931e-36 0 0.55 -1.74291e-38 -1.63223e-38 -9.87141e-37 1 -0.143 0.046 0.578 -1.07562e-35 -2.24683e-36 0.587528 0.809204 -2.56612e-27 2.89907e-28 1.00733e-30 8.52376e-31 2.51435e-31 -6.98717e-28 -1.12165e-32 3.23489e-32 5.29586e-35 4.30677e-34 1.81916e-34 -2.57751e-33
52.17 -8.87085e-36 0 0.55 -2.00518e-38 -1.61982e-38 -1.49106e-36 1 -0.143 0.046 0.578 -1.03955e-35 -8.83531e-37 0.587528 0.809204 1.00855e-27 6.67805e-29 3.37297e-31 2.86498e-31 -1.64782e-30 2.70663e-28 -1.12182e-32 3.23477e-32 3.79055e-35 4.96381e-34 2.20821e-34 -2.57783e-33
52.86 -8.86278e-36 0 0.55 -1.73981e-38 -1.97975e-38 -1.48954e-36 1 -0.143 0.046 0.578 -1.09571e-35 -2.18227e-36 0.587528 0.809204 3.88723e-28 -2.84417e-28 -1.53869e-30 1.20137e-30 3.83194e-31 1.08954e-28 -3.37569e-33 4.05661e-32 4.54566e-36 -5.39556e-34 -2.73043e-34 1.15727e-33
53.491 -7.48767e-36 0 0.55 -2.28684e-38 -4.3235e-39 -1.25613e-36 1 -0.143 0.046 0.578 -8.52041e-36 8.00272e-36 0.587528 0.809204 1.00856e-27 6.67809e-29 5.9817e-31 1.29654e-31 -1.13109e-30 2.70665e-28 1.39704e-32 2.6616e-32 -3.13731e-35 3.36919e-34 -1.66911e-34 3.20752e-33
54.191 4.03418e-36 0 0.55 -7.02506e-39 -7.87714e-39 6.74394e-37 1 -0.143 0.046 0.578 -1.09679e-35 9.55439e-37 0.587528 0.809204 3.88723e-28 -2.84417e-28 -1.53869e-30 1.20137e-30 3.83194e-31 1.08954e-28 -3.37569e-33 4.05661e-32 4.54566e-36 -5.39556e-34 -2.73043e-34 1.15727e-33
54.846 -1.03346e-35 0 0.55 -2.0567e-38 -2.25288e-38 -1.7348e-36 1 -0.143 0.046 0.578 -1.21258e-35 -2.5539e-36 0.587528 0.809204 1.10906e-27 -2.77765e-28 -2.14665e-30 7.66917e-31 7.8282e-31 3.0768e-28 -2.37388e-33 3.74664e-32 1.41885e-34 4.82261e-34 3.38813e-35 -5.34867e-34
55.522 1.29724e-35 0 0.55 -9.64976e-39 -2.68412e-39 2.18245e-36 1 -0.143 0.046 0.578 -1.25969e-35 -2.06272e-36 0.587528 0.809204 1.10905e-27 -2.77764e-28 -1.89336e-30 1.05309e-30 -7.42519e-31 3.07677e-28 -2.37422e-33 3.74665e-32 1.32038e-34 5.50996e-34 7.43769e-35 -5.34858e-34
