113.497 -1.25755e-11 7.07767e-15 0.55 2.82263e-17 -1.63912e-14 -2.07439e-12 1 0.000435932 -0.150216 0.578 -6.57277e-12 -1.81008e-14 1 0.000334835 4.40596e-05 2.50171e-08 3.83996e-12 -1.23368e-09 4.22218e-07 0.000219197 2.75488e-09 -7.47866e-14 -1.86945e-17 -2.79205e-17 3.91641e-15 -1.0036e-08
114.096 -1.16026e-11 6.63358e-15 0.55 2.59539e-17 -1.51227e-14 -1.9139e-12 1 0.000435441 -0.150216 0.578 -6.06407e-12 -1.66534e-14 1 0.000336468 4.12348e-05 2.28446e-08 3.89538e-12 -1.14944e-09 3.95137e-07 0.000205146 2.54962e-09 -8.9892e-14 5.41543e-16 2.43808e-17 3.03539e-15 -9.2883e-09
114.739 -9.66512e-14 5.55112e-17 0.55 4.97171e-19 -1.25696e-16 -1.59431e-14 1 0.000439957 -0.150216 0.578 -5.03368e-14 -3.26384e-16 1 0.000321439 9.03221e-07 1.93722e-09 1.56404e-12 -3.99379e-11 8.64416e-09 4.49494e-06 5.64844e-11 8.71019e-14 -3.02796e-16 -1.65096e-17 -4.85615e-16 -2.05808e-10
115.369 9.51827e-12 -4.88498e-15 0.55 -2.16961e-17 1.24063e-14 1.57009e-12 1 0.00044451 -0.150216 0.578 4.97488e-12 1.37081e-14 1 0.000306285 -3.33102e-05 -1.99263e-08 -1.84568e-11 9.48981e-10 -3.19208e-07 -0.000165719 -2.06456e-09 1.14626e-13 -2.58871e-16 -2.1514e-17 -2.96505e-15 7.5212e-09
116.018 8.63217e-12 -4.46865e-15 0.55 -1.9744e-17 1.12511e-14 1.42392e-12 1 0.00044488 -0.150216 0.578 4.51159e-12 1.24605e-14 1 0.000305053 -3.04758e-05 -1.8476e-08 -4.35321e-12 8.65017e-10 -2.92037e-07 -0.000151619 -1.90555e-09 9.06806e-14 2.55055e-16 5.6245e-18 -2.24599e-15 6.94194e-09
116.676 -6.18848e-13 3.05311e-16 0.55 1.5571e-18 -8.06825e-16 -1.02082e-13 1 0.000441201 -0.150216 0.578 -3.23581e-13 -1.00586e-15 1 0.000317298 1.80125e-06 1.88476e-09 -6.70357e-12 -5.58349e-11 1.72694e-08 8.96024e-06 1.12618e-10 4.82711e-14 -1.81714e-15 -1.71684e-18 5.73888e-16 -4.10243e-10
117.368 -7.85016e-12 4.32987e-15 0.55 1.76513e-17 -1.0232e-14 -1.29492e-12 1 0.000437677 -0.150216 0.578 -4.10299e-12 -1.12876e-14 1 0.000329026 2.73977e-05 1.55895e-08 -1.62111e-12 -7.65717e-10 2.62548e-07 0.000136305 1.72173e-09 -6.44012e-14 1.03834e-16 -2.6022e-17 2.38289e-15 -6.27227e-09
117.978 -6.08159e-12 3.41394e-15 0.55 1.37311e-17 -7.9267e-15 -1.00319e-12 1 0.000437907 -0.150216 0.578 -3.17852e-12 -8.75612e-15 1 0.00032826 2.15852e-05 1.24001e-08 -1.83584e-11 -5.96036e-10 2.06841e-07 0.000107388 1.34965e-09 -4.26704e-14 -9.52713e-16 5.83289e-17 1.54545e-15 -4.9168e-09
118.6 8.50384e-13 -4.44089e-16 0.55 -1.78269e-18 1.10856e-15 1.40275e-13 1 0.00044071 -0.150216 0.578 4.44564e-13 1.15998e-15 1 0.000318931 -2.37993e-06 -8.78203e-10 3.41418e-12 6.08725e-11 -2.28128e-08 -1.18395e-05 -1.74217e-10 4.01523e-14 2.84683e-16 4.91238e-17 -5.51806e-16 6.34654e-10
119.212 5.8797e-12 -3.02536e-15 0.55 -1.33759e-17 7.66373e-15 9.69886e-13 1 0.000443154 -0.150216 0.578 3.07311e-12 8.47791e-15 1 0.000310795 -2.05445e-05 -1.22256e-08 1.64916e-12 5.78797e-10 -1.96875e-07 -0.00010221 -1.28457e-09 5.95479e-14 -1.11294e-16 -5.57319e-18 -1.80576e-15 4.67969e-09
119.867 4.69454e-12 -2.498e-15 0.55 -1.07016e-17 6.11883e-15 7.74388e-13 1 0.000443085 -0.150216 0.578 2.45358e-12 6.76132e-15 1 0.000311028 -1.67068e-05 -9.93415e-09 -2.96068e-12 4.72813e-10 -1.60094e-07 -8.31176e-05 -1.04462e-09 5.02627e-14 1.81941e-16 1.88291e-17 -1.19907e-15 3.80557e-09
120.496 -6.91921e-13 3.33067e-16 0.55 1.72479e-18 -9.01983e-16 -1.14136e-13 1 0.000440906 -0.150216 0.578 -3.61717e-13 -1.03547e-15 1 0.000318279 2.1831e-06 1.55033e-09 -4.40163e-12 -6.21569e-11 2.0925e-08 1.08604e-05 1.55936e-10 1.38984e-14 -1.25701e-15 -7.57199e-17 4.52597e-16 -5.6806e-10
121.167 -4.67474e-12 2.52576e-15 0.55 1.05422e-17 -6.09314e-15 -7.71122e-13 1 0.000438943 -0.150216 0.578 -2.44331e-12 -6.72656e-15 1 0.000324812 1.63264e-05 9.39317e-09 -1.05649e-12 -4.5694e-10 1.56453e-07 8.12244e-05 1.02083e-09 -4.09715e-14 5.52611e-17 1.78735e-18 1.41066e-15 -3.71888e-09
121.818 -3.29309e-12 1.83187e-15 0.55 7.43665e-18 -4.29218e-15 -5.43212e-13 1 0.000439211 -0.150216 0.578 -1.72112e-12 -4.74446e-15 1 0.000323922 1.15538e-05 6.70991e-09 -4.6511e-12 -3.22138e-10 1.10714e-07 5.74808e-05 7.22416e-10 -2.54403e-14 8.01411e-17 1.21634e-17 7.99606e-16 -2.63178e-09
122.474 1.10383e-12 -5.55112e-16 0.55 -2.45164e-18 1.43884e-15 1.82083e-13 1 0.000441028 -0.150216 0.578 5.76985e-13 1.57418e-15 1 0.000317873 -3.92474e-06 -2.15092e-09 2.64272e-12 1.07978e-10 -3.76134e-08 -1.95253e-05 -2.45397e-10 2.01525e-14 -1.64576e-16 6.87537e-18 -5.03766e-16 8.9397e-10
123.102 3.65146e-12 -1.88738e-15 0.55 -8.30148e-18 4.75937e-15 6.02326e-13 1 0.000442324 -0.150216 0.578 1.90848e-12 5.26606e-15 1 0.000313559 -1.28214e-05 -7.6265e-09 5.71747e-13 3.61312e-10 -1.22865e-07 -6.37869e-05 -8.01674e-10 3.34915e-14 -2.86951e-17 -2.4897e-18 -1.09167e-15 2.9205e-09
123.745 2.37732e-12 -1.30451e-15 0.55 -5.40277e-18 3.09857e-15 3.92151e-13 1 0.000442019 -0.150216 0.578 1.24249e-12 3.42325e-15 1 0.000314575 -8.37071e-06 -4.90916e-09 -2.67025e-12 2.36909e-10 -8.0212e-08 -4.16449e-05 -5.33183e-10 2.54463e-14 1.18e-16 -1.60605e-17 -5.81849e-16 1.9424e-09
124.374 -8.89758e-13 4.44089e-16 0.55 2.03577e-18 -1.15979e-15 -1.4677e-13 1 0.00044066 -0.150216 0.578 -4.65084e-13 -1.28767e-15 1 0.000319098 3.04054e-06 1.87233e-09 -2.82268e-12 -8.48594e-11 2.91395e-08 1.51265e-05 1.90112e-10 -3.50462e-15 1.57369e-16 1.48617e-17 3.89342e-16 -6.92569e-10
125.036 -2.83594e-12 1.4988e-15 0.55 6.40376e-18 -3.69641e-15 -4.67803e-13 1 0.000439656 -0.150216 0.578 -1.48224e-12 -4.07995e-15 1 0.000322441 9.97029e-06 5.76284e-09 -2.84729e-13 -2.79492e-10 9.55431e-08 4.96025e-05 6.22267e-10 -2.67831e-14 1.23686e-17 -6.52555e-18 8.37589e-16 -2.26692e-09
125.647 -1.79234e-12 1.02696e-15 0.55 4.07078e-18 -2.33612e-15 -2.95656e-13 1 0.00043993 -0.150216 0.578 -9.36754e-13 -2.58328e-15 1 0.000321528 6.45746e-06 3.77671e-09 1.30834e-12 -1.82081e-10 6.18784e-08 3.21264e-05 4.03763e-10 -1.58787e-14 -9.40631e-17 3.63713e-19 4.38035e-16 -1.47092e-09
126.274 7.1548e-13 -3.33067e-16 0.55 -1.67457e-18 9.32618e-16 1.18022e-13 1 0.000440976 -0.150216 0.578 3.73985e-13 1.02566e-15 1 0.000318047 -2.46171e-06 -1.37518e-09 1.65926e-12 6.79672e-11 -2.35921e-08 -1.22469e-05 -1.5392e-10 9.06092e-15 -1.10613e-16 8.94854e-18 -3.08003e-16 5.60725e-10
126.917 2.17635e-12 -1.11022e-15 0.55 -4.94096e-18 2.83669e-15 3.59e-13 1 0.000441729 -0.150216 0.578 1.13749e-12 3.13701e-15 1 0.000315539 -7.64229e-06 -4.44951e-09 -1.12302e-13 2.15366e-10 -7.32345e-08 -3.80207e-05 -4.77844e-10 2.20572e-14 4.75789e-18 3.7823e-17 -6.44491e-16 1.74079e-09
127.587 1.2451e-12 -7.21645e-16 0.55 -2.8287e-18 1.62284e-15 2.05385e-13 1 0.000441473 -0.150216 0.578 6.50737e-13 1.79111e-15 1 0.000316393 -4.39565e-06 -2.58563e-09 -1.11464e-12 1.24091e-10 -4.21209e-08 -2.18687e-05 -2.74845e-10 1.22023e-14 8.36761e-17 -5.83064e-19 -2.84911e-16 1.00127e-09
128.17 -5.6258e-13 2.498e-16 0.55 1.27532e-18 -7.33314e-16 -9.28004e-14 1 0.000440713 -0.150216 0.578 -2.94063e-13 -8.16564e-16 1 0.000318922 1.87563e-06 1.12253e-09 -1.29479e-12 -5.26396e-11 1.79754e-08 9.33116e-06 1.17275e-10 -2.56152e-15 6.83741e-17 -8.12076e-18 2.36078e-16 -4.27229e-10
128.813 -1.67498e-12 8.60423e-16 0.55 3.78699e-18 -2.1832e-15 -2.76297e-13 1 0.000440138 -0.150216 0.578 -8.75448e-13 -2.41094e-15 1 0.000320836 5.88782e-06 3.372e-09 -1.63177e-13 -1.6524e-10 5.64217e-08 2.92921e-05 3.68144e-10 -1.57558e-14 5.43186e-18 -2.02707e-17 4.95629e-16 -1.34115e-09
129.422 -1.07713e-12 6.38378e-16 0.55 2.44606e-18 -1.40391e-15 -1.77678e-13 1 0.000440291 -0.150216 0.578 -5.62952e-13 -1.55131e-15 1 0.000320325 3.8356e-06 2.2322e-09 9.89262e-13 -1.08249e-10 3.67545e-08 1.90824e-05 2.39827e-10 -9.09616e-15 -5.08838e-17 -5.75677e-18 2.61034e-16 -8.73695e-10
130.101 5.18157e-13 -2.22045e-16 0.55 -1.16536e-18 6.75402e-16 8.54726e-14 1 0.00044096 -0.150216 0.578 2.70838e-13 7.46001e-16 1 0.0003181 -1.71519e-06 -1.04058e-09 9.73309e-13 4.74294e-11 -1.64375e-08 -8.53299e-06 -1.11982e-10 6.18614e-15 -5.13935e-17 7.42971e-18 -2.07964e-16 4.07948e-10
130.749 1.29543e-12 -6.38378e-16 0.55 -2.94001e-18 1.68848e-15 2.13688e-13 1 0.000441373 -0.150216 0.578 6.77069e-13 1.86732e-15 1 0.000316726 -4.55213e-06 -2.61065e-09 2.17836e-14 1.28183e-10 -4.3622e-08 -2.2647e-05 -2.84628e-10 1.30593e-14 2.43956e-18 3.48019e-17 -3.78461e-16 1.0369e-09
131.397 6.91283e-13 -4.16334e-16 0.55 -1.57145e-18 9.01003e-16 1.14031e-13 1 0.000441193 -0.150216 0.578 3.6129e-13 9.94424e-16 1 0.000317324 -2.47739e-06 -1.44272e-09 -8.86529e-13 7.00306e-11 -2.37393e-08 -1.23253e-05 -1.5862e-10 9.44237e-15 -2.18366e-15 1.71862e-17 -1.62481e-16 5.77858e-10
132.019 -4.41138e-13 1.94289e-16 0.55 9.97004e-19 -5.75008e-16 -7.2768e-14 1 0.000440711 -0.150216 0.578 -2.30579e-13 -6.37157e-16 1 0.000318928 1.53349e-06 9.30321e-10 -8.2349e-13 -4.2865e-11 1.4696e-08 7.62907e-06 9.58828e-11 -3.69708e-15 4.19663e-17 1.00953e-17 1.71436e-16 -3.49299e-10
132.671 -9.96902e-13 4.71845e-16 0.55 2.25657e-18 -1.29937e-15 -1.64444e-13 1 0.00044041 -0.150216 0.578 -5.2104e-13 -1.4353e-15 1 0.000319932 3.50327e-06 2.04702e-09 -1.95351e-14 -9.84149e-11 3.3571e-08 1.74289e-05 2.19046e-10 -9.04992e-15 1.17767e-18 5.54081e-18 2.88715e-16 -7.97987e-10
133.24 -5.94255e-13 3.60822e-16 0.55 1.34938e-18 -7.74542e-16 -9.80254e-14 1 0.000440528 -0.150216 0.578 -3.10581e-13 -8.55652e-16 1 0.000319538 2.1017e-06 1.2245e-09 3.5061e-13 -5.92186e-11 2.01394e-08 1.04561e-05 1.31412e-10 -4.83601e-15 -4.53963e-17 -2.18295e-18 1.39042e-16 -4.78737e-10
133.869 2.86776e-13 -1.11022e-16 0.55 -6.45007e-19 3.73805e-16 4.73051e-14 1 0.000440898 -0.150216 0.578 1.49897e-13 4.1273e-16 1 0.000318306 -9.71704e-07 -5.61131e-10 3.46265e-13 2.70777e-11 -9.31233e-09 -4.83418e-06 -6.07565e-11 3.44556e-15 -4.51008e-17 1.71423e-18 -1.16472e-16 2.21334e-10
134.507 7.64017e-13 -3.60822e-16 0.55 -1.73203e-18 9.9583e-16 1.26028e-13 1 0.000441148 -0.150216 0.578 3.99321e-13 1.10079e-15 1 0.000317474 -2.68512e-06 -1.607e-09 7.89417e-14 7.54905e-11 -2.57309e-08 -1.33586e-05 -1.67634e-10 6.48626e-15 -3.41281e-18 1.30514e-18 -2.2497e-16 6.10692e-10
135.15 4.39119e-13 -2.77556e-16 0.55 -9.98318e-19 5.72339e-16 7.24349e-14 1 0.000441056 -0.150216 0.578 2.29501e-13 6.32001e-16 1 0.000317779 -1.57082e-06 -9.08626e-10 -4.98538e-13 4.43585e-11 -1.50522e-08 -7.81495e-06 -9.82178e-11 4.48785e-15 2.56201e-17 7.07871e-18 -1.02773e-16 3.5781e-10
135.788 -2.47108e-13 8.32667e-17 0.55 5.57013e-19 -3.22097e-16 -4.07617e-14 1 0.000440766 -0.150216 0.578 -1.29162e-13 -3.56139e-16 1 0.000318744 8.44747e-07 5.16689e-10 -4.72439e-13 -2.35661e-11 8.09555e-09 4.20259e-06 5.28185e-11 9.50442e-16 2.40729e-17 7.10785e-18 9.67223e-17 -1.92416e-10
136.456 -5.8947e-13 2.77556e-16 0.55 1.33553e-18 -7.68322e-16 -9.72361e-14 1 0.000440581 -0.150216 0.578 -3.08092e-13 -8.49204e-16 1 0.000319359 2.07145e-06 1.22289e-09 2.70201e-14 -5.82413e-11 1.98502e-08 1.03056e-05 1.2952e-10 -4.92502e-15 -7.25703e-19 4.19196e-18 1.70809e-16 -4.71843e-10
137.137 -2.62578e-13 1.94289e-16 0.55 5.9548e-19 -3.42236e-16 -4.33135e-14 1 0.000440686 -0.150216 0.578 -1.37231e-13 -3.76861e-16 1 0.000319012 9.19939e-07 5.38467e-10 5.18402e-13 -2.59561e-11 8.8151e-09 4.57679e-06 5.93084e-11 -2.17251e-15 -3.00059e-17 -2.76363e-17 5.58184e-17 -2.16062e-10
137.784 2.62785e-13 -8.32667e-17 0.55 -5.92677e-19 3.42526e-16 4.33477e-14 1 0.000440914 -0.150216 0.578 1.37353e-13 3.78481e-16 1 0.000318252 -9.14357e-07 -5.33955e-10 1.21921e-13 2.56554e-11 -8.76244e-09 -4.54893e-06 -5.71711e-11 3.47581e-16 -1.02142e-17 -1.46399e-18 -9.45399e-17 2.08274e-10
138.418 4.49516e-13 -1.94289e-16 0.55 -1.01934e-18 5.85904e-16 7.415e-14 1 0.000441024 -0.150216 0.578 2.34943e-13 6.47397e-16 1 0.000317887 -1.58146e-06 -9.16042e-10 2.89411e-13 4.43733e-11 -1.51547e-08 -7.86785e-06 -9.88831e-11 4.34666e-15 1.49652e-17 1.0849e-17 -1.28201e-16 3.60232e-10
139.033 1.99217e-13 -1.66533e-16 0.55 -4.53306e-19 2.59653e-16 3.28618e-14 1 0.000440941 -0.150216 0.578 1.04117e-13 2.86555e-16 1 0.000318164 -7.0013e-07 -4.42385e-10 -2.11616e-13 1.97385e-11 -6.70882e-09 -3.48322e-06 -4.37768e-11 8.85394e-16 1.06449e-17 -1.8002e-17 -3.98946e-17 1.5948e-10
139.682 -2.05223e-13 5.55112e-17 0.55 4.64014e-19 -2.67498e-16 -3.38526e-14 1 0.000440765 -0.150216 0.578 -1.07266e-13 -2.9584e-16 1 0.00031875 7.12484e-07 4.38677e-10 -2.74145e-13 -1.99203e-11 6.82785e-09 3.54461e-06 4.45488e-11 9.4682e-16 1.49289e-17 1.42306e-17 7.31521e-17 -1.62291e-10
140.315 -3.45258e-13 1.38778e-16 0.55 7.81635e-19 -4.50012e-16 -5.6952e-14 1 0.000440682 -0.150216 0.578 -1.80451e-13 -4.9682e-16 1 0.000319026 1.21502e-06 7.68144e-10 3.1722e-14 -3.41273e-11 1.16432e-08 6.04477e-06 7.59706e-11 1.48335e-15 1.29577e-18 2.76125e-17 9.85935e-17 -2.76761e-10
140.969 -1.31509e-13 1.38778e-16 0.55 3.00152e-19 -1.71404e-16 -2.16931e-14 1 0.000440754 -0.150216 0.578 -6.873e-14 -1.89469e-16 1 0.000318784 4.65654e-07 2.74408e-10 2.71532e-13 -1.32292e-11 4.46196e-09 2.31667e-06 2.91158e-11 1.56062e-15 -1.2829e-17 2.31454e-18 2.42812e-17 -1.0607e-10
141.636 1.80566e-13 -5.55112e-17 0.55 -4.08009e-19 2.35357e-16 2.97852e-14 1 0.000440892 -0.150216 0.578 9.43774e-14 2.5999e-16 1 0.000318325 -6.29705e-07 -3.77956e-10 1.48667e-13 1.7692e-11 -6.0345e-09 -3.13278e-06 -3.9373e-11 1.84821e-15 -8.40408e-18 -1.21824e-19 -6.17709e-17 1.43435e-10
142.268 2.60405e-13 -8.32667e-17 0.55 -5.9054e-19 3.39414e-16 4.29551e-14 1 0.000440945 -0.150216 0.578 1.36102e-13 3.75141e-16 1 0.000318151 -9.18394e-07 -5.35978e-10 6.44143e-14 2.58219e-11 -8.8007e-09 -4.56906e-06 -5.74239e-11 2.57647e-15 -2.04896e-18 -1.56304e-18 -7.31254e-17 2.09196e-10
142.885 9.18292e-14 -8.32667e-17 0.55 -2.09204e-19 1.19686e-16 1.51477e-14 1 0.000440885 -0.150216 0.578 4.79919e-14 1.31802e-16 1 0.000318349 -3.22723e-07 -2.18443e-10 -1.97682e-13 9.11094e-12 -3.09236e-09 -1.60559e-06 -2.10223e-11 -3.12904e-15 5.39923e-18 -3.01753e-17 -1.74539e-17 7.65851e-11
143.53 -1.39462e-13 2.77556e-17 0.55 3.14929e-19 -1.81781e-16 -2.3005e-14 1 0.000440783 -0.150216 0.578 -7.28936e-14 -2.0092e-16 1 0.00031869 4.85451e-07 3.62287e-10 1.96787e-13 -1.37021e-11 4.6521e-09 2.41512e-06 3.03533e-11 7.33867e-16 2.25404e-17 3.53525e-17 4.75335e-17 -1.10577e-10
