27.064 1.29724e-35 0 0.55 -9.64976e-39 -2.68412e-39 2.18245e-36 1 0 0 0.55 -1.2599e-35 -2.04995e-36 0.587528 0.809204 -2.57504e-27 2.81526e-28 -8.51557e-32 8.5919e-31 1.08813e-30 -7.01323e-28 8.81018e-34 -3.37611e-32 -5.35831e-35 -5.17822e-34 9.1464e-36 3.61704e-33
27.7 1.29769e-35 0 0.55 -1.32981e-38 1.88802e-38 2.18328e-36 1 0 0 0.55 -6.71212e-36 1.11989e-35 0.587528 0.809204 9.58173e-28 -4.67045e-28 -6.92555e-31 7.42678e-31 3.77782e-31 2.6055e-28 4.4718e-33 3.54783e-32 7.96277e-35 4.5555e-34 -4.75121e-35 1.03314e-33
28.352 -3.11861e-36 0 0.55 -2.31997e-38 6.7717e-39 -5.19259e-37 1 0 0 0.55 -6.92912e-36 1.37043e-35 0.587528 0.809204 9.58173e-28 -4.67045e-28 -6.92555e-31 7.42678e-31 3.77782e-31 2.6055e-28 4.4718e-33 3.54783e-32 7.96277e-35 4.5555e-34 -4.75121e-35 1.03314e-33
28.976 -1.07891e-35 0 0.55 -2.88712e-38 -1.99584e-39 -1.81232e-36 1 0 0 0.55 -7.53931e-36 8.27378e-36 0.587528 0.809204 1.00856e-27 6.67809e-29 5.9817e-31 1.29654e-31 -1.13109e-30 2.70665e-28 -1.12182e-32 3.23477e-32 2.42817e-35 4.74999e-34 2.08794e-34 -2.57784e-33
29.656 -5.81199e-36 0 0.55 -1.72926e-38 8.82432e-39 -9.78378e-37 1 0 0 0.55 -3.51984e-36 1.48586e-35 0.587528 0.809204 1.10906e-27 -2.77763e-28 -1.64214e-30 7.37436e-31 5.26718e-31 3.0768e-28 -2.37409e-33 3.74664e-32 1.17489e-34 4.96303e-34 4.30433e-35 -5.34896e-34
30.27 -5.87131e-36 0 0.55 -1.82764e-38 -2.856e-39 -9.85649e-37 1 0 0 0.55 -6.79675e-36 6.65682e-36 0.587528 0.809204 9.58173e-28 -4.67045e-28 -6.92555e-31 7.42678e-31 3.77782e-31 2.6055e-28 4.4718e-33 3.54783e-32 7.96277e-35 4.5555e-34 -4.75121e-35 1.03314e-33
30.93 -7.51762e-36 0 0.55 -2.69157e-38 -3.40154e-39 -1.26189e-36 1 0 0 0.55 -9.17516e-36 6.89375e-36 0.587528 0.809204 3.85931e-28 -2.77488e-28 -4.12924e-31 7.21862e-31 -1.30167e-31 1.08517e-28 -3.56974e-33 4.03583e-32 -4.47544e-35 -5.06065e-34 -2.7027e-34 1.11497e-33
31.564 -5.87279e-36 0 0.55 -1.55109e-38 -1.69136e-38 -9.85918e-37 1 0 0 0.55 -1.05591e-35 -1.79812e-36 0.587528 0.809204 9.58177e-28 -4.67044e-28 -1.10711e-30 7.04013e-31 8.85369e-31 2.60551e-28 4.47187e-33 3.54782e-32 9.87805e-35 4.30872e-34 -6.26275e-35 1.03312e-33
32.176 -5.87931e-36 0 0.55 -1.74291e-38 -1.63223e-38 -9.87141e-37 1 0 0 0.55 -1.07652e-35 -2.25176e-36 0.587528 0.809204 1.10905e-27 -2.77764e-28 -1.89336e-30 1.05309e-30 -7.42519e-31 3.07677e-28 -2.37422e-33 3.74665e-32 1.32038e-34 5.50996e-34 7.43769e-35 -5.34858e-34
32.781 -5.87131e-36 0 0.55 -1.82764e-38 -2.856e-39 -9.85649e-37 1 0 0 0.55 -6.79675e-36 6.65682e-36 0.587528 0.809204 -4.69947e-28 9.26407e-28 1.06656e-30 1.15051e-30 1.04515e-30 -1.2008e-28 -2.43238e-32 -2.60889e-32 -8.79474e-35 -3.87708e-34 3.91294e-34 -5.20073e-33
33.408 -8.86049e-36 0 0.55 -2.31304e-38 4.96288e-39 -1.48913e-36 1 0 0 0.55 -4.51788e-36 1.23487e-35 0.587528 0.809204 -2.56612e-27 2.89907e-28 1.00733e-30 8.52376e-31 2.51435e-31 -6.98717e-28 5.70942e-34 -3.35885e-32 -9.9704e-35 -4.71961e-34 4.11243e-35 3.54494e-33
33.987 4.03662e-36 0 0.55 -8.46284e-39 2.99671e-39 6.74844e-37 1 0 0 0.55 -7.91935e-36 7.81594e-36 0.587528 0.809204 1.00856e-27 6.67814e-29 5.1135e-31 -2.99964e-32 -3.09247e-31 2.70667e-28 -1.12181e-32 3.23476e-32 2.69765e-35 4.3819e-34 1.87366e-34 -2.57786e-33
34.53 -5.82482e-36 0 0.55 -1.52717e-38 -9.16109e-39 -9.8077e-37 1 0 0 0.55 -8.65489e-36 3.35326e-36 0.587528 0.809204 1.00859e-27 6.67388e-29 -8.99573e-33 3.33729e-32 -2.02227e-31 2.70676e-28 5.70942e-34 -3.35885e-32 -9.9704e-35 -4.71961e-34 4.11243e-35 3.54494e-33
35.109 1.29769e-35 0 0.55 -1.32981e-38 1.88802e-38 2.18328e-36 1 0 0 0.55 -6.71212e-36 1.11989e-35 0.587528 0.809204 5.60908e-28 -6.69517e-28 2.14568e-30 4.56803e-31 -1.14927e-30 1.39801e-28 1.39703e-32 2.66161e-32 -4.05149e-35 3.71354e-34 -1.46582e-34 3.20754e-33
35.777 4.03418e-36 0 0.55 -7.02506e-39 -7.87714e-39 6.74394e-37 1 0 0 0.55 -1.0965e-35 9.55304e-37 0.587528 0.809204 1.06813e-27 -3.79734e-28 -3.45429e-30 1.46694e-30 -3.1476e-31 2.94175e-28 9.28128e-34 3.7578e-32 1.9209e-34 5.12215e-34 1.53039e-35 2.22279e-34
36.401 -1.03346e-35 0 0.55 -2.0567e-38 -2.25288e-38 -1.7348e-36 1 0 0 0.55 -1.21395e-35 -2.56164e-36 0.587528 0.809204 -4.69809e-28 9.26e-28 5.27563e-31 1.25263e-30 9.8285e-31 -1.20031e-28 -2.4311e-32 -2.60818e-32 -6.03636e-35 -3.87714e-34 3.89946e-34 -5.19782e-33
37.095 4.03735e-36 0 0.55 -1.19701e-38 1.63391e-38 6.74971e-37 1 0 0 0.55 -4.52442e-36 1.54593e-35 0.587528 0.809204 3.85931e-28 -2.77488e-28 -4.12924e-31 7.21862e-31 -1.30167e-31 1.08517e-28 -3.56974e-33 4.03583e-32 -4.47544e-35 -5.06065e-34 -2.7027e-34 1.11497e-33
37.737 -3.11944e-36 0 0.55 -1.9699e-38 -7.23055e-39 -5.19405e-37 1 0 0 0.55 -1.05293e-35 5.60922e-36 0.587528 0.809204 1.10906e-27 -2.77763e-28 -1.64214e-30 7.37436e-31 5.26718e-31 3.0768e-28 -2.37409e-33 3.74664e-32 1.17489e-34 4.96303e-34 4.30433e-35 -5.34896e-34
38.358 4.03662e-36 0 0.55 -8.46284e-39 2.99671e-39 6.74844e-37 1 0 0 0.55 -7.91935e-36 7.81594e-36 0.587528 0.809204 5.60908e-28 -6.69517e-28 2.14568e-30 4.56803e-31 -1.14927e-30 1.39801e-28 -2.67675e-33 4.08287e-32 -6.19201e-35 -5.68246e-34 -2.99231e-34 1.31601e-33
38.948 -5.81262e-36 0 0.55 -1.38417e-38 -3.65315e-39 -9.78487e-37 1 0 0 0.55 -6.65841e-36 7.77832e-36 0.587528 0.809204 3.8594e-28 -2.77488e-28 -3.81241e-31 5.42096e-31 6.92026e-31 1.08519e-28 -3.56965e-33 4.03582e-32 -4.78177e-35 -5.42246e-34 -2.91109e-34 1.11494e-33
39.523 -5.87931e-36 0 0.55 -1.74291e-38 -1.63223e-38 -9.87141e-37 1 0 0 0.55 -1.07652e-35 -2.25176e-36 0.587528 0.809204 -4.69962e-28 9.26406e-28 9.79118e-31 1.46175e-30 -3.408e-31 -1.20083e-28 -2.4324e-32 -2.60888e-32 -8.11356e-35 -3.26942e-34 4.26366e-34 -5.20069e-33
40.11 -5.82482e-36 0 0.55 -1.52717e-38 -9.16109e-39 -9.8077e-37 1 0 0 0.55 -8.65489e-36 3.35326e-36 0.587528 0.809204 -4.69955e-28 9.26406e-28 1.21745e-30 1.29404e-30 2.48967e-31 -1.20082e-28 -2.43239e-32 -2.60888e-32 -9.3801e-35 -3.51687e-34 4.12398e-34 -5.20071e-33
40.672 -7.49309e-36 0 0.55 -2.00507e-38 -2.37334e-38 -1.25713e-36 1 0 0 0.55 -1.39242e-35 -4.13022e-36 0.587528 0.809204 -2.57504e-27 2.81526e-28 -8.51557e-32 8.5919e-31 1.08813e-30 -7.01323e-28 8.81018e-34 -3.37611e-32 -5.35831e-35 -5.17822e-34 9.1464e-36 3.61704e-33
41.249 4.03735e-36 0 0.55 -1.19701e-38 1.63391e-38 6.74971e-37 1 0 0 0.55 -4.52442e-36 1.54593e-35 0.587528 0.809204 -2.56611e-27 2.89907e-28 1.18105e-30 6.70399e-31 9.66109e-31 -6.98714e-28 5.71012e-34 -3.35885e-32 -1.09465e-34 -5.026e-34 2.37021e-35 3.54492e-33
41.861 4.17501e-10 1.01925e-09 0.55 -1.24545e-12 8.2596e-13 7.0785e-11 1 1.74833e-09 2.03829e-08 0.55 -3.35137e-10 5.00399e-10 0.587601 0.809151 -0.00340714 -0.00968101 4.16475e-06 3.67148e-05 -1.42888e-05 0.0171447 4.41156e-07 -7.16089e-09 -1.46083e-10 -6.50107e-11 -2.83094e-09 -8.32905e-07
42.421 2.02788e-09 5.0431e-09 0.55 -6.3246e-12 4.06548e-12 3.43895e-10 1 8.29863e-09 1.00738e-07 0.55 -1.71846e-09 2.52385e-09 0.58913 0.808038 -0.00599313 -0.0190429 3.31395e-08 0.000188581 -5.87274e-05 0.0923378 1.21239e-06 4.06623e-08 1.43157e-10 4.83037e-10 6.19809e-10 -4.47022e-06
43.028 4.22232e-09 1.14748e-08 0.55 -1.43623e-11 8.29644e-12 7.16858e-10 1 1.5191e-08 2.28218e-07 0.55 -3.9818e-09 5.40014e-09 0.597717 0.801707 -0.0112603 -0.0434715 3.00423e-07 0.000417818 -0.000107522 0.207649 2.80484e-06 9.81955e-08 -7.5702e-12 1.53731e-11 6.37018e-11 -1.02133e-05
43.553 3.72638e-09 1.28165e-08 0.55 -1.96911e-11 7.38382e-12 6.3436e-10 1 7.06823e-09 2.5284e-07 0.55 -6.27671e-09 6.91843e-09 0.616749 0.78716 -0.040444 -0.180736 3.73022e-05 0.000556958 -0.000113364 0.270451 7.66325e-06 3.49746e-07 -1.27617e-09 -2.06294e-10 -5.85873e-08 -1.27909e-05
44.211 1.93633e-09 1.51059e-08 0.55 -2.10873e-11 7.22637e-13 3.3181e-10 1 -1.27043e-08 2.93773e-07 0.55 -7.61586e-09 4.88444e-09 0.660005 0.751262 0.00953905 -0.118044 -2.18562e-06 0.000677354 9.61999e-05 0.158888 3.43667e-06 1.24729e-06 1.76706e-10 -3.69256e-10 3.01641e-09 -1.32041e-05
44.791 -7.97877e-10 1.07518e-08 0.55 -1.42841e-11 -8.22745e-12 -1.35441e-10 1 -3.20723e-08 2.06714e-07 0.55 -7.21483e-09 8.04809e-10 0.712826 0.701341 0.0364842 -0.115939 -1.89819e-06 0.000488321 0.000344762 0.0469791 2.43847e-06 2.15259e-06 1.0579e-12 3.17359e-12 9.45631e-10 -8.89087e-06
45.402 -1.79542e-11 -2.79431e-09 0.55 4.77125e-13 -9.14838e-12 -1.79256e-12 1 -3.70783e-08 -5.93101e-08 0.55 -5.00709e-09 -3.18117e-09 0.774434 0.632655 -0.000230414 0.476076 0.000157276 -0.000502612 0.000251523 0.571696 -1.07618e-05 4.38615e-06 -1.85466e-09 2.52613e-08 1.98227e-07 -3.19674e-05
46.005 -2.80221e-09 5.34907e-09 0.55 5.02895e-12 -1.15793e-11 -4.73241e-10 1 -4.83381e-08 9.47315e-08 0.55 -2.009e-09 -6.33727e-09 0.832632 0.553827 0.0985987 -5.38191e-05 2.94702e-05 -0.000120587 0.000522071 -0.144293 3.91425e-08 4.35598e-06 1.70137e-09 1.88712e-08 -1.23059e-08 8.8856e-06
46.568 -1.00524e-09 7.59456e-12 0.55 5.72275e-12 -8.89081e-12 -1.67383e-10 1 -4.14016e-08 -1.30833e-08 0.55 -2.93766e-09 -5.38894e-09 0.880342 0.47434 0.0877453 -0.0691095 -3.605e-05 -0.000192443 0.00047426 -0.16793 -9.67576e-06 2.88992e-06 -9.7319e-09 1.60763e-09 1.50924e-07 -1.16133e-05
47.138 -2.01054e-09 8.47694e-11 0.55 7.98899e-12 -7.27343e-12 -3.33312e-10 1 -5.078e-08 -8.57257e-09 0.55 -1.68999e-09 -5.87638e-09 0.9208 0.390036 -0.313085 0.52148 0.000267764 -0.000769427 -0.00030085 0.453155 -1.48759e-05 5.88531e-06 -2.68644e-09 4.6769e-08 2.42747e-07 -3.13964e-05
47.685 3.34194e-09 -2.37416e-09 0.55 9.17764e-12 -1.60275e-12 5.54325e-10 1 2.07073e-08 -8.05758e-08 0.55 -5.81459e-10 -5.82396e-09 0.951726 0.30695 0.0167509 0.0504159 6.32696e-06 -0.00039825 0.000191603 -0.0386128 -7.85714e-07 2.99831e-06 1.45972e-10 2.58487e-09 3.85371e-09 2.04471e-06
48.227 5.62541e-09 -2.9886e-09 0.55 1.05685e-11 4.36763e-12 9.30721e-10 1 6.88017e-08 -9.16225e-08 0.55 2.12278e-09 -5.62422e-09 0.974231 0.225552 -0.00403704 0.0473183 -2.23919e-06 -0.000431967 -2.10366e-05 -0.109163 -1.48041e-06 2.51562e-06 1.40323e-10 5.02869e-10 1.29308e-09 5.22629e-06
48.807 1.08669e-08 -3.25515e-09 0.55 9.29967e-12 1.27242e-11 1.79454e-09 1 1.73203e-07 -9.62452e-08 0.55 5.29516e-09 -4.48208e-09 0.989375 0.145385 -0.0269799 0.0356301 4.21493e-06 -0.000378784 -0.000281017 -0.194046 -8.34204e-06 2.04821e-06 -1.0883e-09 3.23176e-09 9.42896e-08 6.53856e-07
49.429 1.39037e-08 -2.06871e-09 0.55 5.64853e-12 1.83101e-11 2.29414e-09 1 2.41859e-07 -6.08069e-08 0.55 7.55956e-09 -2.58845e-09 0.997163 0.0752725 -0.072999 0.0302057 3.48016e-06 -0.000233432 -0.000479737 -0.262936 -4.01106e-06 1.10545e-06 3.74473e-11 1.11217e-09 1.1085e-08 1.15839e-05
50.059 1.53755e-08 -7.97082e-10 0.55 2.04049e-12 1.91709e-11 2.53636e-09 1 2.74256e-07 -2.34502e-08 0.55 7.52176e-09 -9.35131e-10 0.999646 0.0265872 -0.0505487 0.00884652 -6.26318e-09 -8.33439e-05 -0.000479736 -0.253225 -3.1846e-06 3.85375e-07 3.07681e-13 1.01814e-12 2.38782e-10 1.15985e-05
50.644 1.35143e-08 -5.9782e-11 0.55 3.07868e-13 1.6096e-11 2.22925e-09 1 2.41895e-07 -2.18853e-09 0.55 6.11414e-09 -1.63914e-10 0.999999 0.00164711 -0.0312684 0.00146328 -3.46818e-08 -1.37141e-05 -0.000396486 -0.202549 -2.10994e-06 8.51888e-08 -4.98297e-12 -2.45869e-11 -8.99088e-09 1.16122e-05
51.239 7.66642e-09 1.00701e-10 0.55 -1.28231e-13 1.0292e-11 1.26462e-09 1 1.372e-07 2.51627e-09 0.55 4.20768e-09 3.63274e-11 0.999972 -0.00746965 -0.00655969 -0.000100051 2.05149e-07 4.43845e-06 -0.000254658 -0.147245 -1.17497e-06 2.54049e-09 -5.81369e-12 -5.05584e-12 -9.36157e-09 7.23002e-06
51.841 3.48785e-09 3.31129e-11 0.55 -1.62703e-14 4.54747e-12 5.75339e-10 1 6.2426e-08 7.43788e-10 0.55 1.82829e-09 -3.62326e-12 0.999984 -0.0055887 -0.0112326 2.02797e-07 1.07074e-08 4.01309e-07 -0.000116772 -0.0630985 -7.50459e-07 8.88062e-09 -1.83395e-13 6.20317e-13 -4.43196e-10 2.91973e-06
52.463 -1.54144e-09 7.85177e-13 0.55 5.13564e-14 -2.0092e-12 -2.54268e-10 1 -2.75916e-08 -1.03649e-10 0.55 -8.07654e-10 -3.09515e-11 0.999999 0.00144025 0.00525881 0.000224428 1.90142e-10 -2.26962e-06 5.03931e-05 0.0261607 3.2879e-07 1.4496e-08 -1.05286e-14 -4.49676e-14 6.45673e-13 -1.19777e-06
53.029 -4.3171e-09 4.63162e-11 0.55 -3.14693e-14 -5.62719e-12 -7.12129e-10 1 -7.7265e-08 1.15233e-09 0.55 -2.26206e-09 1.71231e-12 0.999981 0.00613833 0.015178 -0.000136886 -1.61903e-10 9.70588e-07 0.000145451 0.0755136 9.49058e-07 1.87734e-09 1.23978e-14 3.29858e-14 1.3024e-12 -3.45742e-06
53.61 -4.09436e-10 5.56663e-12 0.55 -2.33334e-15 -5.28513e-13 -6.75388e-11 1 -7.32734e-09 1.33684e-10 0.55 -2.1123e-10 -6.60602e-13 0.999969 0.00790537 0.00162989 -1.34183e-05 -3.11974e-09 5.16516e-08 1.34164e-05 0.00726831 9.63038e-08 6.95121e-10 4.59679e-14 -5.36908e-13 -1.08303e-10 -3.292e-07
54.186 3.57812e-09 -6.20815e-11 0.55 6.81061e-14 4.72964e-12 5.90231e-10 1 6.40252e-08 -1.59205e-09 0.55 1.91674e-09 -1.72423e-11 0.999953 0.00973006 -0.0124462 0.000273737 -3.58869e-09 -2.41725e-06 -0.000123711 -0.0621128 -1.11208e-06 2.21008e-10 -1.42167e-11 -3.48779e-11 5.37966e-09 2.67599e-06
54.793 1.20441e-08 -3.76776e-10 0.55 5.54627e-13 1.51506e-11 1.98676e-09 1 2.15328e-07 -1.0172e-08 0.55 5.96332e-09 -1.98889e-10 0.999847 0.0174856 -0.0194279 0.00143703 2.21777e-08 -2.13448e-05 -0.000393225 -0.144759 -1.53685e-06 5.41634e-08 -5.92734e-12 -5.2327e-11 -1.02592e-08 6.83255e-06
55.358 1.8874e-08 -1.40315e-09 0.55 2.56448e-12 2.31003e-11 3.1136e-09 1 3.35589e-07 -3.85081e-08 0.55 8.95721e-09 -1.03007e-09 0.99921 0.0397375 -0.109787 0.0135784 1.77684e-06 -9.76866e-05 -0.000588752 -0.322814 -5.39657e-06 3.34136e-07 -1.07055e-10 -3.13705e-10 2.27584e-08 1.38229e-05
55.99 1.78467e-08 -3.11016e-09 0.55 7.12247e-12 2.24541e-11 2.94508e-09 1 3.0745e-07 -8.87657e-08 0.55 9.0349e-09 -3.15874e-09 0.995876 0.0907211 -0.05868 0.0298212 6.05838e-08 -0.000284573 -0.000562744 -0.31295 -3.68762e-06 1.13883e-06 -4.83512e-11 -3.73862e-10 -5.42984e-09 1.44909e-05
56.552 1.20303e-08 -3.89915e-09 0.55 1.09317e-11 1.42432e-11 1.98706e-09 1 1.87813e-07 -1.15057e-07 0.55 6.02892e-09 -5.24785e-09 0.987259 0.15912 -0.0663611 0.0647205 1.5956e-05 -0.000449039 -0.000318469 -0.22776 -3.98859e-06 2.33857e-06 -5.30094e-11 3.41429e-09 1.75612e-08 9.86726e-06
57.145 4.8789e-09 -2.9985e-09 0.55 1.09824e-11 2.26463e-12 8.07784e-10 1 5.16713e-08 -9.32736e-08 0.55 1.18118e-09 -6.1314e-09 0.969097 0.24668 0.0291053 0.0500647 -5.65822e-05 -0.00045294 3.50557e-05 -0.0786368 -5.16177e-07 3.2136e-06 2.66208e-09 6.06531e-09 -1.00609e-08 4.35256e-06
57.714 1.1169e-09 -1.93411e-09 0.55 8.37558e-12 -5.66007e-12 1.86335e-10 1 -1.36161e-08 -6.10705e-08 0.55 -2.38767e-09 -5.60273e-09 0.942031 0.335525 0.0418818 0.0243914 -4.47177e-05 -0.000374622 0.000245346 0.00415854 -3.94944e-05 -8.82449e-07 -2.90795e-08 -4.68865e-08 5.93007e-07 -8.54449e-06
58.265 -1.56373e-09 8.19137e-11 0.55 6.36382e-12 -8.72424e-12 -2.59589e-10 1 -4.5939e-08 -1.06259e-08 0.55 -2.90145e-09 -5.37852e-09 0.907736 0.419541 0.173289 -0.101452 -0.000116266 -0.000261435 0.000437406 0.0655699 6.041e-06 3.5148e-06 4.75907e-09 6.49794e-09 -8.5831e-08 5.28174e-07
58.87 -3.63229e-09 1.41359e-09 0.55 4.42353e-12 -1.13033e-11 -6.07246e-10 1 -6.28921e-08 2.99587e-08 0.55 -3.17861e-09 -5.03562e-09 0.862039 0.506842 0.019476 0.146078 2.73323e-05 -0.000363284 0.000263217 0.203095 -2.3592e-06 4.25661e-06 1.83888e-09 2.06266e-08 4.62656e-08 -1.0756e-05
59.495 -2.64075e-09 2.74296e-09 0.55 1.09502e-13 -1.21851e-11 -4.45528e-10 1 -4.98418e-08 5.12508e-08 0.55 -4.4254e-09 -3.91762e-09 0.806814 0.590805 0.113065 -0.254301 -0.00011464 5.72809e-05 0.000547418 -0.108654 7.70221e-06 2.29031e-06 2.66078e-09 -8.8481e-09 -1.20081e-07 9.02579e-06
60.091 -1.51811e-09 5.19468e-09 0.55 -5.97053e-12 -1.05284e-11 -2.58108e-10 1 -3.76413e-08 9.82283e-08 0.55 -5.52791e-09 -1.91111e-09 0.748864 0.662724 0.0467578 0.0306852 2.30403e-05 9.8604e-05 0.000400077 0.117238 -7.20496e-08 2.8079e-06 -6.04947e-11 5.03009e-09 1.91189e-08 -5.38729e-06
60.708 2.42285e-10 1.25968e-08 0.55 -1.59452e-11 -4.72548e-12 4.24548e-11 1 -2.31487e-08 2.43375e-07 0.55 -6.75655e-09 1.90831e-09 0.689385 0.724395 0.0265756 0.0304972 -1.07272e-06 0.00028648 0.00026052 0.336667 1.17492e-06 1.67853e-06 -4.5108e-11 -1.33436e-09 2.79818e-08 -1.66423e-05
61.317 2.77312e-09 1.38606e-08 0.55 -1.88619e-11 3.42903e-12 4.7371e-10 1 -4.03944e-09 2.71196e-07 0.55 -6.41403e-09 4.98967e-09 0.639383 0.768889 0.0255745 0.00651794 -3.46087e-05 0.000523969 7.67769e-05 0.26008 1.33841e-06 1.22461e-06 1.62954e-09 3.57164e-09 2.92623e-08 -1.27036e-05
61.927 4.43418e-09 1.306e-08 0.55 -1.69088e-11 8.23242e-12 7.53559e-10 1 1.26269e-08 2.59197e-07 0.55 -5.01376e-09 5.91836e-09 0.604408 0.796675 -0.0372151 -0.163069 0.000106164 0.000528327 -0.000125247 0.167658 6.40772e-06 4.2992e-07 -3.21918e-09 1.857e-09 -5.02493e-08 -7.73784e-06
62.464 -6.50306e-08 1.53876e-07 0.55 -6.55904e-10 1.88444e-10 -2.1153e-07 1 4.78706e-06 1.82009e-05 0.55 -2.47076e-07 3.41711e-07 0.587348 0.809334 7.75151 9.23157 -0.0048458 0.0153898 -0.00206937 21.566 -0.000223441 0.000145077 4.28658e-07 2.00496e-06 5.4873e-06 -0.00104782
63.06 -6.74314e-09 -1.72825e-08 0.55 2.22221e-11 -1.38978e-11 -1.14396e-09 1 -2.7498e-08 -3.44321e-07 0.55 6.03965e-09 -8.91019e-09 0.591529 0.806283 0.0194781 0.0696317 4.85127e-06 -0.000660851 0.000205763 -0.330359 -4.49212e-06 -6.50712e-08 -3.07023e-10 -1.09639e-09 7.81965e-11 1.62628e-05
63.627 -1.00823e-08 -2.48246e-08 0.55 3.05205e-11 -2.01661e-11 -1.70958e-09 1 -4.2305e-08 -4.96002e-07 0.55 8.14545e-09 -1.22221e-08 0.588183 0.808728 0.0304142 0.0936638 -2.00445e-07 -0.000904306 0.000291266 -0.454531 -6.51925e-06 -1.39607e-07 -2.22321e-10 -2.33824e-09 6.88579e-09 2.0929e-05
64.179 -1.35829e-08 -3.06093e-08 0.55 1.27396e-11 -1.69195e-11 -5.41745e-09 1 2.53271e-08 -3.73265e-07 0.55 1.31503e-10 -1.76837e-09 0.587525 0.809206 0.271011 0.470566 -8.18862e-05 0.00304024 -0.000775639 0.0733587 -1.66935e-05 3.58142e-06 8.8528e-09 4.53262e-08 3.95257e-07 -3.58236e-06
64.823 -1.69676e-08 -2.82404e-08 0.55 1.1893e-11 -1.61784e-11 -1.44899e-08 1 2.29855e-07 3.19103e-07 0.55 6.31899e-10 -2.25408e-09 0.587516 0.809212 -0.0194917 0.237424 -0.000128538 -0.000217941 7.90842e-05 0.27822 -4.98051e-06 -2.97493e-06 -1.64949e-09 -4.29313e-08 8.94176e-08 -1.5717e-05
65.372 -1.23937e-08 -2.0725e-08 0.55 7.0422e-12 -1.13083e-11 -1.0574e-08 1 1.67779e-07 2.30542e-07 0.55 -2.06902e-10 -7.62977e-10 0.587519 0.80921 0.333673 0.643245 -0.000213711 -6.12428e-05 0.000184926 0.616697 -3.14761e-06 -1.88653e-06 -6.46312e-10 -2.72991e-08 6.26566e-08 -1.09019e-05
65.995 -3.76166e-09 -6.45664e-09 0.55 2.16792e-12 -3.77341e-12 -2.36533e-09 1 2.78405e-08 9.15392e-10 0.55 -4.47474e-11 -2.48484e-10 0.587525 0.809206 -0.0288631 -0.00443604 4.87983e-06 -6.13028e-05 -1.82541e-06 0.0568846 8.46475e-07 -8.35332e-07 -1.75299e-09 -1.16271e-08 -8.81425e-09 -3.16153e-06
66.638 6.5158e-09 1.71405e-08 0.55 -2.25376e-11 1.35927e-11 1.10561e-09 1 2.49213e-08 3.40912e-07 0.55 -6.24339e-09 8.99476e-09 0.590569 0.806987 -0.0549946 -0.199977 8.62206e-05 0.000689124 -0.000255597 0.228475 3.62006e-06 -3.13758e-07 -1.10296e-09 -5.41192e-09 1.6986e-08 -2.09349e-05
67.206 9.03749e-09 2.84125e-08 0.55 -3.65473e-11 1.63308e-11 1.53708e-09 1 2.28516e-08 5.62667e-07 0.55 -1.08779e-08 1.22176e-08 0.6137 0.789539 -0.0153578 -0.109965 1.98534e-06 0.00105818 -0.000146541 0.513712 6.8952e-06 7.62984e-07 -5.75743e-11 4.61434e-11 2.56421e-10 -2.51002e-05
67.811 1.79488e-09 2.05248e-08 0.55 -2.89511e-11 -3.30679e-12 3.08561e-10 1 -3.11425e-08 3.98754e-07 0.55 -1.16519e-08 5.27866e-09 0.669583 0.742737 0.0322356 -0.0820434 -4.37144e-07 0.000806139 0.000308651 0.377484 4.89836e-06 2.53938e-06 1.25111e-11 -8.75529e-12 1.03631e-09 -1.78663e-05
68.425 -1.12163e-09 2.41738e-09 0.55 -9.54353e-13 -1.33628e-11 -1.90262e-10 1 -5.2113e-08 4.32055e-08 0.55 -5.581e-09 -5.11627e-09 0.744079 0.668091 0.0588449 -0.00251664 -3.60443e-07 1.95058e-05 0.000563937 0.0552814 2.3559e-06 3.44512e-06 2.30494e-11 -3.24656e-09 -3.72457e-08 6.82875e-06
68.973 3.51765e-09 -1.11468e-08 0.55 1.66503e-11 -2.58779e-12 5.98088e-10 1 -2.69327e-08 -2.30313e-07 0.55 6.0034e-10 -8.23858e-09 0.805892 0.592063 0.0448224 -0.117221 -9.01537e-05 -0.000316022 0.000428599 -0.328439 -9.13024e-06 3.3809e-06 -4.17736e-09 3.88391e-09 1.13658e-07 -2.30673e-06
69.505 4.45056e-09 -7.2951e-09 0.55 1.32615e-11 1.32635e-12 7.4916e-10 1 -1.31663e-09 -1.64339e-07 0.55 1.69533e-09 -6.54806e-09 0.853107 0.521736 0.00418201 0.218427 5.91313e-05 -0.000642841 5.76721e-05 0.0318895 -5.80745e-06 4.49527e-06 2.19129e-09 3.08442e-08 6.43436e-08 -2.94132e-06
70.154 -8.70222e-10 1.22432e-09 0.55 2.02209e-12 -8.12825e-12 -1.45625e-10 1 -2.7771e-08 8.35133e-09 0.55 -3.53495e-09 -3.28478e-09 0.897194 0.441636 0.0521345 0.0135173 -1.96118e-05 -0.00016393 0.00029578 0.0744118 1.05778e-06 2.63059e-06 1.58403e-09 6.88494e-09 -7.51983e-09 -2.84439e-06
70.794 -1.11983e-08 8.27246e-09 0.55 -1.86557e-12 -2.23262e-11 -1.86039e-09 1 -1.49594e-07 1.63184e-07 0.55 -8.73884e-09 -3.71569e-09 0.935378 0.353649 0.177093 -0.0711417 8.03796e-06 -9.91906e-05 0.000671709 0.279666 2.36752e-06 3.03811e-06 -1.58924e-09 1.37717e-09 1.01134e-08 -1.1235e-05
71.384 -1.32128e-08 4.48173e-09 0.55 7.48352e-12 -2.28665e-11 -2.18512e-09 1 -2.17893e-07 8.76129e-08 0.55 -8.44199e-09 -7.05399e-09 0.967769 0.251838 0.0637939 0.0299041 -1.69774e-05 -0.000342646 0.000682094 0.207237 2.54174e-06 3.89573e-06 -7.87542e-11 -4.52846e-09 1.5397e-09 -9.19039e-06
72.008 2.48607e-09 -1.45243e-09 0.55 1.63474e-11 -3.21018e-12 4.10841e-10 1 2.56494e-08 -8.01544e-08 0.55 -1.61988e-09 -9.83472e-09 0.992081 0.125598 0.00368245 0.0785974 1.16341e-05 -0.000718889 0.000201556 -0.0137979 -6.00095e-07 4.83838e-06 -4.19851e-10 -2.63313e-10 8.47062e-09 6.21003e-07
72.631 9.85631e-09 -8.38697e-10 0.55 1.44103e-11 1.54557e-11 1.62585e-09 1 1.76454e-07 -5.68064e-08 0.55 6.8402e-09 -8.34626e-09 0.999999 -0.00102816 -0.21308 0.0655622 7.80671e-08 -0.000624982 -0.00044078 -0.25849 -7.97132e-06 4.0925e-06 -1.13491e-11 9.22564e-11 7.84904e-08 8.41984e-06
73.26 1.145e-08 1.59242e-09 0.55 6.86879e-12 1.83064e-11 1.88949e-09 1 2.04606e-07 1.79117e-08 0.55 7.57943e-09 -4.90124e-09 0.993781 -0.111349 -0.126629 0.013368 8.62661e-06 -0.000318344 -0.000536471 -0.451395 -6.53688e-06 2.65884e-06 -5.2182e-10 -1.76291e-09 3.48353e-08 1.99511e-05
73.86 1.0598e-08 2.62858e-09 0.55 4.34426e-12 1.28035e-11 1.75062e-09 1 1.7685e-07 6.0853e-08 0.55 4.08429e-09 -3.39272e-09 0.980379 -0.197124 0.0138609 0.0554799 3.48248e-05 -0.000231027 -0.000267132 -0.108117 3.18064e-07 2.43367e-06 -2.12381e-10 6.67125e-09 -2.40182e-08 5.85561e-06
74.375 7.53767e-10 4.68045e-10 0.55 4.04383e-12 4.28465e-12 1.2484e-10 1 2.13203e-08 -8.82217e-09 0.55 1.65685e-09 -3.32153e-09 0.965145 -0.261714 -0.0175371 0.0231219 5.92478e-06 -0.000229 -0.000144646 -0.0234727 3.06162e-06 5.11004e-07 -3.84938e-09 -1.69564e-08 -4.89721e-08 1.5808e-06
74.993 6.03415e-10 -2.69618e-10 0.55 5.19619e-12 3.45753e-12 9.95994e-11 1 2.26697e-08 -1.55274e-08 0.55 8.79319e-10 -3.50435e-09 0.941885 -0.335936 -0.0176668 0.0102501 2.21531e-06 -0.00019764 -0.000178629 -0.00726662 -2.39659e-07 1.46184e-06 -6.27631e-10 -4.07206e-09 2.82801e-09 6.83153e-08
75.599 4.59827e-09 3.95425e-09 0.55 -1.73575e-12 1.11422e-11 7.6592e-10 1 5.86442e-08 7.77662e-08 0.55 4.67412e-09 -1.67231e-09 0.914012 -0.405687 -0.03216 -0.00653698 -1.47668e-05 1.99981e-05 -0.00033407 -0.104378 -1.46004e-06 1.38967e-06 1.22946e-10 -2.60197e-09 8.91865e-10 4.58602e-06
76.175 1.03032e-08 9.33672e-09 0.55 -8.31643e-12 1.74057e-11 1.72173e-09 1 9.58439e-08 2.11872e-07 0.55 6.76727e-09 6.92427e-10 0.886446 -0.462831 -0.111552 -0.0913375 -7.015e-05 0.000250015 -0.000413886 -0.232991 -5.67547e-06 1.76616e-06 3.55806e-09 9.08711e-09 4.40836e-08 9.08191e-06
76.717 9.18152e-09 1.11588e-08 0.55 -1.30755e-11 1.64241e-11 1.54044e-09 1 6.83056e-08 2.41165e-07 0.55 7.31209e-09 2.58631e-09 0.864529 -0.502582 0.00914082 0.00244193 4.04912e-05 0.000376554 -0.000278669 -0.236351 -3.16635e-06 5.36814e-07 -2.02574e-10 2.36141e-10 1.6181e-10 1.16089e-05
77.337 6.23047e-09 9.23656e-09 0.55 -1.13281e-11 1.10793e-11 1.04854e-09 1 3.85361e-08 1.94453e-07 0.55 5.20441e-09 2.56221e-09 0.848151 -0.529754 0.0759493 0.118284 0.000114751 0.000293036 -9.17829e-05 -0.218839 2.75558e-06 -4.24747e-07 -4.7108e-09 -6.5754e-09 -8.15466e-08 1.3047e-05
77.895 3.17341e-09 5.235e-09 0.55 -6.31014e-12 5.57672e-12 5.34881e-10 1 1.78407e-08 1.08707e-07 0.55 2.63899e-09 1.42434e-09 0.840723 -0.541465 -0.00872403 -0.0181177 -1.68461e-07 0.000172927 -8.29223e-05 -0.0966591 -2.89464e-06 -7.44957e-08 1.09526e-09 -1.92766e-09 2.59414e-08 2.43136e-06
78.483 -8.87343e-10 -1.84448e-09 0.55 2.11459e-12 -1.51577e-12 -1.49899e-10 1 -3.92544e-09 -3.7181e-08 0.55 -7.264e-10 -4.38531e-10 0.836647 -0.547742 0.00570044 0.0191171 5.3274e-07 -7.57018e-05 3.65516e-05 0.00757179 -6.34971e-07 -4.8586e-08 5.01994e-10 -1.22294e-09 1.65009e-08 -2.87497e-06
79.087 -9.28103e-10 -1.79592e-09 0.55 2.55873e-12 -1.70498e-12 -1.56767e-10 1 -4.11235e-09 -3.67722e-08 0.55 -9.88836e-10 -6.91011e-10 0.83142 -0.555644 -0.00692462 -0.0183715 -1.47868e-05 -5.45148e-05 6.83035e-06 0.0523146 5.00074e-07 4.03541e-08 -1.63903e-11 2.64192e-11 1.36696e-10 -1.8158e-06
79.687 1.12159e-09 2.18538e-09 0.55 -2.7834e-12 2.21204e-12 1.89577e-10 1 5.95181e-09 4.44201e-08 0.55 1.16075e-09 6.18145e-10 0.824711 -0.565555 -0.00419958 -0.0090841 4.2473e-07 7.86431e-05 -3.70733e-05 -0.0475163 -6.20585e-07 4.08473e-08 -1.47609e-11 -8.31936e-12 4.42177e-10 2.24596e-06
80.318 4.11122e-09 8.34149e-09 0.55 -1.10128e-11 7.76856e-12 6.95399e-10 1 1.95988e-08 1.69612e-07 0.55 4.2787e-09 2.703e-09 0.820079 -0.57225 -0.00664639 -0.0236817 4.54946e-06 0.000300232 -0.000105139 -0.157483 -1.80265e-06 -5.85172e-08 -2.59757e-10 -7.8785e-10 -4.12309e-09 7.60859e-06
80.94 5.96543e-09 1.16263e-08 0.55 -1.47748e-11 1.12429e-11 1.00841e-09 1 3.00907e-08 2.37009e-07 0.55 5.89171e-09 3.47643e-09 0.8237 -0.567026 -0.00738701 -0.0803788 -1.90339e-05 0.000415842 -0.000158003 -0.217306 -2.13699e-06 7.11546e-08 -4.27626e-10 1.45294e-10 -8.75513e-09 8.85946e-06
81.533 5.01136e-09 8.49656e-09 0.55 -1.1681e-11 1.06078e-11 8.45161e-10 1 3.10551e-08 1.74404e-07 0.55 5.67503e-09 2.57354e-09 0.837199 -0.546898 -0.0275689 -0.0913018 -3.96381e-05 0.000394396 -0.000232095 -0.142792 -3.85541e-06 -2.08268e-07 2.07117e-10 -8.04578e-09 2.26309e-08 6.07233e-06
82.14 3.88678e-09 5.62167e-09 0.55 -6.50778e-12 9.00714e-12 6.53245e-10 1 3.17114e-08 1.14494e-07 0.55 4.28232e-09 6.84044e-10 0.859046 -0.511899 -0.0236022 -0.091702 -7.65857e-06 0.000236344 -0.000258442 -0.0517926 -3.16879e-06 -4.10693e-07 -1.89666e-09 -1.59625e-08 2.70603e-08 1.59823e-06
82.741 3.85548e-09 3.66526e-09 0.55 -2.53571e-12 8.22136e-12 6.44591e-10 1 4.09786e-08 7.81517e-08 0.55 3.26425e-09 -6.4022e-10 0.884447 -0.466641 -0.0246221 -0.00415603 -1.54705e-05 6.45564e-05 -0.000214397 -0.0871303 -1.07553e-06 1.03878e-06 6.82768e-10 1.34832e-09 -2.45366e-10 3.89195e-06
83.393 1.52382e-09 1.09759e-09 0.55 -1.24762e-12 7.61808e-12 2.53697e-10 1 2.65705e-08 1.69752e-08 0.55 4.06844e-09 -9.72107e-10 0.91274 -0.408541 -0.0274581 -0.00134373 3.28403e-07 4.39517e-05 -0.000287626 -0.0988097 9.47871e-07 4.81713e-07 -2.69883e-09 -1.02618e-08 -2.40116e-08 -1.6602e-06
83.91 5.7601e-09 3.25918e-09 0.55 -6.89278e-13 1.19452e-11 9.56147e-10 1 7.96435e-08 7.13951e-08 0.55 4.95777e-09 -1.67965e-09 0.934864 -0.355007 -0.0253259 -0.00867754 1.07733e-05 6.08267e-06 -0.000357016 -0.13103 -1.59559e-06 1.089e-06 -1.24793e-09 -6.56975e-09 -1.59749e-09 6.02864e-06
84.485 9.02111e-09 3.84452e-09 0.55 1.53319e-12 1.53928e-11 1.49349e-09 1 1.36946e-07 8.48356e-08 0.55 5.90243e-09 -2.90078e-09 0.958511 -0.285056 -0.0244877 0.0105382 4.72294e-05 -0.000109647 -0.00042886 -0.151557 -1.42186e-06 1.73173e-06 -2.21717e-09 -5.02341e-09 -7.90873e-09 7.14082e-06
85.11 9.38729e-09 2.56169e-09 0.55 6.18488e-12 1.37673e-11 1.55077e-09 1 1.61454e-07 4.33864e-08 0.55 4.78544e-09 -4.96075e-09 0.980846 -0.194786 -0.304836 -0.0811708 -9.2591e-05 -0.000248346 -0.000555204 -0.0308186 -9.3869e-06 2.69451e-06 2.82561e-09 -1.7277e-09 1.26392e-07 -4.98051e-06
85.701 5.75465e-09 2.82201e-10 0.55 1.06339e-11 7.29449e-12 9.49376e-10 1 1.08295e-07 -2.0419e-08 0.55 2.2266e-09 -6.50966e-09 0.995214 -0.0977159 -0.187423 0.00164498 -9.19156e-06 -0.000430596 -0.000387394 0.0722972 -4.88736e-06 2.81055e-06 -5.53532e-10 -6.26972e-09 7.13395e-08 -7.56137e-06
86.295 2.3335e-09 -7.22507e-10 0.55 1.21046e-11 3.07286e-13 3.84939e-10 1 4.12676e-08 -4.85744e-08 0.55 -4.95166e-10 -7.02231e-09 0.999982 0.00602195 0.161379 0.0532295 -1.87612e-07 -0.000523207 0.000230408 -0.154132 -7.89219e-08 3.41974e-06 1.39224e-12 2.25755e-12 -1.52683e-09 3.24826e-07
86.899 -6.24788e-10 -6.61245e-10 0.55 1.14041e-11 -3.91522e-12 -1.02758e-10 1 -2.09285e-08 -4.41077e-08 0.55 -1.59213e-09 -6.767e-09 0.993698 0.112089 0.0240981 0.0486039 -3.48294e-06 -0.000496616 0.000131077 0.0272705 5.40325e-07 3.32666e-06 4.7663e-11 -4.77014e-10 -5.08539e-09 -9.3683e-07
87.482 -4.95825e-09 5.22719e-10 0.55 1.06808e-11 -6.72955e-12 -8.18669e-10 1 -9.51489e-08 -2.6001e-09 0.55 -1.34033e-09 -6.569e-09 0.977329 0.211726 0.275043 -0.0606033 -6.90559e-05 -0.000387493 0.000445721 -0.100128 2.74221e-07 3.2361e-06 1.54063e-11 -2.8699e-11 -2.21297e-09 -9.43959e-07
88.043 -9.28445e-10 -5.4512e-10 0.55 8.42981e-12 -7.34346e-12 -1.53021e-10 1 -3.73874e-08 -3.1416e-08 0.55 -2.72941e-09 -5.93121e-09 0.952644 0.304088 0.556677 -0.425453 -0.000173245 7.04758e-05 0.00119395 -0.602404 1.27025e-06 4.76418e-06 2.19806e-09 2.29187e-08 -4.21805e-09 -1.07116e-05
88.625 -6.30672e-09 3.14691e-09 0.55 5.72273e-12 -1.26645e-11 -1.04815e-09 1 -9.55835e-08 6.63541e-08 0.55 -3.46796e-09 -5.49297e-09 0.91841 0.395629 -0.0346835 0.13045 5.21107e-05 -0.000397284 0.000215937 0.207054 -2.24572e-06 3.57493e-06 -5.93328e-10 8.67505e-09 4.89705e-08 -1.17213e-05
89.194 -5.10507e-09 3.45737e-09 0.55 2.0635e-12 -1.37945e-11 -8.53001e-10 1 -7.28891e-08 7.2053e-08 0.55 -4.6123e-09 -4.22298e-09 0.877668 0.479269 0.224076 -0.235709 -0.000248017 4.76914e-05 0.000642866 -0.0482814 9.23135e-06 3.27425e-06 8.78194e-09 4.02298e-09 -1.33098e-07 7.89374e-06
89.776 -3.234e-09 3.89437e-09 0.55 -2.64318e-12 -1.25064e-11 -5.446e-10 1 -4.79536e-08 7.4683e-08 0.55 -5.31976e-09 -2.52269e-09 0.831111 0.556106 0.109963 -0.161475 -0.000125429 4.62423e-05 0.000464474 0.137682 6.68694e-06 2.41172e-06 3.98948e-09 -1.20443e-09 -8.05457e-08 -3.95491e-06
90.378 -2.58936e-09 6.48488e-09 0.55 -7.82541e-12 -1.08032e-11 -4.39628e-10 1 -3.44173e-08 1.2467e-07 0.55 -5.67585e-09 -5.394e-10 0.78161 0.623768 0.0925998 -0.138612 -2.37175e-05 0.000309836 0.000440507 0.0135603 4.78081e-06 2.78933e-06 2.51973e-09 1.20988e-08 -5.328e-08 1.75998e-06
90.903 -9.81947e-10 6.69413e-09 0.55 -1.01686e-11 -6.73805e-12 -1.67607e-10 1 -2.06726e-08 1.27927e-07 0.55 -5.42611e-09 9.35653e-10 0.740298 0.672279 0.030672 -0.0852016 -1.56179e-05 0.00022128 0.000240269 0.279535 4.54799e-06 1.38888e-06 4.87645e-10 -1.918e-10 -2.97632e-08 -1.29217e-05
91.5 -3.22618e-11 8.56533e-09 0.55 -1.04935e-11 -2.92046e-12 -4.93635e-12 1 -1.31983e-08 1.65109e-07 0.55 -4.13452e-09 1.43042e-09 0.697677 0.716413 0.0138367 0.00756251 -3.21728e-07 0.000261563 0.000141034 0.131886 6.06159e-07 9.04267e-07 -1.02471e-10 -8.0847e-10 1.63597e-08 -6.45708e-06
92.092 1.05275e-09 7.35149e-09 0.55 -9.2027e-12 2.64892e-13 1.80083e-10 1 -5.02343e-09 1.43162e-07 0.55 -3.29064e-09 1.87585e-09 0.661077 0.750318 0.0276096 0.10669 -4.60817e-05 0.000265108 8.92795e-05 0.126543 3.15151e-06 5.65689e-07 -7.60139e-10 -8.87351e-10 -1.6793e-08 -1.00471e-05
92.704 1.51527e-09 6.19648e-09 0.55 -8.66828e-12 2.21875e-12 2.58378e-10 1 1.68036e-10 1.21869e-07 0.55 -2.92095e-09 2.53145e-09 0.629855 0.776712 -0.00442398 0.0575627 -2.66391e-05 0.000196219 1.97533e-05 0.184399 -4.95774e-07 -3.42498e-07 -5.42714e-10 -1.03622e-08 3.47329e-08 -9.6657e-06
93.302 2.42116e-09 6.73998e-09 0.55 -8.68964e-12 4.30642e-12 4.11263e-10 1 7.46681e-09 1.3439e-07 0.55 -2.5994e-09 2.99395e-09 0.606671 0.794953 0.00917011 -0.00379004 -4.13407e-06 0.000255861 -2.41618e-05 0.125583 8.56365e-07 3.99489e-07 5.42278e-10 2.88473e-09 1.17554e-08 -6.12918e-06
93.867 2.7043e-09 6.69001e-09 0.55 -8.06612e-12 5.06918e-12 4.58645e-10 1 1.06154e-08 1.33975e-07 0.55 -2.23068e-09 3.06163e-09 0.592157 0.805823 -0.018169 -0.0577391 1.10312e-05 0.000259185 -8.59926e-05 0.0844996 2.48835e-06 3.14548e-08 -4.07681e-10 -2.37294e-10 -1.47997e-08 -4.05594e-06
