22.046 -8.86278e-36 0 0.55 -1.73981e-38 -1.97975e-38 -1.48954e-36 1 0 0 0.55 -1.09663e-35 -2.19085e-36 0.587528 0.809204 3.94071e-28 -3.08836e-28 1.38344e-31 7.19887e-31 1.40183e-30 1.11256e-28 -2.67675e-33 4.08287e-32 -6.19201e-35 -5.68246e-34 -2.99231e-34 1.31601e-33
22.773 4.03735e-36 0 0.55 -1.19701e-38 1.63391e-38 6.74971e-37 1 0 0 0.55 -4.52442e-36 1.54593e-35 0.587528 0.809204 -4.69955e-28 9.26406e-28 1.21745e-30 1.29404e-30 2.48967e-31 -1.20082e-28 -2.43239e-32 -2.60888e-32 -9.3801e-35 -3.51687e-34 4.12398e-34 -5.20071e-33
23.437 1.29724e-35 0 0.55 -9.64976e-39 -2.68412e-39 2.18245e-36 1 0 0 0.55 -1.2599e-35 -2.04995e-36 0.587528 0.809204 3.94071e-28 -3.08836e-28 1.38344e-31 7.19887e-31 1.40183e-30 1.11256e-28 -2.37422e-33 3.74665e-32 1.32038e-34 5.50996e-34 7.43769e-35 -5.34858e-34
24.137 4.03735e-36 0 0.55 -1.19701e-38 1.63391e-38 6.74971e-37 1 0 0 0.55 -4.52442e-36 1.54593e-35 0.587528 0.809204 1.00856e-27 6.67814e-29 5.1135e-31 -2.99964e-32 -3.09247e-31 2.70667e-28 -1.12181e-32 3.23476e-32 2.69765e-35 4.3819e-34 1.87366e-34 -2.57786e-33
24.799 -1.03398e-35 0 0.55 -2.17489e-38 -2.47568e-38 -1.73579e-36 1 0 0 0.55 -1.30585e-35 -4.63456e-36 0.587528 0.809204 -4.69809e-28 9.26e-28 5.27563e-31 1.25263e-30 9.8285e-31 -1.20031e-28 -2.4311e-32 -2.60818e-32 -6.03636e-35 -3.87714e-34 3.89946e-34 -5.19782e-33
25.339 -5.81262e-36 0 0.55 -1.38417e-38 -3.65315e-39 -9.78487e-37 1 0 0 0.55 -6.65841e-36 7.77832e-36 0.587528 0.809204 1.00856e-27 6.67809e-29 5.9817e-31 1.29654e-31 -1.13109e-30 2.70665e-28 -1.12182e-32 3.23477e-32 2.42817e-35 4.74999e-34 2.08794e-34 -2.57784e-33
25.958 4.03662e-36 0 0.55 -8.46284e-39 2.99671e-39 6.74844e-37 1 0 0 0.55 -7.91935e-36 7.81594e-36 0.587528 0.809204 -4.69947e-28 9.26407e-28 1.06656e-30 1.15051e-30 1.04515e-30 -1.2008e-28 8.81018e-34 -3.37611e-32 -5.35831e-35 -5.17822e-34 9.1464e-36 3.61704e-33
26.556 -5.81199e-36 0 0.55 -1.72926e-38 8.82432e-39 -9.78378e-37 1 0 0 0.55 -3.51984e-36 1.48586e-35 0.587528 0.809204 -4.69955e-28 9.26406e-28 1.21745e-30 1.29404e-30 2.48967e-31 -1.20082e-28 -2.43239e-32 -2.60888e-32 -9.3801e-35 -3.51687e-34 4.12398e-34 -5.20071e-33
27.228 -3.11944e-36 0 0.55 -1.9699e-38 -7.23055e-39 -5.19405e-37 1 0 0 0.55 -1.05293e-35 5.60922e-36 0.587528 0.809204 5.60908e-28 -6.69517e-28 2.14568e-30 4.56803e-31 -1.14927e-30 1.39801e-28 1.39703e-32 2.66161e-32 -4.05149e-35 3.71354e-34 -1.46582e-34 3.20754e-33
27.895 4.02113e-36 0 0.55 -1.11509e-38 2.14944e-39 6.7195e-37 1 0 0 0.55 -8.74925e-36 6.05455e-36 0.587528 0.809204 9.58164e-28 -4.67045e-28 -7.77027e-31 9.26705e-31 -4.21497e-31 2.60548e-28 4.47171e-33 3.54783e-32 8.52124e-35 4.90428e-34 -2.75165e-35 1.03316e-33
28.283 4.03662e-36 0 0.55 -8.46284e-39 2.99671e-39 6.74844e-37 1 0 0 0.55 -7.91935e-36 7.81594e-36 0.587528 0.809204 1.00856e-27 6.67814e-29 5.1135e-31 -2.99964e-32 -3.09247e-31 2.70667e-28 -2.37409e-33 3.74664e-32 1.17489e-34 4.96303e-34 4.30433e-35 -5.34896e-34
28.89 -5.87931e-36 0 0.55 -1.74291e-38 -1.63223e-38 -9.87141e-37 1 0 0 0.55 -1.07652e-35 -2.25176e-36 0.587528 0.809204 -2.57504e-27 2.81526e-28 -8.51557e-32 8.5919e-31 1.08813e-30 -7.01323e-28 8.81018e-34 -3.37611e-32 -5.35831e-35 -5.17822e-34 9.1464e-36 3.61704e-33
29.447 -8.87085e-36 0 0.55 -2.00518e-38 -1.61982e-38 -1.49106e-36 1 0 0 0.55 -1.04041e-35 -8.91661e-37 0.587528 0.809204 1.10905e-27 -2.77764e-28 -1.89336e-30 1.05309e-30 -7.42519e-31 3.07677e-28 -2.37422e-33 3.74665e-32 1.32038e-34 5.50996e-34 7.43769e-35 -5.34858e-34
30.075 -8.86278e-36 0 0.55 -1.73981e-38 -1.97975e-38 -1.48954e-36 1 0 0 0.55 -1.09663e-35 -2.19085e-36 0.587528 0.809204 3.88723e-28 -2.84417e-28 -1.53869e-30 1.20137e-30 3.83194e-31 1.08954e-28 -3.37569e-33 4.05661e-32 4.54566e-36 -5.39556e-34 -2.73043e-34 1.15727e-33
30.745 1.29844e-35 0 0.55 -1.56025e-38 1.42516e-38 2.18411e-36 1 0 0 0.55 -8.67475e-36 7.02126e-36 0.587528 0.809204 -4.69955e-28 9.26406e-28 1.21745e-30 1.29404e-30 2.48967e-31 -1.20082e-28 -2.43239e-32 -2.60888e-32 -9.3801e-35 -3.51687e-34 4.12398e-34 -5.20071e-33
31.415 -5.81262e-36 0 0.55 -1.38417e-38 -3.65315e-39 -9.78487e-37 1 0 0 0.55 -6.65841e-36 7.77832e-36 0.587528 0.809204 1.10906e-27 -2.77765e-28 -2.14665e-30 7.66917e-31 7.8282e-31 3.0768e-28 -2.37388e-33 3.74664e-32 1.41885e-34 4.82261e-34 3.38813e-35 -5.34867e-34
31.941 4.03662e-36 0 0.55 -8.46284e-39 2.99671e-39 6.74844e-37 1 0 0 0.55 -7.91935e-36 7.81594e-36 0.587528 0.809204 3.8594e-28 -2.77488e-28 -3.81241e-31 5.42096e-31 6.92026e-31 1.08519e-28 -2.4311e-32 -2.60818e-32 -6.03636e-35 -3.87714e-34 3.89946e-34 -5.19782e-33
32.583 -3.12237e-36 0 0.55 -1.88401e-38 -1.63922e-38 -5.19949e-37 1 0 0 0.55 -1.31642e-35 -3.32207e-37 0.587528 0.809204 9.58177e-28 -4.67044e-28 -1.10711e-30 7.04013e-31 8.85369e-31 2.60551e-28 4.47187e-33 3.54782e-32 9.87805e-35 4.30872e-34 -6.26275e-35 1.03312e-33
33.264 1.29724e-35 0 0.55 -9.64976e-39 -2.68412e-39 2.18245e-36 1 0 0 0.55 -1.2599e-35 -2.04995e-36 0.587528 0.809204 3.88723e-28 -2.84417e-28 -1.53869e-30 1.20137e-30 3.83194e-31 1.08954e-28 -3.37569e-33 4.05661e-32 4.54566e-36 -5.39556e-34 -2.73043e-34 1.15727e-33
33.853 1.29724e-35 0 0.55 -9.64976e-39 -2.68412e-39 2.18245e-36 1 0 0 0.55 -1.2599e-35 -2.04995e-36 0.587528 0.809204 -4.69809e-28 9.26e-28 5.27563e-31 1.25263e-30 9.8285e-31 -1.20031e-28 -2.4311e-32 -2.60818e-32 -6.03636e-35 -3.87714e-34 3.89946e-34 -5.19782e-33
34.5 -8.87085e-36 0 0.55 -2.00518e-38 -1.61982e-38 -1.49106e-36 1 0 0 0.55 -1.04041e-35 -8.91661e-37 0.587528 0.809204 -4.69809e-28 9.26e-28 5.27563e-31 1.25263e-30 9.8285e-31 -1.20031e-28 -2.67692e-33 4.08288e-32 -6.99837e-35 -5.06468e-34 -2.63043e-34 1.31605e-33
35.176 -1.07891e-35 0 0.55 -2.88712e-38 -1.99584e-39 -1.81232e-36 1 0 0 0.55 -7.53931e-36 8.27378e-36 0.587528 0.809204 3.94057e-28 -3.08837e-28 3.57545e-31 9.75016e-31 3.10276e-32 1.11253e-28 -2.67692e-33 4.08288e-32 -6.99837e-35 -5.06468e-34 -2.63043e-34 1.31605e-33
35.834 -5.87931e-36 0 0.55 -1.74291e-38 -1.63223e-38 -9.87141e-37 1 0 0 0.55 -1.07652e-35 -2.25176e-36 0.587528 0.809204 5.60901e-28 -6.69517e-28 1.93644e-30 6.33016e-31 -1.80563e-30 1.39799e-28 1.39703e-32 2.66161e-32 -2.91375e-35 3.99214e-34 -1.308e-34 3.20756e-33
36.547 -5.87931e-36 0 0.55 -1.74291e-38 -1.63223e-38 -9.87141e-37 1 0 0 0.55 -1.07652e-35 -2.25176e-36 0.587528 0.809204 1.00859e-27 6.67388e-29 -8.99573e-33 3.33729e-32 -2.02227e-31 2.70676e-28 5.70942e-34 -3.35885e-32 -9.9704e-35 -4.71961e-34 4.11243e-35 3.54494e-33
37.228 -8.87085e-36 0 0.55 -2.00518e-38 -1.61982e-38 -1.49106e-36 1 0 0 0.55 -1.04041e-35 -8.91661e-37 0.587528 0.809204 1.00855e-27 6.67805e-29 3.37297e-31 2.86498e-31 -1.64782e-30 2.70663e-28 -1.12182e-32 3.23477e-32 3.79055e-35 4.96381e-34 2.20821e-34 -2.57783e-33
37.803 -5.87131e-36 0 0.55 -1.82764e-38 -2.856e-39 -9.85649e-37 1 0 0 0.55 -6.79675e-36 6.65682e-36 0.587528 0.809204 5.60916e-28 -6.69517e-28 1.92865e-30 3.33542e-31 -3.96979e-31 1.39803e-28 1.39704e-32 2.6616e-32 -3.13731e-35 3.36919e-34 -1.66911e-34 3.20752e-33
38.493 -1.07891e-35 0 0.55 -2.88712e-38 -1.99584e-39 -1.81232e-36 1 0 0 0.55 -7.53931e-36 8.27378e-36 0.587528 0.809204 3.85931e-28 -2.77488e-28 -4.12924e-31 7.21862e-31 -1.30167e-31 1.08517e-28 -3.56974e-33 4.03583e-32 -4.47544e-35 -5.06065e-34 -2.7027e-34 1.11497e-33
39.153 -7.49309e-36 0 0.55 -2.00507e-38 -2.37334e-38 -1.25713e-36 1 0 0 0.55 -1.39242e-35 -4.13022e-36 0.587528 0.809204 5.60901e-28 -6.69517e-28 1.93644e-30 6.33016e-31 -1.80563e-30 1.39799e-28 1.39703e-32 2.66161e-32 -2.91375e-35 3.99214e-34 -1.308e-34 3.20756e-33
39.796 -7.51762e-36 0 0.55 -2.69157e-38 -3.40154e-39 -1.26189e-36 1 0 0 0.55 -9.17516e-36 6.89375e-36 0.587528 0.809204 1.10906e-27 -2.77763e-28 -1.64214e-30 7.37436e-31 5.26718e-31 3.0768e-28 4.47171e-33 3.54783e-32 8.52124e-35 4.90428e-34 -2.75165e-35 1.03316e-33
40.473 -3.11861e-36 0 0.55 -2.31997e-38 6.7717e-39 -5.19259e-37 1 0 0 0.55 -6.92912e-36 1.37043e-35 0.587528 0.809204 1.10906e-27 -2.77763e-28 -1.64214e-30 7.37436e-31 5.26718e-31 3.0768e-28 -2.37409e-33 3.74664e-32 1.17489e-34 4.96303e-34 4.30433e-35 -5.34896e-34
41.108 -3.12237e-36 0 0.55 -1.88401e-38 -1.63922e-38 -5.19949e-37 1 0 0 0.55 -1.31642e-35 -3.32207e-37 0.587528 0.809204 -4.69809e-28 9.26e-28 5.27563e-31 1.25263e-30 9.8285e-31 -1.20031e-28 -2.4311e-32 -2.60818e-32 -6.03636e-35 -3.87714e-34 3.89946e-34 -5.19782e-33
41.813 -3.13616e-36 0 0.55 -2.37979e-38 -2.9773e-39 -5.22572e-37 1 0 0 0.55 -1.00923e-35 6.75027e-36 0.587528 0.809204 9.58164e-28 -4.67045e-28 -7.77027e-31 9.26705e-31 -4.21497e-31 2.60548e-28 4.47171e-33 3.54783e-32 8.52124e-35 4.90428e-34 -2.75165e-35 1.03316e-33
42.465 4.02113e-36 0 0.55 -1.11509e-38 2.14944e-39 6.7195e-37 1 0 0 0.55 -8.74925e-36 6.05455e-36 0.587528 0.809204 1.00855e-27 6.67805e-29 3.37297e-31 2.86498e-31 -1.64782e-30 2.70663e-28 -1.12182e-32 3.23477e-32 3.79055e-35 4.96381e-34 2.20821e-34 -2.57783e-33
43.149 -8.87085e-36 0 0.55 -2.00518e-38 -1.61982e-38 -1.49106e-36 1 0 0 0.55 -1.04041e-35 -8.91661e-37 0.587528 0.809204 -4.69955e-28 9.26406e-28 1.21745e-30 1.29404e-30 2.48967e-31 -1.20082e-28 -2.37422e-33 3.74665e-32 1.32038e-34 5.50996e-34 7.43769e-35 -5.34858e-34
43.789 1.30768e-07 3.57144e-07 0.55 -4.49968e-10 2.57887e-10 2.22029e-08 1 4.55506e-07 7.10476e-06 0.55 -1.25317e-07 1.69162e-07 0.598674 0.800993 0.182383 -0.58627 -0.00078182 0.0141752 -0.00344671 3.26651 3.72711e-05 1.21536e-05 4.31038e-08 1.30166e-07 4.71189e-07 -0.000156858
44.476 -4.79224e-07 1.75e-08 0.55 1.42543e-09 -1.01959e-09 -7.90741e-08 1 -9.88059e-06 -3.20036e-06 0.55 -3.41319e-07 -9.06261e-07 0.988363 0.152111 3.8743 6.26569 5.37098e-06 -0.0601411 0.0370138 7.96059 9.36388e-05 0.000450968 6.02086e-10 -1.32928e-09 1.92639e-09 -0.00033416
45.125 8.10597e-07 2.78502e-07 0.55 7.76938e-10 1.67718e-09 1.34139e-07 1 1.40213e-05 4.43143e-06 0.55 6.00577e-07 -6.78536e-07 0.961755 -0.273911 -4.78691 4.19639 0.000314132 -0.0347496 -0.0533221 -14.3821 -0.000140529 0.000383508 -7.77034e-09 1.73148e-08 -4.47463e-07 0.000641536
45.798 -4.79878e-08 -1.5873e-07 0.55 4.19463e-10 -8.69085e-10 -8.09255e-09 1 -3.77081e-06 -3.24077e-06 0.55 -2.23657e-07 -5.08085e-07 0.736448 0.676494 4.33323 0.946865 -0.00132722 -0.00704045 0.0367115 -1.62764 -4.20337e-05 0.000277035 -1.13114e-07 -3.26755e-07 -1.98443e-06 0.000155548
46.454 -1.80736e-08 -1.35616e-07 0.55 1.15268e-09 5.42278e-10 -3.09308e-09 1 2.63607e-06 -5.43037e-06 0.55 1.66892e-07 -7.30871e-07 0.954448 -0.298379 -5.62937 2.79119 -0.00102729 -0.0468898 -0.0311955 4.72565 -5.56273e-05 0.000350259 7.83798e-09 -1.96477e-07 1.48085e-06 -0.000337604
47.137 2.17894e-07 1.32252e-08 0.55 4.04611e-10 3.56042e-10 3.59492e-08 1 4.1327e-06 -7.92717e-07 0.55 1.29509e-07 -2.54934e-07 0.994484 -0.104893 -0.952981 1.89218 -1.57962e-05 -0.0174003 -0.0109861 -3.14068 -3.43413e-05 0.000128407 2.10066e-09 1.25842e-08 -9.53181e-08 0.000140519
47.828 -4.80919e-08 1.15967e-07 0.55 -4.56944e-10 -1.02436e-09 -8.01774e-09 1 -4.42077e-06 3.10378e-06 0.55 -5.79735e-07 -3.41414e-07 0.587995 0.808864 4.94059 -1.80252 4.48361e-06 0.0171705 0.047399 3.1351 2.25151e-05 0.000328064 1.99543e-10 -1.16393e-09 4.21012e-10 -8.6094e-05
48.46 -4.51306e-07 1.57442e-07 0.55 3.13129e-10 -8.71345e-10 -7.46958e-08 1 -7.45332e-06 3.06952e-06 0.55 -3.17409e-07 -2.92529e-07 0.958818 0.28402 2.53296 1.95371 0.000191691 -0.0143637 0.026646 7.50764 7.74062e-05 0.000182169 9.38464e-09 1.17195e-07 2.23703e-07 -0.000333336
49.105 -1.52617e-08 -9.90286e-08 0.55 2.35104e-09 -1.90171e-10 -2.62083e-09 1 1.60071e-06 -2.50731e-06 0.55 -8.63211e-07 -1.15777e-06 0.846251 -0.532784 -1.85277 1.23452 -0.00157765 0.093363 -0.065696 1.15642 2.2218e-05 0.000137785 7.785e-08 -2.47698e-08 -5.75339e-06 -8.06579e-05
49.793 2.34558e-07 -2.42536e-07 0.55 1.15656e-09 -2.1683e-10 3.89596e-08 1 2.94689e-07 -7.93185e-06 0.55 -3.90438e-08 -6.93299e-07 0.951083 0.308936 3.28299 4.27586 -0.000345135 -0.0477142 0.019993 -6.18494 -3.96626e-05 0.000331711 2.00406e-08 5.73508e-08 -6.41472e-07 0.000356874
50.421 -5.39227e-08 4.51922e-09 0.55 1.60485e-10 -4.90824e-10 -9.07194e-09 1 -2.10887e-06 -1.90584e-07 0.55 -1.6256e-07 -2.41302e-07 0.804133 0.594449 2.98442 -0.568171 -0.000630295 -0.00673047 0.0214443 0.815823 4.38719e-05 0.000155222 4.69754e-08 1.8249e-07 -6.76115e-07 1.08539e-05
51.086 4.63085e-08 -1.0902e-07 0.55 1.09319e-09 7.2445e-10 7.57057e-09 1 3.84997e-06 -4.61922e-06 0.55 2.34936e-07 -7.34484e-07 0.94166 -0.336564 -3.48731 4.87704 5.01359e-06 -0.0466703 -0.0335393 0.305668 1.82126e-05 0.000374419 3.14052e-10 -1.25283e-09 2.08827e-11 -6.12949e-05
51.645 1.48104e-07 1.4137e-08 0.55 3.97122e-10 4.39484e-10 2.44498e-08 1 3.10328e-06 -7.83163e-07 0.55 1.79185e-07 -2.72576e-07 0.981532 -0.191297 -12.1528 -2.20415 -0.00424473 -0.0162811 -0.0210117 -2.85183 -0.000373159 0.000154641 1.53527e-07 8.20299e-08 5.02921e-06 -0.000114409
51.741 3.50714e-07 1.39852e-08 0.55 5.50563e-10 5.14464e-10 5.78567e-08 1 6.52663e-06 -1.2163e-06 0.55 1.88142e-07 -3.42238e-07 0.997049 -0.0767717 4.14768 3.6489 0.00071537 -0.0243414 -0.0105727 -7.65432 8.86223e-05 0.000174273 -1.4679e-08 7.2708e-08 -2.50732e-06 0.000475421
52.341 -6.01662e-07 3.9033e-07 0.55 -4.32991e-10 -8.33389e-10 -9.98916e-08 1 -6.93032e-06 9.52531e-06 0.55 -3.41197e-07 1.07531e-07 0.937247 0.348665 1.80893 -1.54651 -4.10051e-06 0.0147901 0.0173609 11.6833 0.000149315 2.1992e-07 3.24736e-10 1.02133e-09 2.14373e-10 -0.000543966
53.003 5.50571e-07 1.20871e-07 0.55 1.74829e-10 8.01241e-10 9.08986e-08 1 9.46986e-06 2.42193e-06 0.55 3.14869e-07 -1.55024e-07 0.988004 -0.15443 -2.20154 1.00826 -2.06069e-05 -0.00958396 -0.0213119 -9.13281 -0.000113438 0.000100086 6.10829e-10 -1.73351e-09 -9.89539e-09 0.000413229
53.663 6.28096e-07 4.09123e-08 0.55 4.34789e-10 8.71264e-10 1.03618e-07 1 1.13505e-05 -3.91582e-07 0.55 3.41019e-07 -2.8318e-07 0.998242 -0.0592625 -2.50209 1.91941 -1.14294e-06 -0.018332 -0.0240303 -11.0175 -0.000137753 0.000141064 2.35841e-10 2.96789e-10 -1.00971e-09 0.000500604
54.301 3.21974e-08 1.01102e-06 0.55 -1.40131e-09 -8.65275e-11 5.55745e-09 1 -5.52004e-07 1.94868e-05 0.55 -4.72688e-07 3.35027e-07 0.688442 0.725291 0.78169 -3.88973 -2.04893e-05 0.0368705 0.00751054 18.3172 0.000240836 5.91085e-05 1.46451e-09 4.99819e-09 -1.88666e-08 -0.000877292
54.952 -5.94761e-07 3.65102e-07 0.55 2.72183e-10 -1.53984e-09 -9.89832e-08 1 -9.11342e-06 7.0077e-06 0.55 -5.57239e-07 -4.79468e-07 0.914204 0.405254 5.12698 1.30232 1.36779e-06 -0.0125831 0.0491245 11.8113 0.000136539 0.000309076 3.84958e-10 -5.71787e-10 2.03385e-09 -0.000493449
55.622 8.03234e-07 4.28309e-07 0.55 -4.71439e-10 1.07983e-09 1.33083e-07 1 1.04803e-05 1.06901e-05 0.55 4.38765e-07 1.2019e-07 0.954904 -0.296915 -2.50019 -1.72605 -6.75979e-06 0.0166162 -0.0239076 -14.9674 -0.000189966 2.14437e-08 5.28296e-10 1.6647e-09 -2.65065e-10 0.000692063
56.261 -6.19253e-07 2.50616e-07 0.55 2.13717e-10 -1.03055e-09 -1.0248e-07 1 -9.62471e-06 5.40107e-06 0.55 -3.80762e-07 -2.52918e-07 0.960808 0.277216 4.75017 0.00653052 -0.000544992 -0.0103212 0.0325005 7.31802 0.000165975 0.00016001 7.46739e-09 -8.40561e-08 -7.99327e-07 -0.000270706
56.927 -5.75452e-07 3.98008e-07 0.55 -2.72197e-10 -9.70337e-10 -9.56873e-08 1 -6.82035e-06 9.0757e-06 0.55 -3.83154e-07 -3.15177e-08 0.924624 0.380881 2.44199 -0.83515 -2.53783e-06 0.00795781 0.023419 11.5006 0.00014419 7.24592e-05 2.54027e-10 5.99072e-10 6.57393e-10 -0.00052482
57.572 9.08019e-07 5.68261e-07 0.55 -5.44814e-10 1.36627e-09 1.50729e-07 1 1.08095e-05 1.37915e-05 0.55 5.60466e-07 8.60415e-08 0.936608 -0.350378 -3.50403 -3.00523 -0.00109404 0.0172372 -0.0310927 -17.4625 -0.000253864 2.35375e-05 -1.50534e-08 -3.73187e-07 4.78479e-07 0.000791504
58.269 4.72365e-07 -1.16584e-07 0.55 1.07788e-09 5.15137e-10 7.79518e-08 1 7.77873e-06 -5.60308e-06 0.55 2.11441e-07 -6.11379e-07 0.997321 0.0731481 -1.15946 4.78584 2.30335e-06 -0.0458466 -0.0112346 -8.5415 -0.000110342 0.000287429 2.76864e-10 -5.57963e-10 -1.48545e-09 0.000398501
58.934 2.51009e-07 9.59457e-07 0.55 -1.25059e-09 5.43956e-10 4.27734e-08 1 8.19359e-07 1.87661e-05 0.55 -3.36844e-07 4.41946e-07 0.626881 0.779115 -0.766639 -3.65176 -1.03732e-05 0.0350193 -0.00730352 17.3263 0.000233304 1.29819e-06 8.28861e-10 2.71775e-09 9.57197e-10 -0.000849923
59.558 2.85352e-07 -2.1185e-07 0.55 1.22143e-09 -1.92029e-11 4.72522e-08 1 2.32815e-06 -7.44288e-06 0.55 5.3125e-08 -7.04245e-07 0.976641 0.214876 0.881889 5.80508 4.15674e-05 -0.0516221 0.0109457 -5.7479 -9.31906e-05 0.000343202 1.59237e-08 1.24139e-07 2.03949e-07 0.000286826
60.203 7.78947e-07 3.57922e-07 0.55 -3.56911e-10 1.05219e-09 1.28915e-07 1 1.1033e-05 8.88569e-06 0.55 4.24328e-07 7.57327e-08 0.965507 -0.260376 -2.55489 -1.3331 -5.78045e-06 0.0128499 -0.0244445 -14.227 -0.000178945 1.20426e-05 4.52373e-10 1.39482e-09 -3.38577e-10 0.000651876
60.869 -7.1346e-07 4.66883e-07 0.55 -4.12461e-10 -1.08863e-09 -1.18506e-07 1 -8.2967e-06 1.12032e-05 0.55 -4.3841e-07 4.77517e-08 0.931341 0.364148 2.56066 -1.35116 -5.355e-05 0.0131247 0.0248954 13.8748 0.000175143 4.61985e-05 1.39129e-09 -2.87308e-09 1.97061e-08 -0.000638308
61.512 -5.08183e-07 1.33833e-07 0.55 2.64525e-10 -8.01865e-10 -8.39445e-08 1 -8.72668e-06 2.33583e-06 0.55 -3.03684e-07 -2.26735e-07 0.982633 0.185559 2.41482 1.17889 -1.64561e-07 -0.0113485 0.0231212 8.93395 0.000110311 0.000126731 1.35365e-10 3.92645e-11 7.42131e-10 -0.000400792
62.164 7.81165e-07 6.44614e-07 0.55 -7.44951e-10 1.13351e-09 1.30125e-07 1 7.48509e-06 1.51286e-05 0.55 4.73972e-07 1.86311e-07 0.911984 -0.410227 -2.28898 -2.67461 -0.000228641 0.0246006 -0.0215289 -16.5644 -0.000216023 -1.84612e-06 4.20023e-09 -2.43715e-08 5.3379e-08 0.000771322
62.804 -3.31551e-07 4.9046e-08 0.55 8.09746e-10 -8.51226e-10 -5.47698e-08 1 -6.73613e-06 -5.95917e-07 0.55 -3.17099e-07 -5.55902e-07 0.969929 0.243389 2.87064 3.99521 0.00014674 -0.0375763 0.0301559 5.02975 5.45705e-05 0.000302549 -6.77076e-09 -2.20407e-08 1.4106e-07 -0.000205709
63.503 -3.39635e-07 7.17038e-07 0.55 -8.91408e-10 -8.08972e-10 -5.75021e-08 1 -2.35012e-06 1.42835e-05 0.55 -4.2661e-07 1.40708e-07 0.814241 0.580528 1.64648 -2.51175 -5.12412e-06 0.0240439 0.0158209 14.0758 0.000179766 5.38707e-05 4.27264e-10 1.21302e-09 6.94235e-10 -0.000654593
64.116 8.12286e-07 2.34993e-07 0.55 2.61992e-10 1.31139e-09 1.34207e-07 1 1.34826e-05 4.99733e-06 0.55 5.23363e-07 -2.65605e-07 0.978241 -0.207474 0.529984 3.07023 0.000633445 -0.0138827 -0.0334382 -17.3961 -6.33498e-05 0.000170168 -3.13134e-08 -7.96694e-08 -2.02257e-06 0.000890689
64.62 7.74222e-07 4.87196e-07 0.55 -4.35171e-10 1.15123e-09 1.28531e-07 1 9.37518e-06 1.15784e-05 0.55 4.62852e-07 5.25544e-08 0.937976 -0.3467 -2.68845 -1.54785 -5.89966e-06 0.0149111 -0.0257192 -15.0161 -0.000189978 3.91619e-05 4.90204e-10 1.44489e-09 -5.9255e-10 0.000691915
65.163 -5.49506e-07 1.08944e-07 0.55 -3.89544e-11 -7.33196e-10 -9.06985e-08 1 -9.42823e-06 2.6125e-06 0.55 -2.9302e-07 -1.76376e-08 0.992712 0.12051 1.97003 -0.0653687 -2.57384e-06 0.000591898 0.0188809 9.61978 0.000120749 2.46838e-05 2.08229e-10 6.34773e-10 3.6701e-10 -0.000439959
65.599 3.0596e-08 -1.13844e-08 0.55 1.14081e-10 1.2931e-10 5.05228e-09 1 4.55859e-07 -4.64857e-07 0.55 7.9752e-08 -5.87147e-08 0.993809 0.1111 -0.180359 0.423366 0.000571753 -0.00506174 -0.00414476 -0.615302 -1.21847e-05 2.27206e-05 -1.88159e-08 -1.03421e-08 -1.27963e-07 2.6299e-05
66.217 4.8231e-07 -1.41117e-07 0.55 3.52162e-10 5.81323e-10 7.96474e-08 1 7.71531e-06 -4.13972e-06 0.55 2.39286e-07 -1.64439e-07 0.988505 0.151187 -1.37917 1.48063 -1.12769e-06 -0.014155 -0.0132536 -8.6096 -0.000109592 6.32145e-05 1.33115e-10 2.82363e-10 -4.04902e-10 0.000398875
66.862 9.85292e-08 5.32643e-07 0.55 -7.6852e-10 -1.49582e-10 1.68494e-08 1 -1.16115e-06 1.05803e-05 0.55 -3.78823e-07 8.01295e-08 0.633698 0.773581 2.0037 -0.0115694 -0.000712936 0.0211559 0.0165732 9.60466 4.97619e-05 0.000124954 1.91822e-08 -3.66757e-08 1.03035e-06 -0.000454373
67.478 -5.03291e-07 2.28015e-08 0.55 1.55915e-09 -1.15424e-09 -8.30589e-08 1 -1.05951e-05 -3.31479e-06 0.55 -3.80359e-07 -1.00489e-06 0.98498 0.172668 4.52109 6.8026 6.02959e-06 -0.0653009 0.043204 8.29036 9.5988e-05 0.000501578 7.66776e-10 -1.5155e-09 2.16645e-09 -0.000341521
68.08 7.59847e-07 2.34303e-07 0.55 8.66924e-10 1.57508e-09 1.25691e-07 1 1.35045e-05 3.29462e-06 0.55 5.53454e-07 -7.07814e-07 0.964755 -0.263148 5.07916 12.4771 0.00444162 -0.0465278 -0.0343969 -23.4969 0.000176645 0.000438599 -4.35553e-08 7.83171e-07 -5.3597e-06 0.00132821
68.701 -7.6936e-08 -1.78457e-07 0.55 -5.94601e-10 -6.09958e-10 -1.30459e-08 1 -3.8751e-06 -3.28074e-06 0.55 -5.12276e-07 4.35144e-08 0.687346 0.72633 4.49776 0.337023 -0.00253394 -0.0218178 0.031984 -1.94995 -4.15e-05 0.000278968 1.3672e-07 6.06482e-07 -9.1483e-07 0.000154446
69.32 -1.65389e-07 -1.18965e-07 0.55 1.16967e-09 -5.99756e-13 -2.73454e-08 1 -1.57707e-06 -5.61038e-06 0.55 -2.26206e-08 -6.74961e-07 0.990061 -0.140637 -1.1538 5.12069 -0.000145023 -0.0502982 -0.00373199 1.49345 1.9941e-05 0.000325165 9.50522e-09 3.51332e-08 3.73414e-07 -8.90176e-05
69.967 2.51146e-08 -3.04227e-08 0.55 3.70703e-10 1.79924e-10 4.12373e-09 1 1.15725e-06 -1.40393e-06 0.55 4.9338e-08 -2.32176e-07 0.968799 -0.247849 -0.853214 1.65468 -6.73427e-05 -0.015583 -0.00836041 0.129874 4.78069e-06 0.000115995 2.9781e-09 5.98976e-09 -1.22812e-08 -1.76271e-05
70.597 -3.26215e-08 -1.28503e-07 0.55 5.98989e-10 -9.5035e-10 -5.37398e-09 1 -4.34146e-06 -3.64741e-06 0.55 -3.24405e-07 -5.88986e-07 0.828399 0.560138 4.59724 2.50538 4.09434e-06 -0.0241048 0.044017 -0.910113 -3.00357e-05 0.000325976 2.19354e-10 -1.07445e-09 5.83573e-10 0.00010538
71.189 -1.34439e-07 1.56962e-07 0.55 -7.00705e-12 -6.10948e-10 -2.25918e-08 1 -2.45954e-06 2.70861e-06 0.55 -2.42697e-07 -1.86961e-07 0.852238 0.523153 2.23431 -1.98409 0.000876357 -0.000439939 0.0237758 0.705724 4.4395e-05 0.000133389 5.4825e-10 1.76562e-09 1.28904e-08 -0.000160823
71.838 1.42911e-07 -3.38332e-08 0.55 8.18353e-10 1.13667e-09 2.37293e-08 1 5.57794e-06 -2.32605e-06 0.55 3.92216e-07 -7.08856e-07 0.889184 -0.457549 -5.18481 3.54787 5.56028e-06 -0.0338931 -0.0497817 -1.87348 -1.30384e-06 0.00039314 3.36705e-10 -1.42021e-09 -9.875e-11 1.0183e-05
72.513 3.80366e-07 -2.07007e-07 0.55 1.35225e-09 1.4917e-10 6.28813e-08 1 4.46406e-06 -8.07467e-06 0.55 8.09473e-08 -7.68577e-07 0.984669 0.174434 0.22703 5.89857 4.02643e-05 -0.056589 0.00197587 -7.17099 -9.7519e-05 0.000355966 -9.07083e-10 -1.28658e-09 -4.54914e-09 0.000350562
73.184 -4.50724e-08 -5.20157e-08 0.55 2.60704e-10 -5.04165e-10 -7.53621e-09 1 -2.30053e-06 -1.35197e-06 0.55 -1.56046e-07 -2.84332e-07 0.815756 0.578396 2.34679 0.985678 -2.52233e-05 -0.00954374 0.0224902 -0.446134 -1.4053e-05 0.000158622 5.44806e-10 -2.31402e-09 -2.17708e-09 5.2916e-05
73.759 -1.28285e-07 -1.35517e-07 0.55 1.19694e-09 1.83078e-10 -2.12574e-08 1 -2.29727e-07 -5.93249e-06 0.55 4.35605e-08 -7.05975e-07 0.980367 -0.197179 -1.00729 5.45376 5.53652e-05 -0.0512849 -0.0117137 2.61446 5.26999e-05 0.000340063 -2.76128e-10 7.45772e-09 -1.03923e-07 -0.000137024
74.391 2.40314e-07 5.23709e-08 0.55 3.66946e-10 4.9173e-10 3.97047e-08 1 4.48884e-06 3.34988e-07 0.55 1.75482e-07 -2.64288e-07 0.975581 -0.219641 -1.58432 1.55906 0.000194469 -0.0161757 -0.0160603 -3.84295 -4.5538e-05 0.00013634 -1.64324e-08 -7.33857e-08 -8.67189e-09 0.000165163
74.975 -8.40321e-08 -5.48909e-08 0.55 3.60266e-10 -1.31715e-09 -1.41461e-08 1 -5.47525e-06 -1.75675e-06 0.55 -4.94603e-07 -6.29685e-07 0.771319 0.636448 6.05476 1.48184 5.69189e-06 -0.014343 0.0580087 0.817395 -1.56289e-05 0.000388586 3.10712e-10 -1.47948e-09 -2.54925e-10 5.16676e-05
75.654 -5.04991e-07 7.54749e-08 0.55 1.0738e-09 -1.10674e-09 -8.33899e-08 1 -9.97448e-06 -9.84917e-07 0.55 -3.88703e-07 -7.31561e-07 0.980921 0.194407 5.32983 4.56587 -0.000194142 -0.0478853 0.0376369 9.18773 0.000106762 0.000372819 6.77251e-09 -3.55746e-09 -3.46453e-10 -0.000379987
76.31 -4.25797e-08 -9.2136e-08 0.55 5.90873e-10 2.41115e-10 -7.11457e-09 1 9.88195e-07 -3.20168e-06 0.55 5.54869e-08 -3.73268e-07 0.95073 -0.310021 -1.49796 2.56779 -6.94635e-05 -0.024311 -0.0144592 1.59362 4.80482e-05 0.000176483 -2.05227e-08 -7.8789e-08 -3.43243e-07 -8.91602e-05
76.985 -6.84494e-08 -7.20761e-08 0.55 3.84588e-10 -1.1512e-09 -1.14966e-08 1 -4.86387e-06 -2.10602e-06 0.55 -4.22665e-07 -5.76339e-07 0.78046 0.625206 5.33263 1.55743 -2.4081e-05 -0.0156492 0.0509799 0.192278 -1.5684e-05 0.000347209 9.19604e-10 -3.19189e-09 -3.00579e-08 6.23365e-05
77.614 -1.94815e-07 1.25058e-07 0.55 1.25472e-10 -5.95967e-10 -3.24729e-08 1 -3.17883e-06 2.28127e-06 0.55 -2.14945e-07 -2.06226e-07 0.89984 0.43622 2.05388 0.731259 8.33412e-06 -0.006808 0.019767 3.52982 4.3492e-05 0.000132083 3.49594e-10 1.12127e-09 4.61621e-09 -0.000157387
78.223 1.20637e-07 -3.82225e-08 0.55 7.49999e-10 9.93154e-10 2.00167e-08 1 4.90682e-06 -2.28025e-06 0.55 3.40468e-07 -6.36402e-07 0.892195 -0.451651 -4.53279 3.29057 4.97256e-06 -0.0314418 -0.0435251 -1.45533 -1.522e-06 0.000350212 2.38676e-10 -1.26399e-09 -5.87818e-11 1.01175e-05
78.865 3.08771e-07 -3.52807e-08 0.55 7.58482e-10 5.24682e-10 5.09309e-08 1 5.60922e-06 -2.94164e-06 0.55 2.27105e-07 -4.47079e-07 0.999961 -0.00884478 -2.73022 3.2706 -4.34661e-05 -0.0321238 -0.0159964 -7.88597 -0.0001284 0.000213061 -7.97961e-10 -1.98705e-08 5.02949e-07 0.000337955
79.478 -4.89784e-08 -3.94426e-08 0.55 -6.11747e-09 9.53558e-10 -8.32755e-09 1 -2.32646e-06 -4.69895e-07 0.55 -2.66556e-06 2.8994e-06 0.633702 0.773577 2.62697 -0.386878 -0.0089096 0.460879 -0.10166 -0.14127 -1.11755e-05 0.00016566 4.4634e-07 1.32999e-06 2.35483e-05 4.1887e-05
80.141 -2.47667e-07 -1.13145e-07 0.55 1.41714e-09 -1.86997e-10 -4.0886e-08 1 -3.63771e-06 -6.3402e-06 0.55 -7.91605e-08 -8.16239e-07 0.997249 -0.0741308 0.446777 6.26256 -2.62844e-06 -0.0600873 0.00467327 5.1498 6.70108e-05 0.000387037 5.79944e-10 -1.09753e-09 2.6898e-08 -0.000243949
80.759 1.14503e-07 1.14981e-08 0.55 4.43158e-10 3.35432e-10 1.89165e-08 1 2.66687e-06 -7.86303e-07 0.55 9.86797e-08 -3.00675e-07 0.968042 -0.250787 -4.72838 0.178745 -0.00127623 -0.0184322 -0.016043 0.723112 -0.000110722 0.000155723 4.81517e-08 3.34022e-08 1.65298e-06 -0.000130915
81.374 -7.72347e-08 -6.53103e-08 0.55 3.89564e-10 -1.24571e-09 -1.2983e-08 1 -5.23125e-06 -2.00447e-06 0.55 -4.6139e-07 -6.12751e-07 0.778617 0.6275 5.77248 1.54384 5.38288e-06 -0.0149263 0.0553019 0.60661 -1.72486e-05 0.000372269 2.76902e-10 -1.4191e-09 5.15225e-10 5.79192e-05
82.009 -4.829e-07 2.10502e-07 0.55 2.59832e-10 -9.75143e-10 -8.02154e-08 1 -7.15631e-06 4.8888e-06 0.55 -3.1953e-07 -3.0805e-07 0.922401 0.386233 5.10516 -2.32454 -0.00298317 -0.00801609 0.0336833 3.8721 0.000179626 0.00015928 3.04997e-08 -5.07517e-07 -1.61005e-06 -8.48061e-05
82.578 2.37993e-07 1.83119e-07 0.55 2.77404e-10 1.44954e-09 3.99695e-08 1 5.95813e-06 2.69362e-06 0.55 5.53997e-07 -5.72781e-07 0.833849 -0.551993 -5.85107 1.86636 -9.55038e-05 -0.0173999 -0.0569364 -5.3506 -5.26764e-05 0.000378919 1.27345e-09 2.28885e-09 -1.67405e-08 0.000197139
83.239 8.15597e-08 -2.46384e-07 0.55 1.55024e-09 -8.3472e-10 1.37004e-08 1 -3.8667e-06 -8.5658e-06 0.55 -2.53406e-07 -1.02038e-06 0.932433 0.361342 4.69504 6.72241 5.89913e-06 -0.0646373 0.0447492 -3.15736 -6.13363e-05 0.000508975 7.71121e-10 -1.62297e-09 -7.57462e-09 0.0002156
83.932 -1.20003e-07 1.60227e-08 0.55 4.10717e-10 -5.50829e-10 -1.99025e-08 1 -3.1051e-06 -4.82374e-07 0.55 -1.80883e-07 -3.39817e-07 0.92355 0.383479 -2.27892 8.1656 0.00352088 -0.0229229 0.0147913 6.32357 -0.000187338 0.000216826 -4.8642e-08 5.24807e-07 3.23285e-06 -0.00040378
84.577 2.45409e-06 -2.67683e-06 0.55 5.15512e-09 -7.43167e-10 5.64313e-06 1 0.000145735 0.00035165 0.55 -1.13624e-06 -1.47259e-06 0.806916 -0.590666 -5.19591 1.51589 4.63298e-06 -0.0144118 -0.049844 -3.21509 -2.25714e-05 0.000337678 2.12895e-10 -1.25776e-09 -4.17724e-10 8.6567e-05
85.224 4.47449e-07 -7.93282e-08 0.55 6.76178e-10 4.82916e-10 7.38265e-08 1 7.66682e-06 -3.67716e-06 0.55 1.83909e-07 -3.81877e-07 0.998376 0.0569609 -0.730452 2.90829 -0.000115244 -0.0281974 -0.011595 -6.94894 -7.58158e-05 0.000177344 3.47811e-09 -9.01175e-11 -2.23226e-07 0.000330478
85.815 -6.92919e-08 -8.97701e-08 0.55 1.85101e-08 -6.2744e-09 -2.98523e-08 1 -1.34716e-06 -1.10286e-07 0.55 7.09492e-06 -1.01371e-05 0.60646 0.795114 3.08673 1.91663 0.000873769 -1.05661 0.359152 -0.600804 -9.40313e-05 0.000148573 -5.3906e-09 -1.03328e-06 -5.44624e-05 5.33533e-05
86.392 3.27717e-07 -2.68551e-07 0.55 3.72207e-10 4.10943e-10 5.45581e-08 1 3.01025e-06 -6.46017e-06 0.55 1.78315e-07 -1.28494e-07 0.918517 0.395382 -0.637059 1.35972 -1.2054e-06 -0.0130134 -0.00613983 -6.88336 -8.92121e-05 2.92547e-05 1.06757e-10 3.14607e-10 -2.3473e-10 0.000325106
87.076 2.25034e-07 -2.17967e-07 0.55 3.30371e-10 2.53349e-10 3.75507e-08 1 1.58211e-06 -5.21304e-06 0.55 1.15873e-07 -1.29405e-07 0.901119 0.433572 -0.276901 1.19143 -2.96766e-07 -0.0114111 -0.00268189 -5.21169 -6.83582e-05 3.42985e-05 4.4034e-11 8.4934e-11 -1.82101e-10 0.00024889
87.736 -2.68323e-08 -4.62494e-08 0.55 8.8398e-09 -2.87487e-09 -1.19301e-08 1 -3.19341e-07 -2.66956e-07 0.55 3.45742e-06 -4.77689e-06 0.59766 0.80175 0.867492 0.70371 -0.000192961 -0.584741 0.188858 -0.513005 -3.37782e-05 3.83002e-05 2.70091e-08 -1.14012e-07 -3.02764e-05 3.10323e-05
88.377 6.56347e-08 -1.9136e-07 0.55 2.64123e-10 1.20689e-10 1.11547e-08 1 2.05566e-07 -3.80116e-06 0.55 8.59167e-08 -7.19494e-08 0.792935 0.609307 -0.113437 0.743162 -3.72703e-07 -0.00711873 -0.00110521 -3.54484 -4.69287e-05 4.58579e-06 3.1741e-11 1.01695e-10 -7.29628e-11 0.000170968
88.996 3.33115e-08 -1.40825e-07 0.55 2.01436e-10 4.36466e-11 5.68092e-09 1 -1.96847e-08 -2.77184e-06 0.55 5.19374e-08 -6.46281e-08 0.770287 0.637698 0.0429076 0.563702 -6.10743e-08 -0.00540282 0.000398295 -2.55051 -3.40923e-05 9.33875e-06 9.31034e-12 1.63343e-11 -5.28551e-11 0.00012418
89.69 -1.24995e-08 -2.72371e-08 0.55 1.50902e-10 -1.01405e-10 -2.12028e-09 1 -1.70169e-07 -5.1882e-07 0.55 3.72857e-08 -9.83824e-08 0.60073 0.799452 0.174757 0.052281 -0.000159192 0.108052 -0.0310146 -0.427218 -6.33311e-06 9.53798e-06 4.82285e-09 1.23847e-08 5.66231e-06 2.30425e-05
90.397 3.04228e-10 -1.02127e-07 0.55 1.43175e-10 -1.41364e-12 4.98928e-11 1 2.12771e-09 -1.96583e-06 0.55 4.06112e-08 -4.16697e-08 0.704908 0.709299 0.0101178 0.389999 -1.10951e-07 -0.00373749 8.77692e-05 -1.83051 -2.43888e-05 4.7278e-07 8.96246e-12 2.92559e-11 -3.30491e-11 8.88489e-05
91.03 -6.90223e-09 -5.80727e-08 0.55 7.86764e-11 -2.70628e-11 -1.18038e-09 1 -6.70437e-08 -1.1173e-06 0.55 1.65507e-08 -2.98162e-08 0.671858 0.74068 0.0776654 0.218421 2.1816e-08 -0.00209477 0.00073944 -1.03477 -1.40511e-05 3.55901e-06 -3.18408e-13 -6.54347e-12 -1.69588e-11 5.11842e-05
91.616 -6.19267e-09 -1.44106e-08 0.55 4.18213e-10 -1.42839e-10 -1.05004e-09 1 -5.59536e-08 -2.811e-07 0.55 1.60277e-07 -2.25622e-07 0.594973 0.803746 0.0529869 0.038406 4.84662e-05 0.0350377 -0.010179 -0.233518 -3.51776e-06 2.43344e-06 -4.45889e-11 -3.54979e-09 -8.58271e-07 1.28156e-05
92.185 -1.00337e-08 -4.94952e-08 0.55 6.57133e-11 -2.37112e-11 -1.71311e-09 1 -3.33901e-08 -9.61328e-07 0.55 1.72681e-08 -2.26716e-08 0.644588 0.76453 0.0390528 0.18578 -2.20057e-08 -0.0017812 0.000369983 -0.88092 -1.19233e-05 4.07271e-07 1.87831e-12 5.61979e-12 -1.67616e-11 4.34368e-05
