380.31 -3.12237e-36 0 0.55 -1.88401e-38 -1.63922e-38 -5.19949e-37 1 0 0 0.55 -1.31642e-35 -3.32207e-37 0.587528 0.809204 1.10906e-27 -2.77765e-28 -2.14665e-30 7.66917e-31 7.8282e-31 3.0768e-28 1.39703e-32 2.66161e-32 -2.91375e-35 3.99214e-34 -1.308e-34 3.20756e-33
381.029 -7.48877e-36 0 0.55 -1.9588e-38 -1.89176e-38 -1.25633e-36 1 0 0 0.55 -1.23577e-35 -5.92608e-37 0.587528 0.809204 3.94071e-28 -3.08836e-28 1.38344e-31 7.19887e-31 1.40183e-30 1.11256e-28 -2.67675e-33 4.08287e-32 -6.19201e-35 -5.68246e-34 -2.99231e-34 1.31601e-33
381.682 -3.11944e-36 0 0.55 -1.9699e-38 -7.23055e-39 -5.19405e-37 1 0 0 0.55 -1.05293e-35 5.60922e-36 0.587528 0.809204 -2.56611e-27 2.89907e-28 1.18105e-30 6.70399e-31 9.66109e-31 -6.98714e-28 4.47187e-33 3.54782e-32 9.87805e-35 4.30872e-34 -6.26275e-35 1.03312e-33
382.244 -5.87131e-36 0 0.55 -1.82764e-38 -2.856e-39 -9.85649e-37 1 0 0 0.55 -6.79675e-36 6.65682e-36 0.587528 0.809204 1.10905e-27 -2.77764e-28 -1.61646e-30 9.09128e-31 -3.03432e-31 3.07678e-28 -2.43238e-32 -2.60889e-32 -8.79474e-35 -3.87708e-34 3.91294e-34 -5.20073e-33
382.975 1.29724e-35 0 0.55 -9.64976e-39 -2.68412e-39 2.18245e-36 1 0 0 0.55 -1.2599e-35 -2.04995e-36 0.587528 0.809204 1.06813e-27 -3.79734e-28 -3.45429e-30 1.46694e-30 -3.1476e-31 2.94175e-28 9.28128e-34 3.7578e-32 1.9209e-34 5.12215e-34 1.53039e-35 2.22279e-34
383.637 -5.81262e-36 0 0.55 -1.38417e-38 -3.65315e-39 -9.78487e-37 1 0 0 0.55 -6.65841e-36 7.77832e-36 0.587528 0.809204 3.94071e-28 -3.08836e-28 1.38344e-31 7.19887e-31 1.40183e-30 1.11256e-28 -2.67675e-33 4.08287e-32 -6.19201e-35 -5.68246e-34 -2.99231e-34 1.31601e-33
384.26 -1.03333e-35 0 0.55 -2.36276e-38 -8.05199e-39 -1.73457e-36 1 0 0 0.55 -8.30615e-36 6.04973e-36 0.587528 0.809204 1.10905e-27 -2.77764e-28 -1.61646e-30 9.09128e-31 -3.03432e-31 3.07678e-28 -2.37418e-33 3.74665e-32 1.17781e-34 5.33148e-34 6.43719e-35 -5.34871e-34
384.932 -8.86278e-36 0 0.55 -1.73981e-38 -1.97975e-38 -1.48954e-36 1 0 0 0.55 -1.09663e-35 -2.19085e-36 0.587528 0.809204 3.88723e-28 -2.84417e-28 -1.53869e-30 1.20137e-30 3.83194e-31 1.08954e-28 -3.37569e-33 4.05661e-32 4.54566e-36 -5.39556e-34 -2.73043e-34 1.15727e-33
385.621 -5.81262e-36 0 0.55 -1.38417e-38 -3.65315e-39 -9.78487e-37 1 0 0 0.55 -6.65841e-36 7.77832e-36 0.587528 0.809204 1.00856e-27 6.67814e-29 5.1135e-31 -2.99964e-32 -3.09247e-31 2.70667e-28 -1.12181e-32 3.23476e-32 2.69765e-35 4.3819e-34 1.87366e-34 -2.57786e-33
386.33 -7.48877e-36 0 0.55 -1.9588e-38 -1.89176e-38 -1.25633e-36 1 0 0 0.55 -1.23577e-35 -5.92608e-37 0.587528 0.809204 1.06813e-27 -3.79734e-28 -3.45429e-30 1.46694e-30 -3.1476e-31 2.94175e-28 9.28128e-34 3.7578e-32 1.9209e-34 5.12215e-34 1.53039e-35 2.22279e-34
387.039 -5.81467e-36 0 0.55 -1.18901e-38 -1.59151e-38 -9.78863e-37 1 0 0 0.55 -1.00289e-35 1.9317e-37 0.587528 0.809204 9.58177e-28 -4.67044e-28 -1.10711e-30 7.04013e-31 8.85369e-31 2.60551e-28 4.47187e-33 3.54782e-32 9.87805e-35 4.30872e-34 -6.26275e-35 1.03312e-33
387.782 4.03418e-36 0 0.55 -7.02506e-39 -7.87714e-39 6.74394e-37 1 0 0 0.55 -1.0965e-35 9.55304e-37 0.587528 0.809204 -2.56612e-27 2.89907e-28 1.00733e-30 8.52376e-31 2.51435e-31 -6.98717e-28 -1.12165e-32 3.23489e-32 5.29586e-35 4.30677e-34 1.81916e-34 -2.57751e-33
388.505 -8.86104e-36 0 0.55 -1.97934e-38 -6.47532e-39 -1.48922e-36 1 0 0 0.55 -7.35729e-36 5.92442e-36 0.587528 0.809204 3.8594e-28 -2.77488e-28 -3.81241e-31 5.42096e-31 6.92026e-31 1.08519e-28 -3.56965e-33 4.03582e-32 -4.78177e-35 -5.42246e-34 -2.91109e-34 1.11494e-33
389.148 -8.86278e-36 0 0.55 -1.73981e-38 -1.97975e-38 -1.48954e-36 1 0 0 0.55 -1.09663e-35 -2.19085e-36 0.587528 0.809204 -4.69809e-28 9.26e-28 5.27563e-31 1.25263e-30 9.8285e-31 -1.20031e-28 -2.4311e-32 -2.60818e-32 -6.03636e-35 -3.87714e-34 3.89946e-34 -5.19782e-33
389.787 1.29844e-35 0 0.55 -1.56025e-38 1.42516e-38 2.18411e-36 1 0 0 0.55 -8.67475e-36 7.02126e-36 0.587528 0.809204 3.94057e-28 -3.08837e-28 3.57545e-31 9.75016e-31 3.10276e-32 1.11253e-28 -2.67692e-33 4.08288e-32 -6.99837e-35 -5.06468e-34 -2.63043e-34 1.31605e-33
390.388 -8.86278e-36 0 0.55 -1.73981e-38 -1.97975e-38 -1.48954e-36 1 0 0 0.55 -1.09663e-35 -2.19085e-36 0.587528 0.809204 1.10905e-27 -2.77764e-28 -1.89336e-30 1.05309e-30 -7.42519e-31 3.07677e-28 -2.37422e-33 3.74665e-32 1.32038e-34 5.50996e-34 7.43769e-35 -5.34858e-34
390.976 -5.81467e-36 0 0.55 -1.18901e-38 -1.59151e-38 -9.78863e-37 1 0 0 0.55 -1.00289e-35 1.9317e-37 0.587528 0.809204 5.60265e-28 -6.72402e-28 1.28737e-30 5.05618e-31 -6.71119e-31 1.39598e-28 1.40483e-32 2.66228e-32 4.26364e-37 3.45613e-34 -1.64447e-34 3.22518e-33
391.599 -1.03346e-35 0 0.55 -2.0567e-38 -2.25288e-38 -1.7348e-36 1 0 0 0.55 -1.21395e-35 -2.56164e-36 0.587528 0.809204 1.10906e-27 -2.77765e-28 -2.14665e-30 7.66917e-31 7.8282e-31 3.0768e-28 -2.37388e-33 3.74664e-32 1.41885e-34 4.82261e-34 3.38813e-35 -5.34867e-34
392.241 -5.87931e-36 0 0.55 -1.74291e-38 -1.63223e-38 -9.87141e-37 1 0 0 0.55 -1.07652e-35 -2.25176e-36 0.587528 0.809204 5.60901e-28 -6.69517e-28 1.93644e-30 6.33016e-31 -1.80563e-30 1.39799e-28 -2.37388e-33 3.74664e-32 1.41885e-34 4.82261e-34 3.38813e-35 -5.34867e-34
392.921 -5.82482e-36 0 0.55 -1.52717e-38 -9.16109e-39 -9.8077e-37 1 0 0 0.55 -8.65489e-36 3.35326e-36 0.587528 0.809204 -4.69962e-28 9.26406e-28 9.79118e-31 1.46175e-30 -3.408e-31 -1.20083e-28 4.4718e-33 3.54783e-32 7.96277e-35 4.5555e-34 -4.75121e-35 1.03314e-33
393.568 -7.51762e-36 0 0.55 -2.69157e-38 -3.40154e-39 -1.26189e-36 1 0 0 0.55 -9.17516e-36 6.89375e-36 0.587528 0.809204 5.60901e-28 -6.69517e-28 1.93644e-30 6.33016e-31 -1.80563e-30 1.39799e-28 1.39703e-32 2.66161e-32 -2.91375e-35 3.99214e-34 -1.308e-34 3.20756e-33
394.209 -8.86104e-36 0 0.55 -1.97934e-38 -6.47532e-39 -1.48922e-36 1 0 0 0.55 -7.35729e-36 5.92442e-36 0.587528 0.809204 9.58173e-28 -4.67045e-28 -6.92555e-31 7.42678e-31 3.77782e-31 2.6055e-28 4.4718e-33 3.54783e-32 7.96277e-35 4.5555e-34 -4.75121e-35 1.03314e-33
394.808 -7.51762e-36 0 0.55 -2.69157e-38 -3.40154e-39 -1.26189e-36 1 0 0 0.55 -9.17516e-36 6.89375e-36 0.587528 0.809204 3.85931e-28 -2.77488e-28 -4.12924e-31 7.21862e-31 -1.30167e-31 1.08517e-28 -3.56974e-33 4.03583e-32 -4.47544e-35 -5.06065e-34 -2.7027e-34 1.11497e-33
395.52 -1.07891e-35 0 0.55 -2.88712e-38 -1.99584e-39 -1.81232e-36 1 0 0 0.55 -7.53931e-36 8.27378e-36 0.587528 0.809204 1.00856e-27 6.67809e-29 5.9817e-31 1.29654e-31 -1.13109e-30 2.70665e-28 -1.12182e-32 3.23477e-32 2.42817e-35 4.74999e-34 2.08794e-34 -2.57784e-33
396.223 -5.81262e-36 0 0.55 -1.38417e-38 -3.65315e-39 -9.78487e-37 1 0 0 0.55 -6.65841e-36 7.77832e-36 0.587528 0.809204 9.58177e-28 -4.67044e-28 -1.10711e-30 7.04013e-31 8.85369e-31 2.60551e-28 4.47187e-33 3.54782e-32 9.87805e-35 4.30872e-34 -6.26275e-35 1.03312e-33
396.932 -7.48877e-36 0 0.55 -1.9588e-38 -1.89176e-38 -1.25633e-36 1 0 0 0.55 -1.23577e-35 -5.92608e-37 0.587528 0.809204 1.00859e-27 6.67388e-29 -8.99573e-33 3.33729e-32 -2.02227e-31 2.70676e-28 -3.56965e-33 4.03582e-32 -4.78177e-35 -5.42246e-34 -2.91109e-34 1.11494e-33
397.62 -5.87131e-36 0 0.55 -1.82764e-38 -2.856e-39 -9.85649e-37 1 0 0 0.55 -6.79675e-36 6.65682e-36 0.587528 0.809204 1.00856e-27 6.67814e-29 5.1135e-31 -2.99964e-32 -3.09247e-31 2.70667e-28 -1.12181e-32 3.23476e-32 2.69765e-35 4.3819e-34 1.87366e-34 -2.57786e-33
398.302 -5.87131e-36 0 0.55 -1.82764e-38 -2.856e-39 -9.85649e-37 1 0 0 0.55 -6.79675e-36 6.65682e-36 0.587528 0.809204 5.60908e-28 -6.69517e-28 2.14568e-30 4.56803e-31 -1.14927e-30 1.39801e-28 1.39703e-32 2.66161e-32 -4.05149e-35 3.71354e-34 -1.46582e-34 3.20754e-33
398.985 -1.03333e-35 0 0.55 -2.36276e-38 -8.05199e-39 -1.73457e-36 1 0 0 0.55 -8.30615e-36 6.04973e-36 0.587528 0.809204 3.94066e-28 -3.08836e-28 4.89544e-31 7.90336e-31 7.93922e-31 1.11255e-28 -2.67684e-33 4.08288e-32 -7.78088e-35 -5.39474e-34 -2.81885e-34 1.31603e-33
399.667 -1.03333e-35 0 0.55 -2.36276e-38 -8.05199e-39 -1.73457e-36 1 0 0 0.55 -8.30615e-36 6.04973e-36 0.587528 0.809204 3.8594e-28 -2.77488e-28 -3.81241e-31 5.42096e-31 6.92026e-31 1.08519e-28 -3.56965e-33 4.03582e-32 -4.78177e-35 -5.42246e-34 -2.91109e-34 1.11494e-33
400.342 -7.48877e-36 0 0.55 -1.9588e-38 -1.89176e-38 -1.25633e-36 1 0 0 0.55 -1.23577e-35 -5.92608e-37 0.587528 0.809204 1.00856e-27 6.67814e-29 5.1135e-31 -2.99964e-32 -3.09247e-31 2.70667e-28 -1.12181e-32 3.23476e-32 2.69765e-35 4.3819e-34 1.87366e-34 -2.57786e-33
401.051 -5.81467e-36 0 0.55 -1.18901e-38 -1.59151e-38 -9.78863e-37 1 0 0 0.55 -1.00289e-35 1.9317e-37 0.587528 0.809204 -2.57504e-27 2.81526e-28 -8.51557e-32 8.5919e-31 1.08813e-30 -7.01323e-28 8.81018e-34 -3.37611e-32 -5.35831e-35 -5.17822e-34 9.1464e-36 3.61704e-33
401.722 1.29844e-35 0 0.55 -1.56025e-38 1.42516e-38 2.18411e-36 1 0 0 0.55 -8.67475e-36 7.02126e-36 0.587528 0.809204 9.58164e-28 -4.67045e-28 -7.77027e-31 9.26705e-31 -4.21497e-31 2.60548e-28 4.47171e-33 3.54783e-32 8.52124e-35 4.90428e-34 -2.75165e-35 1.03316e-33
402.444 -3.12237e-36 0 0.55 -1.88401e-38 -1.63922e-38 -5.19949e-37 1 0 0 0.55 -1.31642e-35 -3.32207e-37 0.587528 0.809204 -2.56611e-27 2.89908e-28 8.96744e-31 5.71557e-31 1.65571e-30 -6.98713e-28 5.71102e-34 -3.35886e-32 -9.6955e-35 -5.34625e-34 4.62105e-36 3.5449e-33
403.07 -7.48877e-36 0 0.55 -1.9588e-38 -1.89176e-38 -1.25633e-36 1 0 0 0.55 -1.23577e-35 -5.92608e-37 0.587528 0.809204 1.10906e-27 -2.77765e-28 -2.14665e-30 7.66917e-31 7.8282e-31 3.0768e-28 4.4718e-33 3.54783e-32 7.96277e-35 4.5555e-34 -4.75121e-35 1.03314e-33
403.776 1.29724e-35 0 0.55 -9.64976e-39 -2.68412e-39 2.18245e-36 1 0 0 0.55 -1.2599e-35 -2.04995e-36 0.587528 0.809204 3.94057e-28 -3.08837e-28 3.57545e-31 9.75016e-31 3.10276e-32 1.11253e-28 -1.12165e-32 3.23489e-32 5.29586e-35 4.30677e-34 1.81916e-34 -2.57751e-33
404.481 1.29844e-35 0 0.55 -1.56025e-38 1.42516e-38 2.18411e-36 1 0 0 0.55 -8.67475e-36 7.02126e-36 0.587528 0.809204 3.94057e-28 -3.08837e-28 3.57545e-31 9.75016e-31 3.10276e-32 1.11253e-28 -2.67692e-33 4.08288e-32 -6.99837e-35 -5.06468e-34 -2.63043e-34 1.31605e-33
405.16 -8.86049e-36 0 0.55 -2.31304e-38 4.96288e-39 -1.48913e-36 1 0 0 0.55 -4.51788e-36 1.23487e-35 0.587528 0.809204 1.00856e-27 6.67814e-29 5.1135e-31 -2.99964e-32 -3.09247e-31 2.70667e-28 -3.56974e-33 4.03583e-32 -4.47544e-35 -5.06065e-34 -2.7027e-34 1.11497e-33
405.848 -5.82482e-36 0 0.55 -1.52717e-38 -9.16109e-39 -9.8077e-37 1 0 0 0.55 -8.65489e-36 3.35326e-36 0.587528 0.809204 3.88723e-28 -2.84417e-28 -1.53869e-30 1.20137e-30 3.83194e-31 1.08954e-28 -2.37418e-33 3.74665e-32 1.17781e-34 5.33148e-34 6.43719e-35 -5.34871e-34
406.525 -1.07891e-35 0 0.55 -2.88712e-38 -1.99584e-39 -1.81232e-36 1 0 0 0.55 -7.53931e-36 8.27378e-36 0.587528 0.809204 1.00856e-27 6.67809e-29 5.9817e-31 1.29654e-31 -1.13109e-30 2.70665e-28 -1.12182e-32 3.23477e-32 2.42817e-35 4.74999e-34 2.08794e-34 -2.57784e-33
407.168 -5.87131e-36 0 0.55 -1.82764e-38 -2.856e-39 -9.85649e-37 1 0 0 0.55 -6.79675e-36 6.65682e-36 0.587528 0.809204 3.94066e-28 -3.08836e-28 4.89544e-31 7.90336e-31 7.93922e-31 1.11255e-28 -2.67684e-33 4.08288e-32 -7.78088e-35 -5.39474e-34 -2.81885e-34 1.31603e-33
407.87 4.03418e-36 0 0.55 -7.02506e-39 -7.87714e-39 6.74394e-37 1 0 0 0.55 -1.0965e-35 9.55304e-37 0.587528 0.809204 3.85942e-28 -2.77487e-28 -8.49603e-31 5.37338e-31 1.08181e-30 1.0852e-28 -3.56957e-33 4.03582e-32 -2.57335e-35 -5.62005e-34 -3.03496e-34 1.11494e-33
408.494 -1.03346e-35 0 0.55 -2.0567e-38 -2.25288e-38 -1.7348e-36 1 0 0 0.55 -1.21395e-35 -2.56164e-36 0.587528 0.809204 3.94071e-28 -3.08836e-28 1.38344e-31 7.19887e-31 1.40183e-30 1.11256e-28 -2.67675e-33 4.08287e-32 -6.19201e-35 -5.68246e-34 -2.99231e-34 1.31601e-33
409.223 -7.51762e-36 0 0.55 -2.69157e-38 -3.40154e-39 -1.26189e-36 1 0 0 0.55 -9.17516e-36 6.89375e-36 0.587528 0.809204 9.58173e-28 -4.67045e-28 -6.92555e-31 7.42678e-31 3.77782e-31 2.6055e-28 4.4718e-33 3.54783e-32 7.96277e-35 4.5555e-34 -4.75121e-35 1.03314e-33
409.906 1.29844e-35 0 0.55 -1.56025e-38 1.42516e-38 2.18411e-36 1 0 0 0.55 -8.67475e-36 7.02126e-36 0.587528 0.809204 9.58164e-28 -4.67045e-28 -7.77027e-31 9.26705e-31 -4.21497e-31 2.60548e-28 4.47171e-33 3.54783e-32 8.52124e-35 4.90428e-34 -2.75165e-35 1.03316e-33
410.569 -8.86278e-36 0 0.55 -1.73981e-38 -1.97975e-38 -1.48954e-36 1 0 0 0.55 -1.09663e-35 -2.19085e-36 0.587528 0.809204 5.60265e-28 -6.72402e-28 1.28737e-30 5.05618e-31 -6.71119e-31 1.39598e-28 1.40483e-32 2.66228e-32 4.26364e-37 3.45613e-34 -1.64447e-34 3.22518e-33
411.162 1.2976e-35 0 0.55 -9.87187e-39 4.45201e-39 2.18311e-36 1 0 0 0.55 -1.04584e-35 2.78121e-36 0.587528 0.809204 1.10906e-27 -2.77765e-28 -2.14665e-30 7.66917e-31 7.8282e-31 3.0768e-28 -2.37388e-33 3.74664e-32 1.41885e-34 4.82261e-34 3.38813e-35 -5.34867e-34
411.594 -1.03346e-35 0 0.55 -2.0567e-38 -2.25288e-38 -1.7348e-36 1 0 0 0.55 -1.21395e-35 -2.56164e-36 0.587528 0.809204 1.00856e-27 6.67814e-29 5.1135e-31 -2.99964e-32 -3.09247e-31 2.70667e-28 -1.12181e-32 3.23476e-32 2.69765e-35 4.3819e-34 1.87366e-34 -2.57786e-33
412.241 4.03418e-36 0 0.55 -7.02506e-39 -7.87714e-39 6.74394e-37 1 0 0 0.55 -1.0965e-35 9.55304e-37 0.587528 0.809204 5.60265e-28 -6.72402e-28 1.28737e-30 5.05618e-31 -6.71119e-31 1.39598e-28 1.40483e-32 2.66228e-32 4.26364e-37 3.45613e-34 -1.64447e-34 3.22518e-33
412.953 -3.12237e-36 0 0.55 -1.88401e-38 -1.63922e-38 -5.19949e-37 1 0 0 0.55 -1.31642e-35 -3.32207e-37 0.587528 0.809204 3.88723e-28 -2.84417e-28 -1.53869e-30 1.20137e-30 3.83194e-31 1.08954e-28 -3.37569e-33 4.05661e-32 4.54566e-36 -5.39556e-34 -2.73043e-34 1.15727e-33
413.599 -8.87085e-36 0 0.55 -2.00518e-38 -1.61982e-38 -1.49106e-36 1 0 0 0.55 -1.04041e-35 -8.91661e-37 0.587528 0.809204 3.88723e-28 -2.84417e-28 -1.53869e-30 1.20137e-30 3.83194e-31 1.08954e-28 -3.37569e-33 4.05661e-32 4.54566e-36 -5.39556e-34 -2.73043e-34 1.15727e-33
414.251 -5.87931e-36 0 0.55 -1.74291e-38 -1.63223e-38 -9.87141e-37 1 0 0 0.55 -1.07652e-35 -2.25176e-36 0.587528 0.809204 9.58164e-28 -4.67045e-28 -7.77027e-31 9.26705e-31 -4.21497e-31 2.60548e-28 4.47171e-33 3.54783e-32 8.52124e-35 4.90428e-34 -2.75165e-35 1.03316e-33
414.804 1.29844e-35 0 0.55 -1.56025e-38 1.42516e-38 2.18411e-36 1 0 0 0.55 -8.67475e-36 7.02126e-36 0.587528 0.809204 3.94066e-28 -3.08836e-28 4.89544e-31 7.90336e-31 7.93922e-31 1.11255e-28 1.39703e-32 2.66161e-32 -2.91375e-35 3.99214e-34 -1.308e-34 3.20756e-33
415.514 -8.86049e-36 0 0.55 -2.31304e-38 4.96288e-39 -1.48913e-36 1 0 0 0.55 -4.51788e-36 1.23487e-35 0.587528 0.809204 3.94066e-28 -3.08836e-28 4.89544e-31 7.90336e-31 7.93922e-31 1.11255e-28 -2.67684e-33 4.08288e-32 -7.78088e-35 -5.39474e-34 -2.81885e-34 1.31603e-33
416.109 -5.82482e-36 0 0.55 -1.52717e-38 -9.16109e-39 -9.8077e-37 1 0 0 0.55 -8.65489e-36 3.35326e-36 0.587528 0.809204 3.85931e-28 -2.77488e-28 -4.12924e-31 7.21862e-31 -1.30167e-31 1.08517e-28 1.40483e-32 2.66228e-32 4.26364e-37 3.45613e-34 -1.64447e-34 3.22518e-33
416.822 -5.82482e-36 0 0.55 -1.52717e-38 -9.16109e-39 -9.8077e-37 1 0 0 0.55 -8.65489e-36 3.35326e-36 0.587528 0.809204 1.10905e-27 -2.77764e-28 -1.61646e-30 9.09128e-31 -3.03432e-31 3.07678e-28 -3.37569e-33 4.05661e-32 4.54566e-36 -5.39556e-34 -2.73043e-34 1.15727e-33
417.512 -5.81467e-36 0 0.55 -1.18901e-38 -1.59151e-38 -9.78863e-37 1 0 0 0.55 -1.00289e-35 1.9317e-37 0.587528 0.809204 -2.57504e-27 2.81526e-28 -8.51557e-32 8.5919e-31 1.08813e-30 -7.01323e-28 8.81018e-34 -3.37611e-32 -5.35831e-35 -5.17822e-34 9.1464e-36 3.61704e-33
418.23 1.2976e-35 0 0.55 -9.87187e-39 4.45201e-39 2.18311e-36 1 0 0 0.55 -1.04584e-35 2.78121e-36 0.587528 0.809204 3.94071e-28 -3.08836e-28 1.38344e-31 7.19887e-31 1.40183e-30 1.11256e-28 -2.67675e-33 4.08287e-32 -6.19201e-35 -5.68246e-34 -2.99231e-34 1.31601e-33
418.931 -8.87085e-36 0 0.55 -2.00518e-38 -1.61982e-38 -1.49106e-36 1 0 0 0.55 -1.04041e-35 -8.91661e-37 0.587528 0.809204 -4.69955e-28 9.26406e-28 1.21745e-30 1.29404e-30 2.48967e-31 -1.20082e-28 -1.12182e-32 3.23477e-32 3.79055e-35 4.96381e-34 2.20821e-34 -2.57783e-33
419.627 4.03662e-36 0 0.55 -8.46284e-39 2.99671e-39 6.74844e-37 1 0 0 0.55 -7.91935e-36 7.81594e-36 0.587528 0.809204 9.58173e-28 -4.67045e-28 -6.92555e-31 7.42678e-31 3.77782e-31 2.6055e-28 4.4718e-33 3.54783e-32 7.96277e-35 4.5555e-34 -4.75121e-35 1.03314e-33
420.302 -8.19407e-08 7.64564e-07 0.55 -1.0757e-09 -5.33998e-10 -1.39618e-08 1 -2.00684e-06 1.46695e-05 0.55 -4.96829e-07 1.27966e-07 0.728923 0.684596 1.79247 1.24204 0.000361609 0.0251263 0.0182916 17.5342 7.76024e-05 0.000113962 -8.8276e-09 3.16683e-08 1.81374e-06 -0.000860024
420.992 4.68383e-07 3.48635e-07 0.55 3.59875e-10 1.93283e-09 7.83682e-08 1 8.56154e-06 6.06522e-06 0.55 7.29022e-07 -6.92282e-07 0.864088 -0.50334 -7.26636 2.38328 6.94144e-06 -0.022542 -0.0698429 -10.0801 -0.00010551 0.000466413 4.46936e-10 -3.60013e-09 -1.0675e-08 0.000391706
421.562 6.06724e-08 -2.61961e-07 0.55 2.06475e-09 -9.78342e-10 1.02366e-08 1 -4.62729e-06 -1.01672e-05 0.55 -3.04463e-07 -1.31683e-06 0.949481 0.313825 5.24117 9.11446 9.8091e-06 -0.0875 0.0500258 -3.0472 -6.67209e-05 0.000648313 1.25806e-09 -2.27603e-09 -2.30302e-09 0.000231693
422.215 -1.08068e-07 -6.76126e-09 0.55 5.53213e-10 -5.96532e-10 -1.78972e-08 1 -3.35519e-06 -1.28206e-06 0.55 -1.85971e-07 -4.27386e-07 0.928511 0.371306 3.17212 -0.252747 -0.00256077 -0.0224236 0.0252651 1.34846 7.88307e-05 0.000176065 -1.31261e-08 -7.13968e-07 -1.07802e-06 -6.2015e-06
422.896 -1.49998e-08 -1.07771e-07 0.55 -5.92712e-09 2.60466e-09 -2.53331e-09 1 1.75431e-06 -2.68969e-06 0.55 3.50645e-06 2.19239e-06 0.840416 -0.541942 -2.05529 1.28345 -0.0127862 0.467993 -0.170941 1.24954 2.40051e-05 0.000149627 6.67377e-07 2.27479e-06 -2.48763e-05 -8.79586e-05
423.61 3.32818e-07 -2.18639e-07 0.55 9.54309e-10 1.2059e-10 5.51104e-08 1 3.15129e-06 -7.1776e-06 0.55 7.94635e-08 -5.36377e-07 0.968405 0.249384 -1.77647 4.98549 0.0011067 -0.0389995 0.00373437 -7.35887 -8.43041e-05 0.000243846 7.02258e-09 -1.67427e-08 -9.02533e-08 0.000327985
424.309 3.13721e-09 -1.00888e-07 0.55 2.25759e-10 -3.35168e-10 5.80722e-10 1 -1.50047e-06 -2.23554e-06 0.55 -1.04914e-07 -2.1873e-07 0.791214 0.611539 1.61999 1.51845 0.000307771 -0.00855523 0.0164044 -0.558754 -4.09857e-05 0.000119136 -7.47253e-09 2.13305e-08 2.99726e-07 4.2157e-05
425.022 -4.83599e-08 -1.24762e-07 0.55 1.07561e-09 3.82124e-10 -8.07938e-09 1 1.56554e-06 -5.17478e-06 0.55 1.14185e-07 -6.61527e-07 0.965574 -0.260128 -2.13534 4.77005 3.65784e-06 -0.0456749 -0.0205736 1.69126 3.14404e-05 0.000325243 2.46728e-10 -9.72079e-10 3.02184e-10 -0.000110427
425.757 2.14403e-07 1.9022e-08 0.55 3.6581e-10 3.88452e-10 3.53772e-08 1 4.05113e-06 -6.04733e-07 0.55 1.51287e-07 -2.3542e-07 0.993483 -0.113984 0.214126 2.40913 -0.000303102 -0.0179735 -0.0042138 -10.9187 -4.44378e-05 0.000119969 9.15468e-10 1.33276e-08 -7.72739e-08 0.000178969
426.492 -6.93136e-08 -8.4341e-08 0.55 1.21286e-08 -4.30441e-09 -1.511e-07 1 3.0149e-06 9.19912e-06 0.55 4.51886e-06 -6.7589e-06 0.597975 0.801514 6.84796 16.6613 0.0200938 0.566354 -0.168424 0.622392 -0.000571816 0.00011671 -4.88661e-07 1.8593e-07 3.7919e-05 -6.31312e-05
427.184 -5.68789e-07 1.44455e-07 0.55 4.91303e-10 -8.21859e-10 -9.39524e-08 1 -9.98199e-06 2.06326e-06 0.55 -2.67928e-07 -3.59607e-07 0.982615 0.185656 10.8062 -0.842644 -0.00320483 -0.021228 0.0258586 10.3618 0.000370216 0.000200901 1.31611e-07 1.55729e-07 -4.07219e-06 -0.000293286
427.91 -3.18118e-08 -7.51466e-08 0.55 3.66729e-10 2.01881e-10 -5.33893e-09 1 9.01517e-07 -2.269e-06 0.55 4.80735e-08 -2.47525e-07 0.915209 -0.40298 -1.21553 1.50758 -0.000212596 -0.00640214 -0.0176188 0.997295 1.89109e-05 0.000117485 -7.87602e-09 -2.9078e-08 4.77198e-08 -6.92642e-05
428.541 2.27285e-07 -2.22076e-07 0.55 9.87956e-10 -1.03627e-10 3.77444e-08 1 6.36607e-07 -7.04334e-06 0.55 9.40309e-09 -5.80627e-07 0.950055 0.312082 2.97999 3.35818 -0.000637555 -0.0402445 0.0154044 -6.51009 -3.50999e-05 0.000274004 2.99875e-08 6.20293e-08 -7.48545e-07 0.000370392
429.262 -4.11406e-08 2.31298e-08 0.55 1.19508e-10 -4.32337e-10 -6.9102e-09 1 -1.76219e-06 2.40254e-08 0.55 -1.63159e-07 -2.01985e-07 0.834462 0.551066 0.236365 3.31222 0.00150867 -0.00800263 0.0157042 3.43886 6.45743e-05 0.000101763 4.84087e-09 -3.38767e-07 -9.69477e-07 0.000111108
429.949 1.02721e-07 -6.72762e-08 0.55 8.91611e-10 9.27014e-10 1.69802e-08 1 4.78587e-06 -3.17838e-06 0.55 3.116e-07 -6.83484e-07 0.911177 -0.412014 -4.02578 4.21247 5.0934e-06 -0.0402921 -0.038683 -0.497239 6.65037e-06 0.000364689 2.70099e-10 -1.30619e-09 1.06524e-10 -1.9371e-05
430.673 3.52223e-07 -6.53357e-08 0.55 7.23925e-10 4.46706e-10 5.81124e-08 1 6.04005e-06 -3.49016e-06 0.55 1.87085e-07 -4.13788e-07 0.998924 0.0463762 -1.21339 3.17591 2.45906e-06 -0.0304151 -0.0116651 -6.95103 -8.85553e-05 0.000193265 5.61303e-11 -5.84553e-10 1.29572e-09 0.000320703
431.392 -2.92716e-08 -1.69077e-08 0.55 1.27441e-10 -4.71803e-10 -4.95215e-09 1 -1.83777e-06 -3.62466e-07 0.55 -1.45228e-07 -2.44116e-07 0.720777 0.693167 2.05224 0.707646 0.000428333 -0.00964341 0.0210845 -2.58179 -4.15712e-05 0.000129211 -2.22818e-08 -7.13659e-08 -1.33525e-07 0.000152476
432.12 -2.0579e-07 -1.17931e-07 0.55 1.11564e-09 -5.31582e-11 -3.40064e-08 1 -2.41047e-06 -5.53633e-06 0.55 -3.54334e-08 -6.42477e-07 0.991194 -0.132417 -0.875951 4.7486 -0.000103912 -0.0471317 -0.00126251 4.82453 7.29504e-05 0.000305347 -3.66167e-09 -6.67182e-09 -2.6401e-07 -0.000178424
432.823 8.94672e-08 3.60986e-09 0.55 3.11885e-10 2.32719e-10 1.47708e-08 1 1.98884e-06 -5.93187e-07 0.55 7.26105e-08 -2.05404e-07 0.974483 -0.224463 -2.06967 0.737937 -0.000331803 -0.0127635 -0.0106924 1.05877 -3.62487e-05 0.000102066 5.6546e-09 -4.11127e-08 5.23785e-07 -9.26898e-05
433.465 -5.73184e-08 -9.1261e-08 0.55 4.5391e-10 -1.06633e-09 -9.58623e-09 1 -4.61928e-06 -2.60941e-06 0.55 -3.81182e-07 -5.70443e-07 0.796958 0.604034 4.9591 1.96342 4.77401e-06 -0.0189342 0.0474938 -0.232927 -2.23868e-05 0.000332739 1.97333e-10 -1.23042e-09 -1.84225e-10 7.73827e-05
434.13 -2.22295e-07 1.30431e-07 0.55 1.24732e-10 -7.59153e-10 -3.69965e-08 1 -3.83605e-06 2.17776e-06 0.55 -3.09814e-07 -2.3462e-07 0.912421 0.409253 -1.24485 5.70397 0.0032654 -0.00962892 0.0210104 8.60236 6.10115e-05 0.000162864 -3.07388e-08 2.7175e-08 2.17877e-07 -0.00026877
434.86 -3.05599e-08 -1.20789e-07 0.55 3.50176e-09 -8.4665e-10 -5.1977e-09 1 1.58623e-06 -3.03919e-06 0.55 -1.59894e-06 -1.54336e-06 0.853623 -0.520891 -1.90059 1.45651 0.00740407 -0.21359 0.0531255 1.63252 2.83371e-05 0.00014695 -3.85016e-07 -1.17179e-06 1.04275e-05 -0.000104427
435.512 3.53883e-07 -1.99707e-07 0.55 9.70869e-10 1.73751e-10 5.85469e-08 1 3.86697e-06 -6.97386e-06 0.55 9.74312e-08 -5.47625e-07 0.975173 0.221444 3.72178 2.58732 -0.000733109 -0.0400689 0.00555811 -8.17577 1.00521e-05 0.000246587 1.65536e-08 -5.72486e-08 -1.64749e-06 0.000477659
436.241 -1.90849e-08 -4.02498e-08 0.55 1.84629e-10 -3.90455e-10 -3.1838e-09 1 -1.69182e-06 -1.11475e-06 0.55 -1.312e-07 -2.20095e-07 0.809147 0.587607 1.72181 0.236538 -0.00021753 -0.0069626 0.0177275 -0.302638 3.64237e-06 0.000115954 -1.04931e-08 -1.29191e-07 -2.04494e-07 4.06508e-05
436.947 5.04953e-08 -9.99636e-08 0.55 1.00057e-09 7.20759e-10 8.2738e-09 1 3.81238e-06 -4.19704e-06 0.55 2.34559e-07 -6.86435e-07 0.935722 -0.352737 -3.28394 4.56912 5.30573e-06 -0.0437272 -0.0315818 0.390757 1.84755e-05 0.000351321 2.29937e-10 -1.28977e-09 1.80085e-10 -6.27076e-05
437.641 1.84515e-07 -7.22996e-09 0.55 4.70782e-10 4.24861e-10 3.04343e-08 1 3.53712e-06 -1.50508e-06 0.55 1.90307e-07 -2.89724e-07 0.997666 -0.0682876 7.06213 3.70445 0.000707731 -0.0214024 -0.00575754 -10.5038 0.00015196 0.000153659 -6.5493e-09 1.3104e-07 -3.64017e-06 0.000679049
438.339 -6.65889e-08 -8.94798e-08 0.55 -1.4261e-09 2.89227e-11 -1.2896e-08 1 -2.02002e-06 -1.35518e-06 0.55 -6.28178e-07 6.56011e-07 0.616873 0.787062 2.44616 -0.0526423 0.00951902 -0.771243 0.255926 -0.903741 -2.84486e-05 0.00014649 -4.60644e-07 -1.02066e-06 -4.01361e-05 7.45678e-05
439.025 -3.75914e-07 1.89407e-08 0.55 7.74006e-10 -7.11943e-10 -6.20196e-08 1 -7.22209e-06 -1.70088e-06 0.55 -2.75794e-07 -4.90355e-07 0.994156 0.107954 2.39344 3.48505 6.32741e-06 -0.0333297 0.0233072 7.72871 9.46689e-05 0.000246864 3.36435e-11 5.10674e-10 2.37138e-08 -0.000342705
439.682 -3.08072e-08 -7.76861e-08 0.55 4.12652e-10 2.22237e-10 -5.17088e-09 1 1.01074e-06 -2.43541e-06 0.55 5.2555e-08 -2.75823e-07 0.922335 -0.38639 -1.80203 0.878155 -0.000694788 -0.0150284 -0.0142763 1.96406 -1.70402e-06 0.000126673 7.68815e-09 -1.13992e-07 3.45763e-07 -0.000127333
440.382 -1.88232e-08 -1.53358e-07 0.55 7.39679e-10 -9.51872e-10 -3.02774e-09 1 -4.47708e-06 -4.47598e-06 0.55 -3.17724e-07 -6.51382e-07 0.84965 0.527346 4.74882 3.05123 1.94855e-05 -0.0291512 0.0457279 -1.18174 -3.35505e-05 0.000349391 2.67161e-09 -6.55921e-09 -6.46928e-08 0.000138091
441.067 -1.91913e-07 1.5752e-07 0.55 8.81512e-11 -6.42101e-10 -3.20119e-08 1 -3.15966e-06 2.64131e-06 0.55 -2.44833e-07 -2.15624e-07 0.901744 0.43227 0.143902 1.15206 0.00261392 -0.00421115 0.0238027 -0.0305647 2.94636e-05 0.000112329 -1.17339e-07 -3.71286e-07 4.06529e-07 -0.000161779
441.724 1.49775e-07 4.87342e-08 0.55 4.29242e-10 1.21471e-09 2.50982e-08 1 5.20721e-06 -6.66693e-08 0.55 4.46249e-07 -5.77127e-07 0.836459 -0.548029 -5.21185 2.20635 4.96908e-06 -0.021031 -0.0500123 -2.72276 -1.58796e-05 0.00035352 2.42286e-10 -1.31585e-09 -3.3414e-10 6.24933e-05
442.37 4.34374e-07 -8.50254e-08 0.55 7.98504e-10 4.8148e-10 7.16717e-08 1 7.36668e-06 -4.16312e-06 0.55 1.90159e-07 -4.5387e-07 0.998217 0.0596976 -2.14634 3.70517 0.000124155 -0.0341267 -0.0111112 -7.7175 -0.000126393 0.000215107 -9.0342e-10 1.94348e-08 4.71758e-07 0.000338027
443.099 -1.58524e-08 -1.05071e-07 0.55 1.86104e-10 -4.54776e-10 -2.652e-09 1 -1.89138e-06 -2.17932e-06 0.55 -1.5252e-07 -2.45993e-07 0.749921 0.661528 2.21915 0.36128 -0.000226541 -0.00363031 0.0207694 -1.57886 -1.87775e-05 0.000140786 1.02307e-08 2.23375e-08 -8.48548e-09 0.000108393
443.775 -1.66992e-07 -1.29238e-07 0.55 1.17125e-09 6.46092e-11 -2.76256e-08 1 -1.31934e-06 -5.82645e-06 0.55 4.77787e-09 -6.8045e-07 0.986519 -0.163645 -0.590871 5.27557 4.80682e-05 -0.0499437 -0.00826802 3.55994 5.11469e-05 0.000324343 2.61156e-09 1.92181e-08 1.84663e-08 -0.000167861
444.489 1.41648e-07 4.97251e-09 0.55 3.81817e-10 3.64573e-10 2.33729e-08 1 2.90174e-06 -8.47232e-07 0.55 1.46327e-07 -2.48583e-07 0.987052 -0.160401 -3.05365 0.525606 -0.000775961 -0.0156191 -0.013793 -3.4685 -0.00010193 0.00011144 -9.68963e-09 -2.56379e-07 8.96747e-07 0.000111475
445.181 -6.64645e-08 8.73404e-08 0.55 -3.40671e-10 -1.15718e-09 -1.1172e-08 1 -4.80808e-06 2.32222e-06 0.55 -5.87783e-07 -4.05978e-07 0.624837 0.780755 5.42378 -1.29145 4.89827e-06 0.01226 0.0520209 2.79085 1.60619e-05 0.000348246 2.28985e-10 -1.28975e-09 3.30367e-10 -6.29698e-05
445.875 -4.65104e-07 1.38404e-07 0.55 4.15146e-10 -8.63929e-10 -7.6887e-08 1 -8.09094e-06 2.13014e-06 0.55 -3.15774e-07 -3.38158e-07 0.97259 0.232528 -2.29567 4.85623 0.00215948 -0.0195654 0.0233586 9.74303 -6.48336e-05 0.000194637 -5.71211e-08 1.21571e-07 2.59327e-06 -0.000551404
446.538 -1.65361e-08 -8.34467e-08 0.55 8.81779e-10 1.03962e-10 -2.82153e-09 1 1.45582e-06 -2.33819e-06 0.55 -1.89741e-07 -4.91454e-07 0.877281 -0.479976 -1.69841 1.41782 0.002046 -0.0393389 -0.00908105 1.01309 1.95345e-05 0.000136571 -1.0707e-07 -3.41647e-07 1.26195e-06 -7.17033e-05
447.208 2.37501e-07 -2.42774e-07 0.55 1.0623e-09 -1.42635e-10 3.94495e-08 1 5.60032e-07 -7.59628e-06 0.55 -8.93065e-09 -6.24104e-07 0.950122 0.311879 3.48862 3.23314 -0.000857829 -0.043092 0.0168992 -6.42544 -9.36545e-05 0.000280458 -1.51887e-08 -6.47021e-08 2.45924e-07 0.000219126
447.89 -4.17661e-08 1.63374e-08 0.55 1.25986e-10 -4.32192e-10 -7.0228e-09 1 -1.79283e-06 -2.68957e-08 0.55 -1.55496e-07 -2.0552e-07 0.818975 0.57383 0.857626 5.01628 0.000914549 -0.00987549 0.0151897 4.65018 -0.000109659 0.000139624 4.39006e-10 2.46762e-07 1.88407e-06 -0.000253628
448.595 9.44558e-08 -7.47853e-08 0.55 9.2171e-10 8.93672e-10 1.55953e-08 1 4.65839e-06 -3.4095e-06 0.55 2.98646e-07 -6.89152e-07 0.916328 -0.400428 -3.97198 4.26605 5.12522e-06 -0.0408067 -0.0381688 -0.42095 7.4666e-06 0.000364855 2.72161e-10 -1.30043e-09 1.32259e-10 -2.23412e-05
449.248 3.76825e-07 4.0275e-09 0.55 5.57064e-10 5.18245e-10 6.21597e-08 1 6.94286e-06 -1.47721e-06 0.55 1.90752e-07 -3.40284e-07 0.99856 -0.0536383 -6.29777 1.61414 -0.000541201 -0.0236096 -0.01419 -7.2612 -0.000224351 0.000160082 7.23843e-09 -8.71255e-08 2.30048e-06 0.000232081
449.969 -5.22507e-08 -1.34421e-07 0.55 -1.32581e-09 -1.99294e-10 -8.86996e-09 1 -2.06204e-06 -2.4544e-06 0.55 -7.13838e-07 5.07605e-07 0.668131 0.744044 2.37842 0.241159 -0.00348706 0.0816848 0.00119921 -1.78975 -3.04912e-05 0.000147465 7.47149e-08 3.28745e-07 -5.75511e-07 0.000112337
450.653 -3.66284e-07 -5.86563e-08 0.55 1.02905e-09 -4.61798e-10 -6.04201e-08 1 -6.55358e-06 -4.18272e-06 0.55 -1.72204e-07 -5.9985e-07 0.999978 -0.00660076 1.38756 4.58185 4.61326e-05 -0.04398 0.0127001 6.37951 8.20923e-05 0.000287442 -1.38271e-09 -1.26533e-09 -2.38257e-08 -0.000290365
451.309 1.63859e-08 -3.28469e-08 0.55 3.72595e-10 2.33892e-10 2.68265e-09 1 1.26414e-06 -1.52191e-06 0.55 6.66018e-08 -2.51434e-07 0.949417 -0.314019 -3.25111 0.444302 -0.00130686 -0.0155284 -0.0126189 1.4661 -5.55697e-05 0.000137121 6.18667e-08 1.31611e-07 1.05995e-06 -0.000135191
452.02 -7.55502e-08 -5.78439e-08 0.55 3.39451e-10 -1.21295e-09 -1.27158e-08 1 -5.05168e-06 -1.75572e-06 0.55 -4.53719e-07 -5.83765e-07 0.770668 0.637237 5.52598 1.57353 5.42025e-06 -0.0152081 0.0529386 0.435435 -1.29172e-05 0.000359864 2.45263e-10 -1.37228e-09 -6.56589e-11 4.23643e-05
452.681 -3.08569e-07 1.66481e-07 0.55 1.74365e-10 -7.58843e-10 -5.1271e-08 1 -4.82254e-06 3.20104e-06 0.55 -2.76321e-07 -2.44792e-07 0.925198 0.379484 5.34823 -0.256036 -0.00192503 -0.00945397 0.0251683 6.30645 0.000153943 0.000192614 1.37518e-07 5.29645e-07 -1.30884e-06 -0.000212674
453.38 -1.09806e-08 -1.02869e-07 0.55 -7.98634e-09 3.05183e-09 -1.68039e-09 1 1.75762e-06 -2.54082e-06 0.55 4.46061e-06 3.10681e-06 0.836193 -0.548435 -2.03845 1.24291 -0.00393077 0.180238 -0.0694435 1.15494 2.33811e-05 0.000147181 2.12985e-07 1.26262e-06 -9.77843e-06 -8.2962e-05
454.102 2.76113e-07 -2.36441e-07 0.55 1.05552e-09 -5.94346e-11 4.58035e-08 1 1.43779e-06 -7.65608e-06 0.55 1.944e-08 -6.14196e-07 0.956502 0.291727 -0.187191 4.79806 0.000820807 -0.0432347 0.0114361 -6.38555 -0.00012694 0.000264345 -5.80084e-08 -2.33703e-07 6.24565e-07 0.000296908
454.787 7.34427e-09 -8.93948e-08 0.55 2.16734e-10 -3.33669e-10 1.28862e-09 1 -1.4749e-06 -2.10466e-06 0.55 -1.14575e-07 -2.14153e-07 0.81045 0.585808 1.75437 0.776797 -1.76165e-06 -0.00747432 0.0167705 -0.642546 -1.47485e-05 0.000119052 2.27585e-10 1.08764e-09 1.33381e-11 5.45142e-05
455.512 4.68879e-08 -9.83085e-08 0.55 9.68249e-10 6.98587e-10 7.67862e-09 1 3.68157e-06 -4.09395e-06 0.55 2.26964e-07 -6.65078e-07 0.93508 -0.354436 -3.33246 4.32835 4.92381e-06 -0.0414158 -0.0320428 0.240696 1.66022e-05 0.000341135 2.20752e-10 -1.20826e-09 4.49859e-11 -5.60817e-05
456.211 3.61997e-07 1.20639e-08 0.55 4.78531e-10 4.79208e-10 5.97161e-08 1 6.65462e-06 -1.08224e-06 0.55 1.71576e-07 -2.95796e-07 0.998138 -0.061003 -2.61836 1.86 0.000119121 -0.0208266 -0.013285 -5.81689 -5.68623e-05 0.000147579 -1.03709e-08 5.3117e-09 -1.65749e-07 0.000250303
456.936 -5.74551e-08 -1.10082e-07 0.55 3.56042e-09 -1.47944e-09 -9.74323e-09 1 -1.95792e-06 -1.93854e-06 0.55 1.14945e-06 -2.09563e-06 0.64405 0.764983 2.22409 -0.00338083 0.00423666 -0.116751 0.0621507 -1.36159 -2.59437e-05 0.000136583 -2.19888e-07 -8.75347e-07 -6.0569e-06 9.56171e-05
457.624 -4.61116e-07 4.0416e-08 0.55 6.98269e-10 -7.44669e-10 -7.60844e-08 1 -8.62038e-06 -9.86353e-07 0.55 -2.7507e-07 -4.48468e-07 0.994066 0.108779 2.351 3.15491 -3.02146e-07 -0.0302001 0.0227671 7.85949 9.66068e-05 0.000226256 3.16098e-10 3.69966e-10 1.64615e-08 -0.000349576
458.34 -2.63711e-08 -6.76527e-08 0.55 3.57882e-10 1.68634e-10 -4.42219e-09 1 7.72819e-07 -2.09686e-06 0.55 3.92823e-08 -2.30769e-07 0.934133 -0.356924 -1.02855 1.52855 -3.80586e-05 -0.014239 -0.0100937 1.14117 1.87183e-05 0.000113379 2.11878e-09 6.32142e-09 -2.02837e-08 -6.90165e-05
459.006 5.47818e-08 -1.97732e-07 0.55 8.72918e-10 -6.68404e-10 9.26957e-09 1 -3.23194e-06 -5.80606e-06 0.55 -2.05772e-07 -6.33969e-07 0.888183 0.459489 3.48201 3.87172 0.00013064 -0.0357578 0.0344314 -2.7467 -5.65075e-05 0.00031979 -4.29769e-09 -3.87297e-09 9.06189e-08 0.000178049
459.592 -2.00632e-08 -1.81779e-08 0.55 1.32245e-10 -4.1064e-10 -3.35943e-09 1 -1.6811e-06 -7.38798e-07 0.55 -1.57939e-07 -2.03885e-07 0.815037 0.579409 2.71462 -0.573583 -0.000899548 -0.00542843 0.0190964 0.757318 2.71053e-05 0.000113252 7.41149e-10 -1.74483e-07 -3.36547e-07 -1.01789e-05
460.242 1.04185e-08 -1.19538e-07 0.55 1.12083e-09 5.93202e-10 1.62701e-09 1 3.04004e-06 -5.00678e-06 0.55 1.88132e-07 -7.22271e-07 0.952712 -0.303876 -2.79381 5.06811 5.25698e-06 -0.0485139 -0.0269046 1.07384 2.29999e-05 0.000362595 2.96079e-10 -1.18166e-09 6.69106e-10 -7.89638e-05
460.882 5.4533e-07 -2.78222e-08 0.55 1.08287e-09 7.72542e-10 8.99495e-08 1 1.00622e-05 -3.67726e-06 0.55 2.8903e-07 -6.47185e-07 0.999455 -0.0330234 -2.53367 4.82875 -0.000293278 -0.0459428 -0.0193933 -12.4605 -0.000141838 0.000314216 1.58269e-08 3.49825e-08 2.50322e-07 0.000573873
461.489 -5.36463e-08 -1.25849e-07 0.55 -1.86266e-10 -7.95753e-10 -9.09283e-09 1 -2.91025e-06 -2.34103e-06 0.55 -4.39558e-07 -2.29517e-07 0.69427 0.719715 3.36403 0.152867 0.000275915 0.0251132 0.0330577 -1.62452 -2.94675e-05 0.00021076 2.45876e-07 7.58072e-07 5.0959e-06 0.000107834
462.147 -2.03171e-07 -1.28845e-07 0.55 1.2157e-09 -1.83831e-11 -3.35832e-08 1 -2.16878e-06 -6.00433e-06 0.55 -2.45529e-08 -7.01388e-07 0.990085 -0.140472 -2.21133 4.95108 -0.000277552 -0.0514887 -0.00574731 5.04402 9.98352e-06 0.000333607 8.75829e-09 -2.27375e-09 7.85334e-07 -0.000289778
462.796 1.25124e-07 4.62832e-09 0.55 3.77351e-10 3.1622e-10 2.06601e-08 1 2.68799e-06 -5.89885e-07 0.55 1.02034e-07 -2.47727e-07 0.972204 -0.234134 -1.84903 0.953396 -0.000705984 -0.015403 -0.0118658 -1.57085 -9.38259e-05 0.000136257 3.52381e-08 1.0443e-07 1.13399e-06 4.67876e-05
463.47 -8.25033e-08 -3.21786e-09 0.55 8.55425e-11 -1.27356e-09 -1.39594e-08 1 -5.10878e-06 -2.27399e-07 0.55 -5.20042e-07 -5.3328e-07 0.720701 0.693246 5.75722 0.652086 5.36521e-06 -0.00638245 0.0551756 1.28464 -5.27292e-06 0.00036225 2.4131e-10 -1.41823e-09 -5.87115e-11 1.44715e-05
464.132 -4.05946e-07 1.8405e-07 0.55 2.63277e-10 -8.78673e-10 -6.73063e-08 1 -6.50314e-06 3.50972e-06 0.55 -3.17208e-07 -2.9495e-07 0.943683 0.330852 -1.8388 5.26082 0.00272105 -0.01478 0.0228929 9.43326 -8.24138e-05 0.000179183 -8.5408e-08 5.55743e-08 2.65825e-06 -0.00053321
464.793 -2.57118e-09 -8.63812e-08 0.55 1.32267e-09 2.84105e-10 -4.85423e-10 1 1.86226e-06 -2.29793e-06 0.55 -2.57979e-07 -7.82379e-07 0.846775 -0.531951 -2.06974 1.41071 -0.0045462 0.195606 -0.103327 0.914648 2.31677e-05 0.000153723 2.36866e-07 4.79196e-07 -1.1177e-05 -7.10458e-05
465.447 3.23254e-07 -2.26461e-07 0.55 1.07805e-09 4.71773e-11 5.35372e-08 1 2.74523e-06 -7.64087e-06 0.55 5.19698e-08 -6.15096e-07 0.968306 0.249766 6.08992 1.3108 -0.00123266 -0.0418589 0.0140906 -11.2068 -0.000110413 0.000287787 -2.07297e-09 3.34713e-08 4.29443e-07 0.000210075
466.128 5.53152e-08 -2.425e-07 0.55 4.23004e-10 -1.88773e-10 9.44443e-09 1 -1.10576e-06 -5.01525e-06 0.55 -1.45238e-08 -2.52019e-07 0.79422 0.60763 1.44566 1.29776 5.89548e-06 -0.0125948 0.0138116 -3.90889 -5.70765e-05 0.000107224 -2.39859e-10 -9.12219e-10 -6.35321e-09 0.000208709
466.819 3.82132e-07 -2.24815e-07 0.55 2.50146e-10 5.19033e-10 6.33727e-08 1 4.6851e-06 -5.57583e-06 0.55 2.11654e-07 -6.43351e-08 0.946409 0.322971 -1.16309 0.910847 -1.56904e-06 -0.00869774 -0.0111692 -7.26281 -9.23655e-05 8.77953e-07 1.24298e-10 3.92548e-10 -1.13992e-10 0.000336485
467.5 -2.06267e-09 -9.23822e-08 0.55 1.74544e-10 -2.54979e-10 -3.1668e-10 1 -1.15224e-06 -1.90748e-06 0.55 -7.38755e-08 -1.64171e-07 0.755116 0.655591 1.26872 0.572572 1.17492e-06 -0.0055173 0.0121493 -1.36024 -2.28809e-05 8.39718e-05 -3.3998e-11 -3.12901e-10 -1.02652e-10 8.28322e-05
468.142 3.8631e-10 -1.30291e-07 0.55 1.84728e-10 -4.89882e-11 7.04835e-11 1 -2.00387e-07 -2.51102e-06 0.55 3.02066e-08 -7.54806e-08 0.714044 0.700101 0.258929 0.49674 7.90439e-09 -0.0047672 0.00247007 -2.24717 -3.08289e-05 1.66246e-05 4.90573e-12 -5.83132e-12 -1.09274e-10 0.000112358
468.757 5.11359e-08 -1.66651e-07 0.55 2.2873e-10 1.05664e-10 8.70075e-09 1 1.82115e-07 -3.28426e-06 0.55 7.77867e-08 -5.78758e-08 0.783201 0.621768 -0.144679 0.635308 -3.07498e-07 -0.00608438 -0.00140181 -3.10213 -4.07394e-05 2.96821e-07 2.4967e-11 8.15353e-11 -5.11242e-11 0.000148414
469.362 -7.22237e-09 -5.5443e-08 0.55 7.4027e-11 -6.39809e-11 -1.23045e-09 1 -2.3258e-07 -1.05876e-06 0.55 -2.02185e-09 -4.52996e-08 0.682692 0.730706 0.258784 0.209365 2.04521e-07 -0.00201211 0.00247599 -0.978697 -1.39776e-05 1.54216e-05 -9.7621e-12 -5.65263e-11 -2.09217e-11 5.08808e-05
470.043 -1.23599e-08 -5.74544e-08 0.55 7.46524e-11 -3.8433e-11 -2.10888e-09 1 -8.15336e-08 -1.11143e-06 0.55 1.51671e-08 -3.05406e-08 0.645359 0.76388 0.09572 0.20543 3.49145e-08 -0.00197056 0.000912738 -1.00166 -1.36742e-05 3.71814e-06 -1.05784e-12 -7.8349e-12 -1.02774e-11 4.98205e-05
470.702 -5.28525e-09 -7.6901e-08 0.55 1.06445e-10 -1.33042e-11 -9.06356e-10 1 -1.25042e-08 -1.48164e-06 0.55 2.95809e-08 -3.23837e-08 0.68314 0.730287 0.0211553 0.294087 -6.12166e-08 -0.00281862 0.000195892 -1.37995 -1.84353e-05 1.25615e-07 4.97657e-12 1.59438e-11 -2.3144e-11 6.716e-05
471.379 -4.87626e-09 -1.36054e-08 0.55 1.48369e-11 -2.09265e-11 -8.28523e-10 1 -6.53398e-08 -2.59693e-07 0.55 -1.11135e-09 -1.10447e-08 0.618912 0.785461 0.0692123 0.0418797 5.21211e-08 -0.000402787 0.000662484 -0.247022 -3.54055e-06 3.61249e-06 -2.8194e-12 -1.41516e-11 -1.63717e-12 1.28942e-05
472.055 -8.75861e-09 -2.98986e-08 0.55 3.81473e-11 -2.0363e-11 -1.49091e-09 1 -3.67647e-08 -5.85804e-07 0.55 9.46676e-09 -1.46744e-08 0.620087 0.784533 0.0358295 0.109707 -2.19769e-09 -0.00105212 0.000340877 -0.530761 -7.28252e-06 5.69852e-07 3.54186e-13 3.9763e-13 -1.14506e-11 2.65306e-05
