19.989 3.36552e-37 0 0.55 5.57349e-38 -5.28111e-39 5.55776e-38 1 0 0 0.55 2.70074e-35 -2.40149e-35 0.587528 0.809204 -7.80433e-29 -2.74639e-28 3.31188e-32 -3.12771e-30 4.13438e-31 -1.96934e-29 1.56109e-32 2.08347e-33 -4.49151e-36 -2.89108e-35 -8.8153e-35 1.9895e-33
20.524 -1.9599e-36 0 0.55 5.95279e-38 -6.59348e-39 -3.23645e-37 1 0 0 0.55 2.70863e-35 -2.42466e-35 0.587528 0.809204 1.36549e-28 4.5289e-28 -3.31188e-32 -2.2998e-30 1.26514e-31 3.57824e-29 1.56109e-32 2.08347e-33 -4.49151e-36 -2.89108e-35 -8.8153e-35 1.9895e-33
21.03 -1.9599e-36 0 0.55 5.95279e-38 -6.59348e-39 -3.23645e-37 1 0 0 0.55 2.70863e-35 -2.42466e-35 0.587528 0.809204 1.36549e-28 4.5289e-28 -3.31188e-32 -2.2998e-30 1.26514e-31 3.57824e-29 -1.52229e-32 5.93361e-37 4.49151e-36 2.89108e-35 8.8153e-35 -3.39216e-33
21.521 3.36552e-37 0 0.55 5.57349e-38 -5.28111e-39 5.55776e-38 1 0 0 0.55 2.70074e-35 -2.40149e-35 0.587528 0.809204 1.36549e-28 4.5289e-28 -3.31188e-32 -2.2998e-30 1.26514e-31 3.57824e-29 -1.52229e-32 5.93361e-37 4.49151e-36 2.89108e-35 8.8153e-35 -3.39216e-33
22.026 -1.9599e-36 0 0.55 5.95279e-38 -6.59348e-39 -3.23645e-37 1 0 0 0.55 2.70863e-35 -2.42466e-35 0.587528 0.809204 1.36549e-28 4.5289e-28 -3.31188e-32 -2.2998e-30 1.26514e-31 3.57824e-29 -1.52229e-32 5.93361e-37 4.49151e-36 2.89108e-35 8.8153e-35 -3.39216e-33
22.548 -1.9599e-36 0 0.55 5.95279e-38 -6.59348e-39 -3.23645e-37 1 0 0 0.55 2.70863e-35 -2.42466e-35 0.587528 0.809204 -7.80433e-29 -2.74639e-28 3.31188e-32 -3.12771e-30 4.13438e-31 -1.96934e-29 1.56109e-32 2.08347e-33 -4.49151e-36 -2.89108e-35 -8.8153e-35 1.9895e-33
23.066 -1.9599e-36 0 0.55 5.95279e-38 -6.59348e-39 -3.23645e-37 1 0 0 0.55 2.70863e-35 -2.42466e-35 0.587528 0.809204 1.36549e-28 4.5289e-28 -3.31188e-32 -2.2998e-30 1.26514e-31 3.57824e-29 -1.52229e-32 5.93361e-37 4.49151e-36 2.89108e-35 8.8153e-35 -3.39216e-33
23.524 -1.9599e-36 0 0.55 5.95279e-38 -6.59348e-39 -3.23645e-37 1 0 0 0.55 2.70863e-35 -2.42466e-35 0.587528 0.809204 -7.80433e-29 -2.74639e-28 3.31188e-32 -3.12771e-30 4.13438e-31 -1.96934e-29 1.56109e-32 2.08347e-33 -4.49151e-36 -2.89108e-35 -8.8153e-35 1.9895e-33
24.012 -1.9599e-36 0 0.55 5.95279e-38 -6.59348e-39 -3.23645e-37 1 0 0 0.55 2.70863e-35 -2.42466e-35 0.587528 0.809204 1.36549e-28 4.5289e-28 -3.31188e-32 -2.2998e-30 1.26514e-31 3.57824e-29 -1.52229e-32 5.93361e-37 4.49151e-36 2.89108e-35 8.8153e-35 -3.39216e-33
24.484 -1.9599e-36 0 0.55 5.95279e-38 -6.59348e-39 -3.23645e-37 1 0 0 0.55 2.70863e-35 -2.42466e-35 0.587528 0.809204 1.36549e-28 4.5289e-28 -3.31188e-32 -2.2998e-30 1.26514e-31 3.57824e-29 -1.52229e-32 5.93361e-37 4.49151e-36 2.89108e-35 8.8153e-35 -3.39216e-33
24.96 -1.9599e-36 0 0.55 5.95279e-38 -6.59348e-39 -3.23645e-37 1 0 0 0.55 2.70863e-35 -2.42466e-35 0.587528 0.809204 -7.80433e-29 -2.74639e-28 3.31188e-32 -3.12771e-30 4.13438e-31 -1.96934e-29 1.56109e-32 2.08347e-33 -4.49151e-36 -2.89108e-35 -8.8153e-35 1.9895e-33
25.406 -1.9599e-36 0 0.55 5.95279e-38 -6.59348e-39 -3.23645e-37 1 0 0 0.55 2.70863e-35 -2.42466e-35 0.587528 0.809204 1.36549e-28 4.5289e-28 -3.31188e-32 -2.2998e-30 1.26514e-31 3.57824e-29 -1.52229e-32 5.93361e-37 4.49151e-36 2.89108e-35 8.8153e-35 -3.39216e-33
25.927 3.36552e-37 0 0.55 5.57349e-38 -5.28111e-39 5.55776e-38 1 0 0 0.55 2.70074e-35 -2.40149e-35 0.587528 0.809204 1.36549e-28 4.5289e-28 -3.31188e-32 -2.2998e-30 1.26514e-31 3.57824e-29 -1.52229e-32 5.93361e-37 4.49151e-36 2.89108e-35 8.8153e-35 -3.39216e-33
26.469 3.36552e-37 0 0.55 5.57349e-38 -5.28111e-39 5.55776e-38 1 0 0 0.55 2.70074e-35 -2.40149e-35 0.587528 0.809204 1.36549e-28 4.5289e-28 -3.31188e-32 -2.2998e-30 1.26514e-31 3.57824e-29 -1.52229e-32 5.93361e-37 4.49151e-36 2.89108e-35 8.8153e-35 -3.39216e-33
26.956 7.05736e-11 2.0615e-10 0.55 -3.19217e-13 1.0334e-13 1.16539e-11 1 -3.416e-09 5.25086e-09 0.55 -8.22552e-11 1.12823e-10 0.587536 0.809198 -0.00043188 -0.00133964 8.33281e-09 8.39178e-06 -2.70954e-06 0.00405675 7.17689e-08 -3.58125e-11 -2.35241e-13 -6.32972e-14 -2.2888e-10 -1.9874e-07
27.381 4.73657e-10 1.38602e-09 0.55 -1.97006e-12 6.36574e-13 7.82157e-11 1 -9.94799e-08 6.0153e-08 0.55 -4.83771e-10 6.63052e-10 0.587752 0.809041 0.00207102 0.00672881 -1.67423e-07 4.04005e-05 -1.30234e-05 0.0334346 -1.20896e-09 -2.47755e-10 4.81541e-12 2.87138e-12 5.37463e-09 -1.6907e-06
27.872 1.404e-09 4.16146e-09 0.55 -5.69123e-12 1.8144e-12 2.31839e-10 1 -1.4436e-06 5.46563e-07 0.55 -1.36771e-09 1.86588e-09 0.589288 0.807923 0.00346994 0.0116104 -3.67316e-07 0.000126052 -4.00704e-05 0.0926818 2.31961e-07 1.69031e-09 1.05001e-11 6.56084e-12 1.21461e-08 -4.66629e-06
28.28 2.22593e-09 6.81724e-09 0.55 -9.39952e-12 2.89527e-12 3.67544e-10 1 -9.73239e-06 3.15716e-06 0.55 -2.28476e-09 3.0816e-09 0.59311 0.805121 -0.013424 -0.0437562 1.90494e-07 0.000235328 -7.22372e-05 0.116235 7.59988e-07 1.36732e-08 8.10754e-12 2.70884e-12 1.25813e-08 -6.04282e-06
28.69 2.50892e-09 8.23887e-09 0.55 -1.23421e-11 3.53009e-12 4.14226e-10 1 -4.90655e-05 1.43595e-05 0.55 -3.18973e-09 4.20331e-09 0.600866 0.79935 -0.00781808 -0.0270525 -2.50788e-08 0.000324429 -9.20955e-05 0.159784 3.4038e-06 4.80947e-08 -9.94543e-12 -3.89252e-12 -1.87602e-08 -7.52531e-06
29.153 2.75138e-09 1.04926e-08 0.55 -1.44953e-11 3.5292e-12 4.54167e-10 1 -0.000215954 5.39672e-05 0.55 -3.66484e-09 4.60903e-09 0.615804 0.787899 -0.0099435 -0.0404343 5.86132e-08 0.000384326 -9.25981e-05 0.182302 2.53314e-06 1.323e-07 -1.94825e-12 -8.11024e-14 -1.54724e-10 -8.9513e-06
29.671 1.9005e-09 9.92776e-09 0.55 -1.41051e-11 2.41113e-12 3.13618e-10 1 -0.000798399 0.000145013 0.55 -3.78975e-09 4.39227e-09 0.640908 0.767618 -0.0150172 -0.0859514 8.1128e-07 0.000437218 -7.29242e-05 0.0922614 3.36948e-06 2.87198e-07 -2.62139e-11 -2.73724e-11 -1.90009e-08 -4.19898e-06
30.157 4.18421e-10 3.98491e-09 0.55 -9.7451e-12 7.30655e-13 6.90272e-11 1 -0.00210303 0.000207176 0.55 -3.4223e-09 3.5533e-09 0.671565 0.740946 -0.011892 -0.130038 1.50106e-06 0.000429508 -3.11742e-05 0.0443094 4.39995e-06 4.63786e-07 -4.57238e-11 -4.15178e-11 -3.9831e-08 -1.44239e-06
30.638 1.7296e-11 7.40846e-09 0.55 -1.16532e-11 -3.28849e-13 2.84816e-12 1 -0.00453783 5.66428e-06 0.55 -3.73012e-09 3.42363e-09 0.706677 0.707536 0.00176107 0.150694 -2.32543e-06 0.00022286 1.48969e-05 0.233915 1.98068e-06 6.34002e-07 -2.66419e-12 4.61034e-13 -3.15899e-10 -5.51336e-06
31.072 -4.41929e-10 4.37361e-09 0.55 -9.76473e-12 -1.41858e-12 -7.28976e-11 1 -0.00799737 -0.000781017 0.55 -3.8136e-09 3.06073e-09 0.740678 0.67186 0.00299646 -0.0140804 1.51474e-07 0.000368372 5.73005e-05 -0.0382085 2.01961e-07 7.7648e-07 -1.09523e-11 -1.83625e-11 1.20349e-08 2.05793e-06
31.53 -1.03225e-09 4.61648e-09 0.55 -1.06852e-11 -2.92815e-12 -1.70298e-10 1 -0.0131039 -0.00280397 0.55 -4.55157e-09 3.16684e-09 0.777577 0.628788 0.0203666 -0.0855195 4.51849e-07 0.000390165 0.000113651 0.0977139 3.37804e-06 9.26642e-07 -1.01434e-11 -9.94968e-12 -2.10584e-08 -3.91947e-06
31.938 -2.70542e-09 7.80316e-09 0.55 -1.32898e-11 -5.25937e-12 -4.46455e-10 1 -0.0188979 -0.00625032 0.55 -5.49043e-09 3.33191e-09 0.810562 0.585653 0.0807861 -0.24171 2.35325e-06 0.000585365 0.000233364 -0.0414521 7.53062e-06 1.07167e-06 -6.47963e-11 -7.64784e-11 -8.79025e-08 5.26073e-06
32.429 -3.56751e-09 6.86204e-09 0.55 -1.58465e-11 -9.07268e-12 -5.88946e-10 1 -0.0271614 -0.0134469 0.55 -8.05387e-09 4.18634e-09 0.849613 0.527407 0.0523988 -0.0970142 5.86127e-07 0.000553127 0.000330935 0.114214 2.75935e-06 1.26913e-06 2.18218e-12 8.5488e-12 3.38811e-09 -4.41712e-06
32.925 -7.271e-09 9.82266e-09 0.55 -1.72806e-11 -1.39237e-11 -1.20051e-09 1 -0.0362334 -0.0254298 0.55 -9.33312e-09 3.82628e-09 0.887264 0.461262 0.0101895 -0.00356164 7.78877e-08 0.000739836 0.000600346 -0.088213 -2.75539e-07 1.49024e-06 -1.7164e-11 -3.67708e-12 4.37734e-08 4.62807e-06
33.361 -5.75136e-09 5.79813e-09 0.55 -1.55561e-11 -1.71323e-11 -9.49239e-10 1 -0.0437547 -0.0410404 0.55 -1.15277e-08 3.74274e-09 0.917639 0.397414 0.0636755 -0.0566188 -2.38517e-09 0.000609224 0.000685063 0.0892013 3.19321e-06 1.66304e-06 -1.2841e-12 2.21951e-12 5.98468e-09 -2.73151e-06
33.837 -6.37121e-09 4.63451e-09 0.55 -1.23533e-11 -1.9846e-11 -1.05038e-09 1 -0.0498184 -0.0645042 0.55 -1.22624e-08 2.6623e-09 0.946425 0.322925 0.0735164 -0.0433332 -2.09851e-07 0.000350327 0.000628944 0.246664 3.09755e-06 1.80849e-06 -2.43823e-11 -3.45156e-11 7.94136e-09 -1.03363e-06
34.328 2.67246e-09 -1.3375e-09 0.55 2.68537e-11 -8.53148e-12 4.40043e-10 1 -0.0463868 -0.0867544 0.55 -2.0416e-09 -1.32993e-08 0.970014 0.243048 0.120115 -0.0524074 0.000605075 -0.00136559 0.000520142 0.0385418 4.01491e-06 1.85735e-06 -2.66508e-08 -5.1961e-08 -6.62993e-08 1.31115e-06
34.833 1.05977e-09 -3.3045e-10 0.55 3.84066e-12 3.3694e-12 1.74395e-10 1 -0.0304202 -0.0918381 0.55 2.22221e-09 -1.93264e-09 0.987238 0.15925 0.618776 -0.196231 7.9101e-07 -0.000141168 -4.4972e-05 -0.0508668 1.83539e-05 1.82018e-06 3.1373e-11 -2.20132e-10 -3.05812e-07 1.8889e-05
35.288 7.73639e-09 -1.34389e-09 0.55 -4.64578e-10 8.21896e-11 1.27239e-09 1 -0.0168845 -0.0985101 0.55 2.57139e-08 2.16884e-07 0.9964 0.0847734 -0.0303597 0.0167936 -0.00404581 0.0113228 -0.00234397 -0.0842822 -1.52089e-06 1.72165e-06 1.95152e-07 4.80066e-07 -1.2065e-08 3.40006e-06
35.733 9.6337e-09 -1.15886e-09 0.55 1.52776e-11 1.06143e-11 1.58414e-09 1 -0.00301155 -0.0999547 0.55 4.52325e-09 -8.73587e-09 0.999887 0.0150602 -0.0942769 0.072057 1.03751e-05 -0.000662227 -0.000290213 -0.127807 -3.65788e-06 3.48937e-06 -3.01355e-10 3.4105e-10 2.96801e-08 3.9223e-06
36.151 5.65227e-09 -2.67452e-10 0.55 1.22831e-11 9.48597e-12 9.29503e-10 1 0.00925251 -0.0995711 0.55 4.30659e-09 -7.30773e-09 0.998927 -0.046312 -0.818587 -0.0244674 -3.5324e-05 -0.000436484 -0.00145333 0.452283 -2.02841e-05 2.64857e-06 4.1886e-10 -5.0197e-09 3.07467e-07 -4.38984e-05
36.646 1.10251e-08 1.90424e-09 0.55 7.69105e-12 1.52898e-11 1.81381e-09 1 0.0224135 -0.0974558 0.55 6.33231e-09 -5.43683e-09 0.993619 -0.112787 0.0535274 0.073978 -2.67126e-05 -0.00037729 -0.000344386 -0.253266 2.54169e-07 2.83861e-06 1.6147e-09 5.40345e-09 -4.36109e-08 1.42535e-05
37.093 1.07502e-08 3.7583e-09 0.55 3.79539e-12 1.60726e-11 1.7697e-09 1 0.0328509 -0.0944501 0.55 6.76839e-09 -3.90668e-09 0.986028 -0.166581 -0.0165536 0.0391835 2.49436e-05 -0.000231251 -0.000508711 -0.12921 -9.39842e-07 2.09742e-06 -6.13975e-10 1.39171e-09 -1.8654e-08 6.20465e-06
37.525 8.3006e-09 4.25519e-09 0.55 8.53595e-13 1.52588e-11 1.36753e-09 1 0.0415763 -0.0909473 0.55 6.93263e-09 -2.52316e-09 0.977106 -0.212752 -0.0581034 0.00727011 -8.46473e-06 -0.000114038 -0.000444621 -0.146103 -2.41149e-06 1.56594e-06 2.62258e-10 -7.40215e-11 5.78704e-09 5.90348e-06
37.962 1.34735e-08 7.87663e-09 0.55 -3.09248e-12 1.71727e-11 2.22071e-09 1 0.0490363 -0.0871518 0.55 6.88736e-09 -1.35364e-09 0.967347 -0.253457 -0.0540645 -0.00470459 -4.38243e-06 1.85709e-05 -0.000469262 -0.153682 -2.45797e-06 1.15555e-06 1.12471e-10 -2.0975e-10 2.55589e-09 6.34338e-06
38.432 8.18e-09 5.35806e-09 0.55 -5.81659e-12 1.5968e-11 1.34858e-09 1 0.0555416 -0.0831572 0.55 8.14595e-09 1.95892e-10 0.956967 -0.290196 0.0376512 0.0383835 2.94996e-05 7.40199e-05 -0.000424504 -0.221794 1.59305e-08 6.24795e-07 -1.36975e-09 -3.12347e-09 -4.38858e-08 1.22604e-05
38.923 9.34676e-09 6.69243e-09 0.55 -8.6652e-12 1.48622e-11 1.53972e-09 1 0.0607052 -0.0794654 0.55 7.61206e-09 1.24437e-09 0.947275 -0.320422 -0.0493098 -0.0248284 4.66786e-07 0.000221585 -0.000449229 -0.171087 -2.73285e-06 5.01982e-07 -1.8738e-11 -2.40207e-11 1.1395e-09 7.22124e-06
39.366 9.63805e-09 7.53712e-09 0.55 -9.15512e-12 1.42652e-11 1.58784e-09 1 0.0639576 -0.0767519 0.55 7.20311e-09 1.28874e-09 0.940275 -0.340416 0.00598595 0.0188331 -2.7428e-07 0.000186739 -0.000371021 -0.20118 -8.76237e-07 4.21198e-07 1.17512e-11 -1.77593e-11 -2.7494e-08 1.03522e-05
39.809 8.50763e-09 7.0535e-09 0.55 -8.89891e-12 1.31954e-11 1.40169e-09 1 0.0658243 -0.0745739 0.55 6.86359e-09 1.28844e-09 0.93534 -0.353751 -0.0474562 -0.0286202 4.46715e-08 0.000229625 -0.000400441 -0.155503 -2.6393e-06 3.65158e-07 -2.05981e-12 -1.78088e-13 3.18848e-09 6.46529e-06
40.256 6.63096e-09 5.67857e-09 0.55 -7.20219e-12 1.0901e-11 1.09256e-09 1 0.0663351 -0.0728015 0.55 5.7567e-09 9.36927e-10 0.932516 -0.361129 -0.0473464 -0.0298915 9.40403e-08 0.000181312 -0.000334716 -0.151276 -2.62994e-06 3.35699e-07 -4.72703e-12 -3.1923e-12 7.59183e-09 6.2505e-06
40.726 4.69074e-09 4.05982e-09 0.55 -4.67751e-12 7.99123e-12 7.72936e-10 1 0.0655502 -0.0712091 0.55 4.1314e-09 3.41886e-10 0.931595 -0.363499 -0.0228731 -0.00786093 -1.68985e-08 0.000106065 -0.000247449 -0.0980695 -1.30413e-06 3.22165e-07 6.26941e-13 -2.42567e-12 -2.13065e-09 4.3261e-06
41.175 2.54519e-09 2.19007e-09 0.55 -1.76581e-12 4.76725e-12 4.19433e-10 1 0.0637924 -0.069715 0.55 2.31656e-09 -3.40479e-10 0.932135 -0.362112 -0.0209844 -0.00653261 2.35292e-08 3.10925e-05 -0.000163693 -0.04609 -8.82525e-07 3.15617e-07 -9.93983e-13 1.26808e-12 2.29873e-09 1.78043e-06
41.595 2.22184e-10 1.88722e-10 0.55 1.22813e-12 1.40303e-12 3.66189e-11 1 0.0615259 -0.0681169 0.55 4.75016e-10 -1.02169e-09 0.9333 -0.359098 -0.00651504 0.00640215 9.59988e-11 -5.96357e-05 -6.09543e-05 -0.00544654 -4.06958e-08 3.07658e-07 -2.52368e-15 -2.45123e-14 3.3698e-13 1.76503e-07
42.117 -2.22885e-09 -1.86261e-09 0.55 4.27551e-12 -2.16498e-12 -3.674e-10 1 0.0582562 -0.0655505 0.55 -1.43917e-09 -1.69604e-09 0.934738 -0.355337 0.00437126 0.0155163 1.09653e-10 -0.000146313 4.21809e-05 0.041186 6.88764e-07 2.91327e-07 -1.23819e-15 -7.77153e-15 1.21637e-12 -1.84338e-06
42.591 -2.93518e-09 -2.4367e-09 0.55 5.01344e-12 -3.16688e-12 -4.8392e-10 1 0.0551344 -0.0624486 0.55 -1.93076e-09 -1.81943e-09 0.935319 -0.353806 0.00732299 0.0174525 4.02255e-11 -0.00016486 7.02109e-05 0.0550704 8.83407e-07 2.74092e-07 1.94666e-15 4.62077e-15 1.30846e-12 -2.46096e-06
43.05 -2.0003e-09 -1.66698e-09 0.55 3.69083e-12 -1.80661e-12 -3.29857e-10 1 0.052041 -0.0587253 0.55 -1.15826e-09 -1.46274e-09 0.934991 -0.354672 0.00319404 0.0131784 7.1112e-11 -0.000124392 3.11133e-05 0.0380312 5.93356e-07 2.58784e-07 -6.95657e-16 -6.6547e-15 7.01174e-13 -1.73491e-06
43.472 -3.10525e-10 -2.61371e-10 0.55 1.43929e-12 5.91634e-13 -5.12178e-11 1 0.0490401 -0.0548033 0.55 1.45671e-10 -9.00671e-10 0.934132 -0.356929 -0.00392086 0.00620802 5.3147e-11 -5.82152e-05 -3.63637e-05 0.00578311 9.81113e-08 2.43974e-07 -8.24538e-16 -1.53551e-14 -1.01871e-13 -3.73006e-07
43.909 1.36728e-09 1.16418e-09 0.55 -7.95127e-13 2.90089e-12 2.25577e-10 1 0.0456234 -0.0504184 0.55 1.37835e-09 -3.49531e-10 0.933136 -0.359523 -0.0104087 -0.000406489 1.22011e-11 4.68265e-06 -9.79832e-05 -0.0266021 -4.07739e-07 2.24573e-07 8.27057e-17 -7.61226e-15 -7.97098e-13 1.10308e-06
44.349 2.21711e-09 1.90191e-09 0.55 -1.94046e-12 3.96185e-12 3.65882e-10 1 0.0417546 -0.0458173 0.55 1.92568e-09 -5.33008e-11 0.932501 -0.361167 -0.0131099 -0.00373297 -1.19319e-11 3.63799e-05 -0.000123767 -0.0439388 -6.49297e-07 2.02971e-07 2.14581e-15 3.27358e-15 -1.0063e-12 1.89205e-06
44.895 1.72258e-09 1.47677e-09 0.55 -1.32584e-12 3.04289e-12 2.84373e-10 1 0.036351 -0.0399285 0.55 1.4196e-09 -1.4329e-10 0.932592 -0.360931 -0.00999868 -0.00197869 -1.05007e-12 1.97106e-05 -9.44605e-05 -0.0351375 -4.87394e-07 1.76295e-07 4.60669e-18 -1.32309e-15 -5.76184e-13 1.53365e-06
45.383 3.11644e-10 2.65021e-10 0.55 4.18346e-13 8.92522e-13 5.14655e-11 1 0.0311017 -0.0344484 0.55 3.09071e-10 -4.74014e-10 0.933339 -0.358998 -0.00354601 0.00285596 -2.69168e-11 -2.64287e-05 -3.33188e-05 -0.00696636 -6.14471e-08 1.51262e-07 -7.28671e-17 -8.85719e-15 1.18026e-13 2.92769e-07
45.861 -1.04495e-09 -8.80406e-10 0.55 1.9803e-12 -1.09582e-12 -1.72624e-10 1 0.0257587 -0.0288016 0.55 -6.65024e-10 -7.44566e-10 0.93418 -0.356802 0.00205809 0.00682668 -4.63279e-11 -6.44823e-05 1.9914e-05 0.0205317 3.23701e-07 1.24618e-07 2.21932e-15 -4.77129e-15 6.15503e-13 -9.4303e-07
46.361 -1.62217e-09 -1.35965e-09 0.55 2.47544e-12 -1.92266e-12 -2.68083e-10 1 0.0200813 -0.0225749 0.55 -1.015e-09 -7.65173e-10 0.934657 -0.355552 0.0042799 0.00764062 -5.69434e-11 -7.25366e-05 4.10929e-05 0.0330951 4.71199e-07 9.52249e-08 2.35281e-15 7.49621e-16 6.76052e-13 -1.52411e-06
46.879 -1.09069e-09 -9.16321e-10 0.55 1.58892e-12 -1.19498e-12 -1.80324e-10 1 0.0141307 -0.0158529 0.55 -5.96769e-10 -4.86981e-10 0.934476 -0.356027 0.0023514 0.00473441 -5.80109e-11 -4.5058e-05 2.27561e-05 0.0231145 3.02299e-07 6.5798e-08 1.06995e-15 -2.08378e-15 2.96435e-13 -1.08288e-06
47.352 -4.49178e-11 -3.8006e-11 0.55 1.33649e-13 1.88372e-13 -7.42907e-12 1 0.00860674 -0.00959068 0.55 1.02106e-10 -1.08852e-10 0.933877 -0.357594 -0.0010965 0.00052917 -1.46141e-10 -5.008e-06 -1.01796e-05 0.00129087 -4.76458e-09 3.83567e-08 2.40663e-15 -3.41104e-15 -1.70014e-13 -8.31504e-08
47.847 8.91087e-10 7.5987e-10 0.55 -1.1363e-12 1.33141e-12 1.4744e-10 1 0.0027242 -0.00301342 0.55 6.46118e-10 2.18885e-10 0.933223 -0.359297 -0.00357078 -0.00290351 -9.15513e-11 2.78078e-05 -3.39854e-05 -0.0192017 -2.65592e-07 8.63707e-09 2.86375e-15 9.33258e-16 -4.59153e-13 8.76977e-07
