38.84 -4.3096e-10 1.84657e-10 0.55 -1.98384e-13 -5.71435e-13 -7.12888e-11 1 -6.2567e-09 4.66355e-09 0.55 -2.30907e-10 4.9804e-11 0.970073 0.242814 0.0013888 -0.000739078 2.58011e-11 7.05113e-06 1.33254e-05 0.0077761 9.83675e-08 2.10043e-11 9.90327e-16 -4.09288e-15 1.36528e-13 -3.58353e-07
39.583 -2.59684e-10 1.11193e-10 0.55 -1.19315e-13 -3.44372e-13 -4.29565e-11 1 -3.77131e-09 2.80788e-09 0.55 -1.39144e-10 2.98957e-11 0.970107 0.242678 0.000847915 -0.000450142 4.4756e-12 4.29434e-06 8.13525e-06 0.00474523 6.00252e-08 5.73348e-11 5.54087e-16 -2.09943e-15 6.3203e-14 -2.18673e-07
40.224 1.41592e-10 -6.05177e-11 0.55 6.5296e-14 1.87597e-13 2.34215e-11 1 2.05754e-09 -1.52908e-09 0.55 7.58184e-11 -1.65079e-11 0.970249 0.242109 -0.000440277 0.00023528 -1.16046e-11 -2.24485e-06 -4.22469e-06 -0.00246729 -3.25024e-08 9.06901e-11 -3.50373e-16 1.66496e-15 -5.95478e-14 1.18406e-07
40.817 3.40901e-10 -1.45418e-10 0.55 1.5627e-13 4.51882e-13 5.639e-11 1 4.95821e-09 -3.67313e-09 0.55 1.82588e-10 -3.92574e-11 0.970337 0.241758 -0.00109979 0.000582711 4.86769e-12 -5.55919e-06 -1.05522e-05 -0.00615222 -7.78216e-08 1.0587e-11 -1.92928e-16 3.69233e-15 -1.05533e-13 2.83505e-07
41.376 2.40634e-10 -1.02686e-10 0.55 1.1041e-13 3.18946e-13 3.98045e-11 1 3.49927e-09 -2.59392e-09 0.55 1.28876e-10 -2.77628e-11 0.970317 0.241836 -0.000783367 0.000415568 2.32719e-11 -3.96454e-06 -7.51601e-06 -0.00438331 -5.54467e-08 2.74464e-11 -1.09886e-15 1.98275e-15 -6.23984e-14 2.01993e-07
41.982 -4.78081e-11 2.04159e-11 0.55 -2.17669e-14 -6.34629e-14 -7.90824e-12 1 -6.95164e-10 5.15285e-10 0.55 -2.56359e-11 5.39592e-12 0.970218 0.242232 0.000148613 -7.78252e-05 1.85742e-11 7.4254e-07 1.42613e-06 0.00082929 1.04889e-08 5.92981e-11 -1.89066e-15 -1.17165e-15 2.78969e-14 -3.82102e-08
42.63 -2.55609e-10 1.09414e-10 0.55 -1.17561e-13 -3.38902e-13 -4.22823e-11 1 -3.71245e-09 2.76339e-09 0.55 -1.36943e-10 2.95203e-11 0.970132 0.242577 0.00082313 -0.000437649 -2.69535e-12 4.17534e-06 7.89782e-06 0.00460795 5.82898e-08 5.95972e-12 -9.06394e-16 -2.50114e-15 8.08009e-14 -2.1235e-07
43.225 -1.97341e-10 8.44615e-11 0.55 -9.07292e-14 -2.61648e-13 -3.26437e-11 1 -2.86635e-09 2.13312e-09 0.55 -1.05724e-10 2.27743e-11 0.970139 0.242549 0.000641717 -0.000341055 2.51403e-11 3.25369e-06 6.15699e-06 0.0035921 4.54392e-08 1.01011e-11 -5.74436e-16 -1.71562e-15 5.2278e-14 -1.65536e-07
43.762 -5.38995e-12 2.29314e-12 0.55 -2.35533e-15 -7.18746e-15 -8.9158e-13 1 -7.85594e-11 5.76907e-11 0.55 -2.89704e-12 5.47761e-13 0.970203 0.242292 1.76408e-05 -8.71299e-06 3.90682e-11 8.29823e-08 1.69047e-07 9.73117e-05 1.22986e-09 3.61774e-11 -4.25134e-16 1.02313e-16 -9.57266e-15 -4.48107e-09
44.362 1.75792e-10 -7.50706e-11 0.55 8.07038e-14 2.33025e-13 2.90788e-11 1 2.55563e-09 -1.89621e-09 0.55 9.41599e-11 -2.02852e-11 0.970275 0.242006 -0.000568817 0.000301908 -3.10088e-11 -2.88031e-06 -5.45776e-06 -0.00318312 -4.02652e-08 1.40363e-11 1.68861e-15 2.02624e-15 -5.85396e-14 1.46686e-07
44.994 1.75236e-10 -7.48145e-11 0.55 8.03996e-14 2.32292e-13 2.89867e-11 1 2.54781e-09 -1.88972e-09 0.55 9.38607e-11 -2.01983e-11 0.970286 0.24196 -0.000564356 0.000299312 6.04186e-11 -2.85549e-06 -5.41477e-06 -0.00315767 -4.03565e-08 4.94955e-12 -2.45737e-15 1.57177e-15 -4.88874e-14 1.4702e-07
45.585 2.45671e-11 -1.05037e-11 0.55 1.13467e-14 3.25373e-14 4.06379e-12 1 3.56931e-10 -2.65434e-10 0.55 1.31495e-11 -2.87523e-12 0.970238 0.242154 -8.01571e-05 4.29237e-05 -3.63218e-11 -4.09433e-07 -7.68942e-07 -0.000449419 -6.36815e-09 2.11572e-11 -4.91738e-16 -7.38578e-17 2.5377e-16 2.31997e-08
46.215 -1.29667e-10 5.54595e-11 0.55 -5.95745e-14 -1.71921e-13 -2.14492e-11 1 -1.88392e-09 1.4007e-09 0.55 -6.94682e-11 1.4954e-11 0.970178 0.242394 0.000415341 -0.00022055 6.18788e-11 2.10412e-06 3.98518e-06 0.00232448 2.94039e-08 7.43423e-12 -3.9602e-16 -1.50485e-15 4.35033e-14 -1.07119e-07
46.872 -1.36436e-10 5.8369e-11 0.55 -6.27196e-14 -1.80884e-13 -2.25688e-11 1 -1.98204e-09 1.47421e-09 0.55 -7.30902e-11 1.57518e-11 0.970166 0.242441 0.000442121 -0.000234967 -4.14204e-11 2.24165e-06 4.24198e-06 0.00247481 3.13057e-08 2.98398e-13 2.01278e-15 -1.05962e-15 3.80427e-14 -1.14047e-07
47.515 -1.01184e-11 4.32185e-12 0.55 -4.60571e-15 -1.34276e-14 -1.67375e-12 1 -1.47117e-10 1.09079e-10 0.55 -5.42286e-12 1.14155e-12 0.970207 0.242277 3.49709e-05 -1.83444e-05 -8.81341e-12 1.74939e-07 3.35414e-07 0.000195236 2.46925e-09 1.24908e-11 -2.8408e-16 3.49994e-17 -3.39241e-15 -8.99591e-09
48.215 1.10342e-10 -4.71349e-11 0.55 5.06589e-14 1.46273e-13 1.82522e-11 1 1.60393e-09 -1.19055e-09 0.55 5.91052e-11 -1.27279e-11 0.970255 0.242086 -0.000355293 0.000188571 -6.74241e-12 -1.79904e-06 -3.409e-06 -0.00198822 -2.51502e-08 4.26944e-12 7.9681e-16 1.18067e-15 -3.57886e-14 9.16223e-08
48.837 9.73287e-11 -4.15741e-11 0.55 4.46784e-14 1.29022e-13 1.60997e-11 1 1.4148e-09 -1.05009e-09 0.55 5.21333e-11 -1.12243e-11 0.970257 0.242077 -0.000317929 0.00016871 6.3286e-11 -1.60954e-06 -3.05039e-06 -0.00177908 -2.25045e-08 2.70567e-12 -2.71973e-15 7.23771e-16 -2.66755e-14 8.19844e-08
49.538 -1.49009e-11 6.36674e-12 0.55 -6.82116e-15 -1.9766e-14 -2.46486e-12 1 -2.16598e-10 1.60763e-10 0.55 -7.98633e-12 1.70463e-12 0.970219 0.242229 4.54527e-05 -2.40006e-05 -1.04513e-11 2.2902e-07 4.36191e-07 0.000254071 3.21378e-09 7.19832e-12 -5.83987e-16 -2.40946e-16 9.18836e-15 -1.17075e-08
50.196 -8.93533e-11 3.82117e-11 0.55 -4.10604e-14 -1.18462e-13 -1.47805e-11 1 -1.29826e-09 9.65116e-10 0.55 -4.78674e-11 1.03125e-11 0.970188 0.242352 0.000287502 -0.000152726 -1.93247e-11 1.45707e-06 2.75853e-06 0.00160916 2.03554e-08 1.49531e-13 9.51799e-16 -8.25841e-16 2.82412e-14 -7.41549e-08
50.922 -1.72502e-09 7.31397e-10 0.55 -7.48656e-13 -2.19836e-12 -2.85342e-10 1 -2.50803e-08 1.85656e-08 0.55 -8.63582e-10 1.84015e-10 0.970204 0.242288 -0.00652737 0.00263809 7.18647e-06 2.44178e-05 4.49653e-05 0.0249077 -4.01769e-08 -2.3103e-08 -2.75562e-10 -2.79411e-10 5.82846e-09 -1.38874e-06
51.588 -1.4863e-08 6.37075e-09 0.55 -6.3886e-12 -1.93762e-11 -2.45841e-09 1 -2.17766e-07 1.58147e-07 0.55 -7.68802e-09 1.50365e-09 0.971428 0.237334 0.0159417 -0.019784 6.73829e-05 0.000199221 0.000434174 0.244312 1.72736e-06 1.23126e-07 -2.16367e-10 1.2242e-09 1.85749e-08 -8.75344e-06
52.208 -2.62438e-08 9.65282e-09 0.55 -9.62582e-12 -3.85936e-11 -4.33793e-09 1 -4.05565e-07 2.37011e-07 0.55 -1.6361e-08 1.70987e-09 0.977785 0.209612 0.100171 -0.0400559 5.42535e-06 0.000337533 0.000991085 0.527206 6.69293e-06 4.58583e-07 -5.28677e-10 -2.56918e-09 4.6185e-10 -2.4205e-05
52.829 -3.2641e-08 6.96509e-09 0.55 1.71198e-12 -4.4155e-11 -5.38843e-09 1 -5.57637e-07 1.5775e-07 0.55 -1.73557e-08 -3.69613e-09 0.990548 0.137168 -0.127579 0.0891132 3.96619e-05 -0.000156256 0.000961101 0.664187 8.4552e-08 2.98749e-06 -8.5982e-10 3.65662e-09 1.1201e-07 -3.60908e-05
53.528 -1.09618e-08 -1.10945e-09 0.55 1.94623e-11 -1.51294e-11 -1.8082e-09 1 -1.96319e-07 -7.72441e-08 0.55 -6.24585e-09 -1.13044e-08 1 -0.00016873 0.283423 0.086395 -1.38742e-06 -0.000838946 0.000396542 0.254296 1.00029e-05 5.47679e-06 7.1753e-11 -4.66025e-11 -1.13515e-07 -6.72067e-06
54.168 4.96917e-09 8.05325e-12 0.55 1.99829e-11 1.44351e-12 8.19767e-10 1 1.03057e-07 -4.1636e-08 0.55 -2.25857e-09 -1.16756e-08 0.989696 -0.143187 0.484601 0.222728 0.00013762 -0.00131773 0.00162842 -0.129993 1.46944e-05 5.06305e-06 -4.80419e-09 -2.89351e-09 -1.51027e-07 1.71034e-05
54.893 4.91762e-08 2.35849e-08 0.55 -1.86085e-11 6.75162e-11 8.14198e-09 1 6.84271e-07 5.80105e-07 0.55 2.65055e-08 1.9918e-09 0.960512 -0.27824 -0.212411 -0.0727116 -2.64454e-06 0.000582823 -0.00161782 -0.820724 -1.18966e-05 2.76585e-06 1.00691e-09 6.57362e-09 2.00244e-08 3.65231e-05
55.576 8.23308e-08 4.69278e-08 0.55 -5.2351e-11 1.1429e-10 1.36487e-08 1 1.03952e-06 1.15604e-06 0.55 4.72006e-08 1.29052e-08 0.950026 -0.312169 0.0183927 0.0746714 0.000208176 0.00159501 -0.00216797 -1.77616 -1.00399e-05 1.78e-06 -3.73978e-09 2.29433e-08 -1.61006e-07 8.95887e-05
56.309 7.6649e-08 2.05236e-08 0.55 1.34632e-11 1.11607e-10 1.26595e-08 1 1.28807e-06 4.30147e-07 0.55 4.36458e-08 -1.70444e-08 0.984823 -0.173562 0.270422 0.342291 0.000126983 -0.000882422 -0.00247403 -1.69715 -2.05865e-07 1.28328e-05 -1.06103e-09 2.31991e-08 -2.72977e-07 9.14367e-05
56.952 -5.43692e-09 -3.57573e-09 0.55 6.85297e-11 -1.53424e-11 -8.95667e-10 1 -1.36083e-07 -2.58537e-07 0.55 -5.3496e-09 -4.02623e-08 0.997008 0.0772995 0.125319 0.296399 -2.75561e-05 -0.00295722 0.000583146 0.11819 2.99806e-06 1.96216e-05 6.73506e-10 -1.55103e-09 -3.05604e-08 -3.60442e-06
57.66 -9.208e-08 5.34903e-08 0.55 -3.90223e-11 -1.40103e-10 -1.52732e-08 1 -1.17499e-06 1.27463e-06 0.55 -5.57009e-08 7.55575e-11 0.943645 0.330959 0.29771 -0.0976648 3.2329e-05 0.0010896 0.00328389 1.85489 2.17712e-05 8.17546e-06 2.12314e-09 1.50014e-09 -1.05039e-09 -7.89852e-05
58.329 -1.82326e-08 1.55377e-08 0.55 -1.42057e-11 -2.88256e-11 -3.03987e-09 1 -1.78563e-07 3.55265e-07 0.55 -1.13567e-08 1.78604e-09 0.904582 0.426299 0.0693699 -0.0582876 1.00582e-06 0.000408199 0.000590564 0.403359 5.34228e-06 1.12254e-06 -2.6415e-10 -1.74358e-09 -8.07782e-09 -1.85699e-05
58.9 -2.53335e-08 2.64378e-08 0.55 -3.1169e-11 -3.98152e-11 -4.2368e-09 1 -2.01148e-07 5.92431e-07 0.55 -1.71897e-08 7.3958e-09 0.885341 0.464943 0.0745573 -0.0995412 5.37833e-07 0.00095973 0.000703623 0.604649 7.77089e-06 2.38017e-07 8.80222e-11 7.67177e-10 -3.26212e-11 -2.83095e-05
59.541 -2.53348e-08 2.59621e-08 0.55 -3.00107e-11 -3.98756e-11 -4.23564e-09 1 -2.06339e-07 5.82238e-07 0.55 -1.7057e-08 6.88781e-09 0.887625 0.460568 0.0910472 -0.140457 -3.1803e-05 0.000967898 0.000752402 0.557301 7.71287e-06 2.97679e-07 1.87185e-12 5.87897e-12 2.20084e-10 -2.80998e-05
60.054 -1.95792e-08 1.68224e-08 0.55 -1.68052e-11 -3.28905e-11 -3.26369e-09 1 -1.95932e-07 3.79588e-07 0.55 -1.37384e-08 2.15311e-09 0.907374 0.420325 0.0157178 -0.0246093 1.35863e-05 0.000529424 0.000693308 0.423306 5.21581e-06 1.07971e-06 -1.86389e-09 -5.69303e-09 5.6319e-09 -2.02851e-05
60.633 -1.04564e-08 6.54493e-09 0.55 -1.10717e-12 -2.13949e-11 -1.73566e-09 1 -1.44848e-07 1.34888e-07 0.55 -8.70766e-09 -3.32872e-09 0.938622 0.344947 0.18158 -0.0268913 -5.86176e-05 -6.71248e-05 0.000655351 0.266295 6.29703e-06 4.48291e-06 5.11995e-09 2.30661e-08 -5.05869e-08 -9.65699e-06
61.204 -7.70323e-09 2.20937e-09 0.55 8.38906e-12 -1.39018e-11 -1.27364e-09 1 -1.34598e-07 3.50835e-08 0.55 -4.7141e-09 -6.46001e-09 0.967855 0.251507 0.453544 -0.130171 -0.000236636 -0.000529416 0.000259308 0.411814 1.62346e-05 5.191e-06 1.07882e-08 2.14319e-08 -2.18661e-07 -1.09397e-05
61.756 5.66249e-08 -1.73259e-08 0.55 2.20726e-11 7.32209e-11 9.35329e-09 1 9.09374e-07 -4.45922e-07 0.55 2.96277e-08 -6.83341e-09 0.985365 0.170457 -0.185225 0.0855487 -1.77057e-08 -0.000815566 -0.00177696 -1.00592 -1.27043e-05 1.1586e-06 1.7605e-12 4.73179e-12 -1.89843e-11 4.62827e-05
62.274 6.11931e-08 -1.63672e-08 0.55 1.77143e-11 8.00598e-11 1.01047e-08 1 1.00947e-06 -4.15172e-07 0.55 3.22301e-08 -4.50126e-09 0.988391 0.151934 -0.207996 0.0665835 -3.31124e-08 -0.000633252 -0.00199469 -1.08364 -1.36551e-05 8.88188e-08 2.67852e-12 8.42447e-12 -1.70102e-11 4.97456e-05
62.808 2.27816e-08 -8.36283e-09 0.55 1.43386e-11 2.8115e-11 3.76501e-09 1 3.4609e-07 -2.24751e-07 0.55 1.15591e-08 -5.70115e-09 0.980389 0.197074 -0.0680226 0.0584377 2.09926e-08 -0.000558514 -0.000653095 -0.419233 -5.32866e-06 1.74539e-06 -9.28127e-13 -4.99537e-12 -4.954e-12 1.94112e-05
63.351 -2.54224e-08 1.15092e-08 0.55 -7.77379e-12 -3.6243e-11 -4.20767e-09 1 -3.64351e-07 2.80518e-07 0.55 -1.43907e-08 -1.0685e-11 0.963535 0.267582 0.0928274 -0.0250742 1.55688e-08 0.000238168 0.000890175 0.460376 5.78466e-06 1.63807e-06 -6.73032e-13 -3.98752e-12 1.01926e-11 -2.10746e-05
63.96 -4.685e-08 2.63222e-08 0.55 -2.87429e-11 -6.35648e-11 -7.7661e-09 1 -5.92496e-07 6.54145e-07 0.55 -2.58499e-08 7.18547e-09 0.950418 0.310975 0.144755 -0.104874 -2.26708e-08 0.00100179 0.00138948 0.879951 1.11767e-05 4.24806e-08 1.72217e-12 5.15111e-12 1.49812e-11 -4.07169e-05
64.576 8.92432e-09 -4.76472e-09 0.55 5.67826e-12 1.17655e-11 1.47852e-09 1 1.15814e-07 -1.19983e-07 0.55 4.8159e-09 -1.63795e-09 0.955769 0.294118 -0.0238867 0.018801 -1.61971e-06 -0.000201398 -0.000250786 -0.168731 -2.027e-06 1.52521e-07 1.32855e-11 -2.99373e-10 -1.48174e-09 7.89016e-06
65.144 1.07671e-08 -5.28648e-09 0.55 5.39809e-12 1.37039e-11 1.78288e-09 1 1.45724e-07 -1.34029e-07 0.55 5.34915e-09 -1.3607e-09 0.959987 0.280043 -0.0262636 0.0125644 -4.18219e-06 -0.000190163 -0.000298054 -0.184021 -1.52382e-06 -1.53396e-07 1.64728e-10 -2.5845e-09 -1.35572e-08 1.0339e-05
65.769 -1.34818e-08 5.53896e-09 0.55 -4.60291e-12 -1.51034e-11 -2.23136e-09 1 -1.86474e-07 1.54629e-07 0.55 -5.30823e-09 1.2789e-09 0.961117 0.276142 0.132512 -0.064822 -2.38593e-05 0.000209594 0.00040521 0.144139 5.29292e-06 4.90228e-07 1.66973e-09 6.12184e-09 -4.63515e-08 -4.29413e-06
66.354 -2.7693e-08 1.23867e-08 0.55 -1.41619e-11 -4.12856e-11 -4.58249e-09 1 -3.95708e-07 3.09422e-07 0.55 -1.77791e-08 3.11822e-09 0.966516 0.256605 0.160178 -0.106451 2.39183e-05 0.000566146 0.0011883 0.492241 1.05284e-05 -5.33351e-07 -1.12748e-09 -1.47632e-08 -4.99742e-08 -2.04493e-05
67.059 -3.44397e-08 9.75981e-09 0.55 -3.92655e-13 -5.1237e-11 -5.68836e-09 1 -5.71361e-07 2.16375e-07 0.55 -2.09397e-08 -4.04338e-09 0.985115 0.171899 0.0857051 0.0141405 1.15964e-06 -1.67456e-05 0.00145654 0.453071 5.22603e-06 3.03361e-06 -8.01116e-10 -5.40641e-09 3.16357e-08 -2.09328e-05
67.738 -7.83114e-09 -9.43952e-10 0.55 2.21059e-11 -1.13989e-11 -1.29167e-09 1 -1.44458e-07 -8.04656e-08 0.55 -4.49584e-09 -1.29725e-08 0.999671 0.0256369 1.16667 0.035014 -4.34946e-05 -0.000979436 0.000140622 0.438663 3.70348e-05 6.27147e-06 1.37842e-09 -1.75427e-09 -5.41891e-07 2.75112e-06
68.413 6.30588e-08 1.25688e-08 0.55 -3.80932e-12 8.4241e-11 1.04082e-08 1 1.08291e-06 2.94762e-07 0.55 3.36246e-08 -2.56435e-09 0.992733 -0.120337 -0.221966 -0.0018361 1.89926e-07 2.41627e-05 -0.00213211 -1.07879 -1.35262e-05 3.1611e-06 -2.34323e-12 1.86116e-11 -2.82282e-10 4.93275e-05
69.079 1.40259e-07 3.60618e-08 0.55 -3.41823e-11 1.84629e-10 2.31592e-08 1 2.33244e-06 8.96378e-07 0.55 7.41672e-08 6.75572e-09 0.989122 -0.147095 -0.409486 -0.11801 3.53037e-05 0.00124705 -0.00478247 -2.17642 -2.70476e-05 9.65146e-07 -2.11289e-09 -7.05972e-09 -4.25687e-08 0.000100119
69.659 9.99807e-08 -6.51561e-09 0.55 7.21674e-11 1.25242e-10 1.64927e-08 1 1.78054e-06 -3.47439e-07 0.55 4.95259e-08 -4.11922e-08 0.999875 0.0158315 -0.333886 0.322799 1.61188e-07 -0.00308621 -0.00322799 -1.70176 -2.14155e-05 1.96305e-05 -1.40505e-12 -7.33728e-12 -1.08709e-09 7.80286e-05
70.35 -9.46309e-08 5.07552e-08 0.55 -2.44847e-12 -1.66943e-10 -1.56959e-08 1 -1.30467e-06 1.15122e-06 0.55 -6.39475e-08 -2.50047e-08 0.941149 0.337993 0.467318 0.0706434 1.14272e-05 -0.000587416 0.00452072 1.68876 2.04037e-05 2.15184e-05 -5.40959e-12 2.63826e-09 4.94244e-09 -7.56951e-05
71.038 -1.21281e-07 1.39929e-07 0.55 -1.6935e-10 -1.94386e-10 -2.03183e-08 1 -8.81712e-07 3.08103e-06 0.55 -8.60437e-08 4.1242e-08 0.87494 0.484231 0.338836 -0.539223 -2.95224e-07 0.00516018 0.00325833 3.0864 3.98197e-05 -1.19684e-09 2.30326e-11 7.23462e-11 5.30423e-11 -0.000145064
71.745 5.15321e-08 -3.76211e-08 0.55 5.64577e-11 6.08611e-11 8.56352e-09 1 5.15887e-07 -9.37224e-07 0.55 2.63593e-08 -2.13853e-08 0.931914 0.36268 -0.0962281 0.215522 1.26822e-06 -0.00204848 -0.000908292 -1.0329 -1.34675e-05 5.85706e-06 -5.50348e-11 -1.01479e-10 1.14917e-09 4.87568e-05
72.413 8.67246e-08 -4.45301e-08 0.55 4.87656e-11 1.17007e-10 1.43643e-08 1 1.15432e-06 -1.11608e-06 0.55 4.7644e-08 -1.23345e-08 0.957698 0.287774 -0.314393 0.207524 1.77437e-05 -0.00173774 -0.0026675 -1.60142 -2.18492e-05 1.44638e-08 -5.30031e-10 4.94706e-10 2.09084e-08 7.30157e-05
73.093 7.1256e-09 -5.81651e-09 0.55 1.42107e-11 5.04276e-12 1.18421e-09 1 5.3617e-08 -1.56207e-07 0.55 2.9047e-09 -7.26003e-09 0.934969 0.35473 0.0018435 0.0599652 1.22035e-07 -0.000572215 1.92521e-05 -0.178833 -2.3872e-06 2.89249e-06 -4.03397e-12 -6.54318e-12 1.89191e-10 8.69142e-06
73.811 -6.63098e-08 6.12789e-08 0.55 -7.27475e-11 -1.01156e-10 -1.10647e-08 1 -5.83024e-07 1.40462e-06 0.55 -4.3501e-08 1.7831e-08 0.900449 0.434961 0.19565 -0.243701 -9.20089e-06 0.00233511 0.00188659 1.51703 2.0331e-05 -5.44866e-07 -5.81121e-10 -1.0088e-08 -1.51631e-08 -7.00513e-05
74.522 -7.25431e-08 4.88905e-08 0.55 -4.07416e-11 -1.15289e-10 -1.20535e-08 1 -8.53004e-07 1.14034e-06 0.55 -4.65518e-08 2.13606e-09 0.930366 0.366632 0.109088 -0.00360505 7.27323e-05 0.00121392 0.00248852 1.58647 1.29272e-05 5.2143e-06 -3.60669e-09 -8.03383e-09 9.11054e-08 -7.73028e-05
75.188 -3.15085e-09 -2.75852e-09 0.55 4.68602e-11 -1.64408e-11 -5.18151e-10 1 -1.14251e-07 -1.73983e-07 0.55 -4.9324e-09 -2.8289e-08 0.986516 0.163668 0.20381 0.181562 -3.77969e-05 -0.00201009 0.000788183 0.08549 4.3332e-06 1.445e-05 2.18152e-09 6.55535e-09 -5.79572e-08 -4.87394e-07
75.828 1.28962e-07 7.15646e-09 0.55 8.8252e-12 1.71517e-10 2.12741e-08 1 2.30263e-06 1.39667e-07 0.55 6.94096e-08 -8.03987e-09 0.999318 -0.0369174 -0.522768 0.0470552 -2.60105e-06 -0.000505087 -0.00442392 -2.27816 -2.80035e-05 5.17564e-06 3.09294e-12 4.60757e-10 -1.51665e-08 0.000105823
76.527 1.62827e-07 3.26221e-09 0.55 2.6188e-11 2.13902e-10 2.68593e-08 1 2.916e-06 -9.17898e-09 0.55 8.60193e-08 -1.73017e-08 0.999866 -0.016343 -0.534256 0.120665 1.12206e-06 -0.00113095 -0.00553779 -2.92208 -3.50127e-05 8.84586e-06 -5.78866e-11 -1.89969e-10 -2.02519e-08 0.000134952
77.22 -5.43842e-08 1.86982e-08 0.55 4.30625e-11 -1.04611e-10 -8.99703e-09 1 -9.10783e-07 3.43992e-07 0.55 -3.86593e-08 -3.76715e-08 0.962404 0.271622 0.333666 0.216925 2.83396e-07 -0.00208694 0.00319325 0.911185 1.08825e-05 2.23777e-05 -1.2166e-11 -6.92214e-11 3.22617e-11 -3.97128e-05
77.932 -1.22567e-07 1.28288e-07 0.55 -1.51494e-10 -1.92577e-10 -2.0499e-08 1 -9.69063e-07 2.87439e-06 0.55 -8.3213e-08 3.61113e-08 0.885067 0.465463 0.353895 -0.488661 -2.60703e-07 0.00467533 0.00340164 2.93245 3.77165e-05 8.20168e-07 2.03687e-11 6.33448e-11 5.31723e-11 -0.000137402
78.66 -6.56752e-08 4.2079e-08 0.55 -2.05107e-11 -1.13951e-10 -1.09121e-08 1 -8.20368e-07 9.5882e-07 0.55 -4.43704e-08 -9.01054e-09 0.929054 0.369945 0.305466 -0.0458615 1.23884e-07 0.000432222 0.00292851 1.27378 1.58357e-05 1.10564e-05 -4.84436e-12 -3.11726e-11 2.15171e-11 -5.76616e-05
79.346 6.23338e-08 -1.85034e-08 0.55 5.3593e-11 7.33397e-11 1.02935e-08 1 9.96162e-07 -5.46313e-07 0.55 3.06439e-08 -2.58338e-08 0.989746 0.14284 -0.161527 0.227814 -7.56044e-07 -0.00218982 -0.00158843 -1.10035 -1.38982e-05 1.07555e-05 2.82178e-11 1.92519e-13 -1.82553e-09 5.12088e-05
79.996 1.2042e-07 -4.925e-09 0.55 5.45626e-12 1.55252e-10 1.98644e-08 1 2.15146e-06 -1.24247e-07 0.55 6.20104e-08 -1.40003e-09 0.999741 0.0227377 -0.407392 0.0210676 -2.34501e-07 -0.000198583 -0.00399246 -2.07351 -2.58011e-05 1.83471e-07 -3.06651e-12 -9.44745e-11 -4.35568e-09 9.51314e-05
80.717 1.20531e-08 -2.76896e-09 0.55 1.47019e-11 1.44168e-11 1.9893e-09 1 2.00236e-07 -1.00385e-07 0.55 6.12613e-09 -7.88942e-09 0.995641 0.0932735 -0.0033547 0.0544594 -9.51252e-06 -0.000618512 -0.000376778 -0.24169 -2.01711e-06 3.43477e-06 5.70648e-11 -1.85534e-09 -1.74537e-08 1.19518e-05
81.371 -1.02121e-07 3.29038e-08 0.55 -3.39906e-11 -1.33811e-10 -1.68716e-08 1 -1.62413e-06 8.31569e-07 0.55 -5.37109e-08 8.16442e-09 0.982995 0.183634 0.178259 -0.0632699 5.02644e-05 0.00119725 0.00321371 1.75419 2.63083e-05 6.55709e-07 1.60313e-09 4.54081e-09 -5.78153e-08 -8.10205e-05
82.084 -1.00404e-07 1.58815e-08 0.55 1.1193e-11 -1.40043e-10 -1.65689e-08 1 -1.76019e-06 3.18094e-07 0.55 -5.66643e-08 -1.34545e-08 0.995104 0.0988339 0.334883 0.071148 -9.87529e-06 -0.00060832 0.00356512 1.59685 1.98723e-05 8.59957e-06 1.31518e-10 -9.56924e-11 1.36531e-08 -7.27772e-05
82.753 1.54354e-08 -7.14374e-10 0.55 6.09275e-11 3.55872e-11 2.54601e-09 1 3.3301e-07 -1.62682e-07 0.55 1.25298e-08 -3.7636e-08 0.988309 -0.152463 -0.0285986 0.299752 1.82611e-05 -0.0026546 -0.00122225 -0.198702 6.52332e-07 1.87228e-05 -1.11694e-09 -3.82642e-09 -4.71723e-08 1.00071e-05
83.446 8.84628e-08 6.43705e-08 0.55 -5.42999e-11 1.41419e-10 1.47176e-08 1 9.72851e-07 1.50423e-06 0.55 5.62945e-08 3.62922e-09 0.918946 -0.394382 -0.337866 -0.163893 3.16095e-06 0.00157965 -0.00322915 -1.74892 -2.20186e-05 8.15498e-06 -6.17819e-11 2.76392e-10 4.48908e-11 8.02588e-05
84.128 8.93349e-08 9.18232e-08 0.55 -1.0839e-10 1.38425e-10 1.4936e-08 1 7.19231e-07 2.0627e-06 0.55 5.95703e-08 2.61361e-08 0.887516 -0.460777 -0.288226 -0.387284 -2.91503e-05 0.00340237 -0.00246045 -2.08974 -2.84553e-05 6.17334e-07 1.42117e-09 3.26451e-09 2.10043e-08 9.70238e-05
84.811 5.7901e-08 3.08548e-08 0.55 -4.00118e-12 9.8355e-11 9.60227e-09 1 8.00307e-07 6.99342e-07 0.55 3.74553e-08 -1.33386e-08 0.943922 -0.330169 -0.277669 0.0116518 -9.93818e-06 -0.000116812 -0.00265154 -1.05134 -1.30314e-05 1.14544e-05 2.78771e-10 -3.21298e-10 7.89275e-10 4.7239e-05
85.51 -2.27807e-08 -6.60508e-09 0.55 5.5235e-11 -2.29342e-11 -3.76014e-09 1 -3.64975e-07 -2.89025e-07 0.55 -1.01411e-08 -3.09887e-08 0.996667 -0.0815729 0.17577 0.275641 -4.77451e-06 -0.00240037 0.000672042 0.196681 7.85047e-06 1.49336e-05 5.40353e-10 2.86118e-09 -4.99066e-08 -5.78423e-06
86.216 -5.91071e-08 1.24072e-08 0.55 5.73683e-12 -8.17848e-11 -9.75709e-09 1 -1.01491e-06 2.69631e-07 0.55 -3.24382e-08 -8.40113e-09 0.990957 0.134182 0.227131 0.0352816 3.92292e-06 -0.000357283 0.00214445 1.03634 9.87337e-06 6.29606e-06 1.17507e-11 4.18788e-09 6.07981e-08 -6.03247e-05
86.893 2.41294e-09 -1.93361e-09 0.55 8.54091e-12 4.25625e-12 3.99792e-10 1 2.32214e-08 -5.379e-08 0.55 2.88393e-09 -4.23732e-09 0.970606 0.240675 0.379479 -0.213931 -0.000144314 -0.000177367 0.000301083 -0.336912 1.06274e-05 3.91623e-07 2.04603e-09 -2.05066e-08 -1.95792e-07 2.53272e-05
87.583 -5.9368e-09 2.79755e-09 0.55 1.87608e-12 -1.19217e-11 -9.84133e-10 1 -8.93485e-08 5.93937e-08 0.55 -4.58459e-09 -2.87005e-09 0.944652 0.328075 0.0563644 -0.0170199 -7.12839e-05 -7.94018e-05 0.000356175 0.11608 2.38133e-06 1.65186e-06 1.64754e-09 -4.85364e-09 -1.51012e-08 -4.62641e-06
88.236 -4.47101e-08 3.39827e-08 0.55 -3.80157e-11 -6.48314e-11 -7.4395e-09 1 -4.57012e-07 8.09275e-07 0.55 -2.68491e-08 9.03118e-09 0.91952 0.393043 0.120447 -0.145378 -9.8525e-06 0.00127272 0.00130306 0.847327 1.13008e-05 -2.48148e-07 -9.58478e-10 -9.38136e-09 6.51256e-10 -3.93526e-05
88.918 -7.53789e-08 5.22683e-08 0.55 -5.27747e-11 -1.09153e-10 -1.25277e-08 1 -8.3779e-07 1.2503e-06 0.55 -4.40762e-08 1.02082e-08 0.92866 0.370931 0.239419 -0.172239 6.49986e-06 0.00177701 0.00233453 1.47173 1.87119e-05 2.18539e-06 1.04627e-11 2.8509e-11 7.20569e-10 -6.81786e-05
89.573 -5.76118e-08 1.82575e-08 0.55 1.89072e-11 -9.05735e-11 -9.52171e-09 1 -9.49529e-07 3.73289e-07 0.55 -3.45832e-08 -2.00561e-08 0.976489 0.215568 0.414588 0.00733193 -3.96318e-05 -0.000819313 0.00279352 0.794086 1.61156e-05 1.19972e-05 2.97821e-10 -7.80129e-09 -6.73729e-08 -3.12727e-05
90.215 1.28603e-08 -2.99767e-09 0.55 6.07096e-11 2.11793e-11 2.12099e-09 1 2.42807e-07 -2.27246e-07 0.55 8.73782e-09 -3.54388e-08 0.999562 -0.0295892 0.109801 0.287145 2.8775e-06 -0.00264565 -0.000362354 -0.463707 -2.44314e-06 1.74572e-05 4.70766e-11 3.13804e-10 -1.8291e-09 1.02014e-05
90.857 6.14681e-08 2.4637e-08 0.55 4.68161e-12 9.8267e-11 1.01701e-08 1 9.40011e-07 5.60391e-07 0.55 3.82279e-08 -1.44103e-08 0.964785 -0.26304 -0.525844 -0.104715 -9.0503e-05 -0.000349959 -0.0028896 -0.995612 -1.09249e-05 1.21863e-05 9.70697e-10 1.13723e-08 -4.60483e-08 5.8717e-05
91.533 1.09416e-07 8.31559e-08 0.55 -9.40666e-11 1.56172e-10 1.82044e-08 1 1.11902e-06 1.9809e-06 0.55 6.45731e-08 2.32761e-08 0.920559 -0.390604 -0.329054 -0.347555 -3.20291e-05 0.00311836 -0.00307585 -2.22329 -2.91458e-05 2.29378e-08 3.06615e-10 -5.39719e-09 1.04834e-08 0.000103182
92.178 1.18389e-07 6.4859e-08 0.55 -4.72911e-11 1.81706e-10 1.96256e-08 1 1.57145e-06 1.53518e-06 0.55 7.33694e-08 -5.47549e-10 0.949638 -0.313348 -0.593245 -0.270956 -8.29367e-05 0.00161176 -0.00467097 -2.06468 -3.2538e-05 9.27091e-06 1.56676e-09 -8.8286e-09 6.89265e-08 9.04266e-05
92.865 2.74462e-08 -5.94636e-09 0.55 1.1302e-10 3.89301e-11 4.52702e-09 1 5.02489e-07 -4.38033e-07 0.55 1.51967e-08 -6.58853e-08 0.99994 -0.0109311 -0.29897 0.500196 -4.7143e-06 -0.00488065 -0.00110512 -0.537162 -1.18865e-05 3.19524e-05 -1.16997e-10 -2.0233e-09 8.68718e-08 2.06644e-05
93.547 -1.11983e-07 6.06801e-08 0.55 -1.61648e-11 -1.84131e-10 -1.85702e-08 1 -1.51409e-06 1.40588e-06 0.55 -7.06416e-08 -1.92948e-08 0.943807 0.330496 0.70057 -0.119604 -7.77232e-05 2.4745e-05 0.00501467 1.89207 2.51831e-05 1.89168e-05 -3.16429e-10 -1.1104e-09 -1.47515e-09 -9.17739e-05
94.246 -3.57893e-09 3.50234e-09 0.55 -8.07096e-12 -9.1448e-12 -5.98469e-10 1 -3.15792e-08 7.83451e-08 0.55 -5.55368e-09 2.12948e-09 0.883665 0.468121 0.0125266 -0.00992481 -1.43067e-06 0.000606408 0.000464595 0.0750568 9.53081e-07 2.97273e-07 5.90163e-11 1.35671e-10 3.07956e-08 -3.47045e-06
94.938 -1.126e-08 1.3479e-08 0.55 -1.63246e-11 -1.83765e-11 -1.88767e-09 1 -7.979e-08 2.9462e-07 0.55 -8.19441e-09 3.91087e-09 0.870743 0.491737 0.0316217 -0.0506695 2.87044e-07 0.000488295 0.000305771 0.290313 3.74033e-06 4.94523e-08 -6.25924e-12 2.27028e-11 1.96041e-10 -1.36498e-05
95.647 -1.47901e-08 1.72224e-08 0.55 -2.03149e-11 -2.40171e-11 -2.47836e-09 1 -1.08269e-07 3.77646e-07 0.55 -1.05049e-08 4.70135e-09 0.873439 0.486933 0.0415747 -0.0611185 1.10142e-05 0.000612717 0.000411256 0.377028 4.74087e-06 1.75611e-07 -3.07471e-10 3.63967e-10 1.59644e-09 -1.77473e-05
96.273 -1.51415e-08 1.48877e-08 0.55 -1.51534e-11 -2.5331e-11 -2.52956e-09 1 -1.35083e-07 3.30887e-07 0.55 -1.04886e-08 2.46946e-09 0.89258 0.450889 0.024339 0.00742934 6.00562e-05 0.00047766 0.000533101 0.236989 1.79979e-06 1.21552e-06 -1.32304e-09 4.70909e-09 3.13687e-08 -1.14606e-05
96.948 -1.27805e-08 8.87359e-09 0.55 -4.88394e-12 -2.20405e-11 -2.12483e-09 1 -1.54151e-07 1.99403e-07 0.55 -8.52814e-09 -1.52796e-09 0.925016 0.379929 0.05716 -0.0140291 -1.81557e-05 0.000120472 0.000558814 0.244368 3.1001e-06 1.96731e-06 4.30897e-10 -1.12735e-09 -2.47107e-10 -1.10681e-05
97.637 -9.99214e-09 4.15288e-09 0.55 5.05863e-12 -1.60642e-11 -1.654e-09 1 -1.57568e-07 8.41007e-08 0.55 -5.36616e-09 -5.16668e-09 0.959873 0.280434 0.113995 0.050737 -7.77288e-05 -0.000357086 0.000313042 0.33834 4.18598e-06 4.81817e-06 6.00656e-09 2.54158e-08 -2.90366e-08 -1.48473e-05
98.385 5.78113e-08 -1.74577e-08 0.55 2.19687e-11 7.48462e-11 9.54891e-09 1 9.31201e-07 -4.487e-07 0.55 3.02694e-08 -6.71139e-09 0.985707 0.168471 -0.188513 0.0852843 -1.91582e-08 -0.000812953 -0.00180846 -1.02073 -1.28893e-05 1.11088e-06 1.86185e-12 5.10423e-12 -1.9308e-11 4.69567e-05
99.044 5.3482e-08 -1.5082e-08 0.55 1.76007e-11 6.96609e-11 8.83239e-09 1 8.73372e-07 -3.86152e-07 0.55 2.8092e-08 -4.96168e-09 0.987228 0.159312 -0.179235 0.0671558 -1.83151e-08 -0.000639433 -0.00171907 -0.948158 -1.1958e-05 4.83826e-07 1.68826e-12 4.74478e-12 -1.43457e-11 4.35629e-05
99.747 -7.99226e-09 2.73354e-09 0.55 3.18914e-12 -1.32509e-11 -1.32149e-09 1 -1.30106e-07 5.61279e-08 0.55 -5.03006e-09 -3.29815e-09 0.970703 0.240282 0.0387899 0.0173025 2.86385e-08 -0.000166743 0.000371412 0.134477 1.64667e-06 2.08349e-06 -1.47507e-12 -7.03492e-12 4.81166e-12 -6.00033e-06
100.461 -4.65502e-08 2.58207e-08 0.55 -2.77711e-11 -6.33173e-11 -7.71555e-09 1 -5.93629e-07 6.41772e-07 0.55 -2.57097e-08 6.76847e-09 0.95131 0.308237 0.14499 -0.100274 -2.03459e-08 0.000957702 0.00139164 0.868281 1.10206e-05 2.08777e-07 1.58407e-12 4.57698e-12 1.53107e-11 -4.01482e-05
101.088 -3.1347e-08 1.6429e-08 0.55 -1.62317e-11 -4.31855e-11 -5.19332e-09 1 -4.15094e-07 4.06481e-07 0.55 -1.7422e-08 3.32461e-09 0.955328 0.295549 0.103752 -0.0596115 -2.68759e-10 0.000568885 0.000995556 0.589175 7.45852e-06 5.89943e-07 2.51766e-13 -1.39066e-13 8.41672e-12 -2.71711e-05
101.747 9.97713e-09 -4.45903e-09 0.55 6.89663e-12 9.21924e-12 1.65028e-09 1 1.39926e-07 -1.20044e-07 0.55 3.16209e-09 -3.0133e-09 0.972541 0.232732 -0.0236153 0.0331702 -3.03789e-07 -0.000351689 -0.000298728 -0.176463 -2.25838e-06 1.17929e-06 1.89674e-11 9.03772e-11 -3.9743e-09 8.238e-06
102.451 3.12229e-08 -1.01318e-08 0.55 1.10733e-11 4.09761e-11 5.15845e-09 1 4.95484e-07 -2.5697e-07 0.55 1.65321e-08 -2.86572e-09 0.982931 0.183972 -0.134509 0.0579745 2.07323e-05 -0.000410509 -0.00100138 -0.60791 -7.59034e-06 -1.78801e-07 -6.09732e-10 -3.75852e-09 9.40798e-09 2.38264e-05
103.062 5.76614e-10 -4.22581e-10 0.55 6.24155e-13 9.07674e-13 9.54204e-11 1 8.53334e-09 -7.32232e-09 0.55 4.03537e-10 -1.38728e-10 0.982701 0.1852 -0.00541985 0.00396634 2.33466e-06 -1.2691e-05 -1.24383e-05 -0.0138123 -4.46128e-06 1.88542e-07 -1.00557e-09 2.59905e-09 6.59484e-08 -4.49102e-06
103.763 -4.80689e-08 1.49178e-08 0.55 -1.48446e-11 -6.30647e-11 -7.94099e-09 1 -7.68068e-07 3.80928e-07 0.55 -2.53024e-08 3.42202e-09 0.983382 0.181551 0.265419 -0.0804778 -3.46664e-05 0.000524222 0.00155333 0.871958 1.39546e-05 7.64978e-07 2.04146e-09 6.40892e-09 -4.9589e-08 -3.79261e-05
104.498 -5.0373e-08 6.36078e-09 0.55 9.99732e-12 -6.62282e-11 -8.31155e-09 1 -8.91118e-07 1.17364e-07 0.55 -2.58789e-08 -8.48032e-09 0.996461 0.0840541 0.183228 0.0488691 -1.09258e-08 -0.00047056 0.00176491 0.860331 1.07748e-05 4.95468e-06 9.82667e-13 1.92477e-13 5.31177e-10 -3.92539e-05
105.222 1.22897e-08 2.04758e-10 0.55 2.89701e-11 1.63163e-11 2.02735e-09 1 2.3641e-07 -6.52283e-08 0.55 4.86331e-09 -1.74941e-08 0.994472 -0.105002 -0.0521307 0.131147 -2.46049e-07 -0.00127318 -0.000415141 -0.125747 -1.4852e-06 8.6971e-06 1.03314e-11 2.10229e-11 4.44878e-09 5.3975e-06
105.902 3.58672e-08 1.57337e-08 0.55 -1.39663e-12 5.67829e-11 5.9371e-09 1 5.30626e-07 3.63278e-07 0.55 2.21708e-08 -6.45983e-09 0.960843 -0.277092 -0.158607 0.00662722 -9.18377e-06 -0.000117778 -0.00148492 -0.631925 -5.03661e-06 7.12848e-06 4.66286e-10 2.01062e-08 -4.4843e-08 2.98539e-05
106.611 6.80421e-08 4.92985e-08 0.55 -5.50131e-11 9.64933e-11 1.13132e-08 1 7.22716e-07 1.18307e-06 0.55 3.97058e-08 1.34166e-08 0.925458 -0.378851 -0.207151 -0.191609 -2.45471e-06 0.00182474 -0.00193795 -1.36217 -1.74871e-05 1.93325e-07 -1.91662e-10 -2.39968e-09 1.1737e-09 6.30854e-05
107.309 7.4572e-08 4.52746e-08 0.55 -4.1199e-11 1.0787e-10 1.23745e-08 1 9.12914e-07 1.09269e-06 0.55 4.31578e-08 5.97428e-09 0.940897 -0.338692 -0.240347 -0.153705 1.29567e-05 0.00137154 -0.00244217 -1.4044 -1.77487e-05 2.82025e-06 -1.58137e-09 -8.49182e-09 -1.93797e-09 6.48763e-05
107.987 3.72222e-08 7.252e-09 0.55 3.33664e-11 5.93401e-11 6.14531e-09 1 6.65846e-07 8.19646e-08 0.55 2.22055e-08 -2.38292e-08 0.987142 -0.159845 0.19442 0.288569 0.00010778 -0.00159065 -0.00145032 -0.769701 -7.85474e-06 1.2896e-05 -4.12027e-12 2.77591e-11 -1.78669e-09 2.86229e-05
108.681 -3.19351e-08 2.20049e-09 0.55 4.09443e-11 -4.82044e-11 -5.26865e-09 1 -5.87662e-07 -5.6599e-08 0.55 -1.86907e-08 -2.57998e-08 0.995928 0.0901503 0.157047 0.186709 -2.24381e-06 -0.00183149 0.00131892 0.568457 7.30176e-06 1.32393e-05 2.13508e-11 -3.75663e-10 -9.18844e-09 -2.53798e-05
109.387 -6.96442e-08 3.37952e-08 0.55 -2.63816e-11 -9.94321e-11 -1.15318e-08 1 -9.67712e-07 8.2475e-07 0.55 -3.97635e-08 2.02406e-09 0.959646 0.28121 0.286559 -0.106295 2.67024e-05 0.000855852 0.00248221 1.47409 1.86229e-05 3.92413e-06 -7.01729e-10 1.10109e-09 -1.51356e-08 -6.76063e-05
110.022 -2.51567e-08 1.75129e-08 0.55 -1.44489e-11 -4.07555e-11 -4.18334e-09 1 -2.85203e-07 4.11202e-07 0.55 -1.6353e-08 5.38081e-10 0.922368 0.386312 0.0977556 -0.0447675 4.76553e-06 0.000402606 0.000940497 0.501247 6.30113e-06 2.42486e-06 -2.73187e-10 -8.75539e-10 -7.2847e-10 -2.29923e-05
110.693 -3.85829e-08 3.70789e-08 0.55 -4.32441e-11 -5.89406e-11 -6.44331e-09 1 -3.27079e-07 8.44593e-07 0.55 -2.50895e-08 1.03982e-08 0.894666 0.446736 0.11079 -0.142235 -2.32296e-07 0.00135743 0.00106514 0.876959 1.12664e-05 1.77754e-07 -6.24409e-12 -1.03454e-10 -1.03228e-10 -4.10234e-05
111.34 -4.5773e-08 3.97752e-08 0.55 -4.17827e-11 -6.9555e-11 -7.63315e-09 1 -4.27885e-07 9.17902e-07 0.55 -2.83662e-08 8.74168e-09 0.903884 0.427777 0.127022 -0.114442 -2.88588e-05 0.00134992 0.00133376 0.85596 7.49558e-06 1.13129e-06 -2.95997e-09 1.37509e-09 8.01712e-08 -5.26107e-05
112.031 -3.44438e-08 1.78646e-08 0.55 -3.79057e-12 -5.94744e-11 -5.70891e-09 1 -4.85638e-07 4.00267e-07 0.55 -2.35717e-08 -7.03786e-09 0.949719 0.313104 0.117205 0.0705153 0.0001673 -9.02168e-05 0.00160385 0.65923 5.79864e-06 7.15605e-06 -3.84963e-09 1.15991e-08 3.78218e-08 -3.09927e-05
112.724 -5.63009e-09 -1.3844e-09 0.55 3.35577e-11 -1.19836e-11 -9.28043e-10 1 -1.29518e-07 -1.08878e-07 0.55 -3.41483e-09 -1.99112e-08 0.992158 0.124989 0.0364199 0.153933 1.17737e-05 -0.00142674 0.000501718 0.0614886 2.36076e-07 9.84587e-06 -2.99148e-10 6.16349e-10 8.09011e-09 -2.6032e-06
113.405 2.38399e-08 1.12084e-09 0.55 2.6009e-11 3.65279e-11 3.93282e-09 1 4.35458e-07 -4.08064e-08 0.55 1.48331e-08 -1.62304e-08 0.997311 -0.0732917 0.00357983 0.146424 1.31998e-05 -0.00116516 -0.00101201 -0.406757 -1.95334e-06 8.74089e-06 2.02037e-10 4.48163e-09 -5.23535e-08 2.0588e-05
114.12 1.34652e-07 4.9674e-08 0.55 -5.02798e-11 1.72111e-10 2.22572e-08 1 2.06365e-06 1.25537e-06 0.55 6.7852e-08 1.21383e-08 0.977659 -0.210199 -0.769881 -0.30319 -0.000150436 0.00175654 -0.00408945 -2.42577 -4.05352e-05 1.46207e-06 6.86809e-09 1.41131e-08 1.70453e-07 0.000104652
114.856 1.47953e-07 1.83662e-08 0.55 4.03196e-11 1.99532e-10 2.44122e-08 1 2.62592e-06 2.9313e-07 0.55 7.85436e-08 -3.19651e-08 0.996491 -0.0836981 -0.216277 0.260743 2.15047e-05 -0.0019822 -0.00497319 -2.72145 -3.52897e-05 1.77638e-05 8.29792e-12 -2.68011e-09 6.29474e-08 0.000101217
115.529 -6.31796e-08 1.87803e-08 0.55 7.70857e-11 -1.33175e-10 -1.04494e-08 1 -1.11996e-06 2.77048e-07 0.55 -4.83735e-08 -6.05772e-08 0.962844 0.270058 0.440761 0.380711 5.64638e-07 -0.00366159 0.00421192 1.00345 1.17027e-05 3.44818e-05 -1.98046e-11 -9.70393e-11 -1.97794e-10 -4.27563e-05
116.235 -1.28101e-07 1.70408e-07 0.55 -2.08555e-10 -2.19065e-10 -2.15168e-08 1 -8.41284e-07 3.65523e-06 0.55 -1.00362e-07 4.85774e-08 0.859097 0.511814 0.379001 -0.637665 -3.90633e-07 0.00610284 0.00364515 3.58836 4.63503e-05 1.71033e-06 3.08032e-11 9.62408e-11 6.7743e-11 -0.000168856
116.935 -8.74102e-08 6.79137e-08 0.55 -4.51372e-11 -1.61262e-10 -1.45624e-08 1 -9.84963e-07 1.51369e-06 0.55 -6.36621e-08 -8.72083e-09 0.909346 0.416041 0.421342 -0.12204 1.39076e-07 0.00115963 0.00404079 1.8393 2.29394e-05 1.50353e-05 -4.0423e-12 -3.63529e-11 3.73962e-11 -8.35245e-05
117.605 1.29365e-07 -5.29079e-08 0.55 6.45715e-11 1.67606e-10 2.13927e-08 1 1.90944e-06 -1.35089e-06 0.55 6.80506e-08 -1.92886e-08 0.973695 0.227855 -0.404173 0.247429 -1.22673e-07 -0.00236155 -0.00387909 -2.32942 -2.951e-05 2.67013e-06 1.13256e-11 3.7137e-11 -5.04154e-11 0.000107507
118.258 8.58037e-08 -3.70817e-08 0.55 4.844e-11 1.08267e-10 1.41929e-08 1 1.23214e-06 -9.60789e-07 0.55 4.38101e-08 -1.59638e-08 0.970829 0.239773 -0.255918 0.187925 1.23742e-05 -0.00179971 -0.00240622 -1.52574 -1.85126e-05 3.28484e-06 1.12486e-09 3.62028e-09 -1.83289e-08 7.22358e-05
118.995 -5.63711e-08 4.25321e-08 0.55 -3.94475e-11 -9.15336e-11 -9.38068e-09 1 -6.07692e-07 9.86625e-07 0.55 -3.74897e-08 4.24861e-09 0.918052 0.39646 0.256365 -0.179643 -3.37318e-05 0.0012355 0.00216125 1.06848 1.62224e-05 4.17411e-06 4.18185e-10 -5.32254e-09 -2.72361e-08 -4.76623e-05
119.651 -9.88142e-08 9.16309e-08 0.55 -1.07928e-10 -1.53124e-10 -1.64905e-08 1 -8.74068e-07 2.09263e-06 0.55 -6.59419e-08 2.54957e-08 0.899733 0.436441 0.302876 -0.349437 7.40967e-06 0.00343431 0.00290503 2.28119 2.4111e-05 1.20353e-07 -3.4883e-09 -7.86951e-09 8.2952e-08 -0.000115389
120.32 -6.5187e-08 2.7111e-08 0.55 1.5468e-11 -1.11208e-10 -1.07901e-08 1 -1.0058e-06 5.82921e-07 0.55 -4.21462e-08 -2.35083e-08 0.960623 0.277855 0.423937 0.0109688 -4.23558e-05 -0.000736442 0.00336151 1.03163 1.41675e-05 1.60336e-05 2.79437e-10 7.1946e-10 8.05046e-10 -5.16272e-05
120.974 7.62759e-08 -5.26304e-09 0.55 5.67069e-11 9.80695e-11 1.25825e-08 1 1.35799e-06 -2.631e-07 0.55 3.96892e-08 -3.2013e-08 0.999907 0.013623 -0.25061 0.254295 -1.78423e-07 -0.00243608 -0.00250197 -1.32804 -1.64263e-05 1.54583e-05 -6.85557e-12 -1.34736e-10 -4.67037e-09 6.10966e-05
121.656 2.18724e-07 4.26436e-08 0.55 -4.55569e-11 2.91538e-10 3.60996e-08 1 3.75301e-06 1.06473e-06 0.55 1.18608e-07 1.06816e-08 0.993901 -0.110274 -0.906782 -0.199813 -4.09604e-06 0.0016426 -0.00770333 -3.73373 -5.21862e-05 4.95277e-07 -2.36562e-10 -2.85393e-09 4.93371e-08 0.000167475
122.338 4.67216e-08 -1.66598e-08 0.55 1.11213e-10 4.26554e-11 7.71523e-09 1 6.99652e-07 -6.60099e-07 0.55 1.92843e-08 -6.19156e-08 0.992569 0.121683 -0.0813075 0.490477 3.96399e-07 -0.00469965 -0.000789923 -0.918754 -1.19532e-05 2.86953e-05 -1.66328e-11 -9.6469e-11 -2.18257e-11 4.34431e-05
123.052 -1.30879e-07 1.16261e-07 0.55 -1.13487e-10 -2.20718e-10 -2.18378e-08 1 -1.25137e-06 2.6342e-06 0.55 -9.0599e-08 1.41166e-08 0.898658 0.43865 0.498085 -0.348724 -1.1848e-07 0.00333105 0.0047808 2.87392 3.60183e-05 1.14201e-05 1.20386e-11 2.36232e-11 7.19286e-11 -0.000131239
123.759 -1.10814e-07 1.17462e-07 0.55 -1.32084e-10 -1.84925e-10 -1.85408e-08 1 -9.09698e-07 2.59693e-06 0.55 -7.92707e-08 2.60711e-08 0.882707 0.469923 0.365107 -0.421434 -1.42352e-07 0.00403053 0.00350791 2.70077 3.45954e-05 4.32309e-06 1.3102e-11 3.3436e-11 4.85407e-11 -0.000126024
124.51 3.36821e-08 -1.8562e-08 0.55 7.08425e-11 2.39426e-11 5.57317e-09 1 3.99347e-07 -5.77996e-07 0.55 1.23809e-08 -3.8199e-08 0.974481 0.224468 0.0132086 0.302018 2.24887e-07 -0.00289524 0.000119848 -0.57844 -8.3101e-06 1.71224e-05 -9.8871e-12 -5.28788e-11 -2.59002e-11 3.03255e-05
125.201 1.48098e-07 -1.08999e-08 0.55 1.47238e-11 1.92897e-10 2.44314e-08 1 2.63464e-06 -2.79894e-07 0.55 7.75795e-08 -4.62302e-09 0.999189 0.0402721 -0.517564 0.0592215 -1.92283e-07 -0.000555165 -0.00496111 -2.58943 -3.24892e-05 1.21715e-06 1.51168e-11 4.73212e-11 -4.52128e-11 0.000118359
125.884 7.88614e-08 -1.60268e-08 0.55 3.94954e-11 9.91889e-11 1.30156e-08 1 1.33867e-06 -4.65705e-07 0.55 4.03556e-08 -1.79873e-08 0.994472 0.104998 -0.255155 0.165094 4.922e-08 -0.00157648 -0.00244875 -1.40259 -1.81568e-05 6.66091e-06 -4.84496e-13 -1.04037e-11 -2.41411e-11 6.61345e-05
126.594 -6.28678e-08 3.2125e-08 0.55 -1.4215e-11 -9.77595e-11 -1.04178e-08 1 -8.62799e-07 7.61002e-07 0.55 -3.8264e-08 -5.86166e-09 0.951194 0.308593 0.257815 -0.0299448 6.50743e-08 0.00028106 0.0024715 1.13834 1.41968e-05 7.86201e-06 -2.25063e-12 -1.64002e-11 2.81817e-11 -5.17324e-05
127.258 -9.38815e-08 7.31645e-08 0.55 -8.33454e-11 -1.34751e-10 -1.56253e-08 1 -9.40827e-07 1.73578e-06 0.55 -5.59319e-08 2.06897e-08 0.918091 0.396369 0.27248 -0.288489 -1.13506e-07 0.00275865 0.00261735 1.94005 2.48803e-05 -4.99422e-10 8.83166e-12 2.72308e-11 3.28641e-11 -9.06396e-05
127.895 -4.05711e-08 2.19358e-08 0.55 -1.03845e-11 -6.42027e-11 -6.72674e-09 1 -5.45049e-07 5.13711e-07 0.55 -2.51021e-08 -3.88357e-09 0.946933 0.32143 0.172151 -0.0287473 6.15393e-08 0.00027138 0.0016504 0.770305 9.62032e-06 5.15189e-06 -2.67865e-12 -1.52498e-11 1.01089e-11 -3.50379e-05
128.617 6.40425e-08 -1.96591e-08 0.55 3.13325e-11 8.10301e-11 1.05781e-08 1 1.02496e-06 -5.19867e-07 0.55 3.30262e-08 -1.16713e-08 0.986126 0.165997 -0.194363 0.127082 4.82205e-09 -0.00121345 -0.00186548 -1.11349 -1.41008e-05 3.46332e-06 8.18213e-13 -6.32967e-13 -2.38544e-11 5.1374e-05
129.293 8.03376e-08 -1.7437e-08 0.55 1.93841e-11 1.04846e-10 1.32612e-08 1 1.3628e-06 -4.4335e-07 0.55 4.21931e-08 -5.08735e-09 0.992416 0.122925 -0.276944 0.0728319 -5.51608e-08 -0.000691502 -0.00265555 -1.42195 -1.77808e-05 2.69137e-07 4.38913e-12 1.35221e-11 -2.20226e-11 6.47756e-05
129.961 9.43945e-09 -4.53962e-09 0.55 1.59704e-11 8.33747e-12 1.56102e-09 1 1.23557e-07 -1.40193e-07 0.55 3.86195e-09 -8.38832e-09 0.97762 0.210379 -0.0125179 0.0695184 5.18109e-08 -0.000666035 -0.000121399 -0.190149 -2.48491e-06 3.65122e-06 -2.61176e-12 -1.25491e-11 -3.26292e-13 9.04859e-06
130.647 -5.51775e-08 3.10749e-08 0.55 -3.09928e-11 -7.68759e-11 -9.14756e-09 1 -7.00026e-07 7.66136e-07 0.55 -3.10548e-08 6.38525e-09 0.948963 0.315388 0.178809 -0.108362 -1.71261e-08 0.00103445 0.00171593 1.02761 1.30164e-05 1.21609e-06 1.63574e-12 3.70721e-12 1.96725e-11 -4.74194e-05
131.344 -4.88452e-08 2.85491e-08 0.55 -2.97904e-11 -6.76636e-11 -8.10051e-09 1 -6.05532e-07 7.02087e-07 0.55 -2.74551e-08 6.6962e-09 0.946422 0.322932 0.156106 -0.109115 -1.54188e-08 0.00104212 0.00149834 0.937051 1.18949e-05 5.76565e-07 1.42962e-12 3.39075e-12 1.4366e-11 -4.33329e-05
132.05 1.01851e-08 -4.97695e-09 0.55 1.16042e-11 1.07743e-11 1.6852e-09 1 1.34809e-07 -1.38861e-07 0.55 4.69727e-09 -5.46768e-09 0.970864 0.23963 -0.0181741 0.0480444 2.80432e-08 -0.000460097 -0.000175254 -0.185745 -2.40388e-06 2.1299e-06 -1.38927e-12 -6.63734e-12 -6.19332e-12 8.75975e-06
132.727 5.04559e-08 -1.54878e-08 0.55 1.70996e-11 6.60226e-11 8.33457e-09 1 8.109e-07 -3.93108e-07 0.55 2.66137e-08 -4.46974e-09 0.984776 0.173831 -0.168666 0.0645243 -2.287e-08 -0.000614446 -0.00161777 -0.895023 -1.12557e-05 2.1273e-07 1.82884e-12 5.80281e-12 -1.54055e-11 4.10047e-05
133.42 2.92905e-08 -1.00808e-08 0.55 1.31463e-11 3.77094e-11 4.83997e-09 1 4.56252e-07 -2.61331e-07 0.55 1.52935e-08 -4.21876e-09 0.981388 0.192037 -0.0947788 0.0514041 3.57178e-09 -0.000490458 -0.000909367 -0.529579 -6.6985e-06 7.61894e-07 5.58029e-14 -7.18989e-13 -7.286e-12 2.44025e-05
134.095 -1.8346e-08 8.0721e-09 0.55 -5.64075e-12 -2.58917e-11 -3.0358e-09 1 -2.65848e-07 1.97335e-07 0.55 -1.0296e-08 1.40379e-10 0.965738 0.25952 0.0646297 -0.017196 1.15299e-08 0.000163313 0.00061977 0.321435 4.03959e-06 1.08056e-06 -5.42464e-13 -2.95032e-12 7.28494e-12 -1.47167e-05
134.795 -3.70381e-08 1.97446e-08 0.55 -2.15238e-11 -4.99171e-11 -6.13661e-09 1 -4.83172e-07 4.93018e-07 0.55 -2.02698e-08 5.41248e-09 0.954867 0.297032 0.115402 -0.0792091 -1.3931e-08 0.000756478 0.00110763 0.689604 8.75183e-06 2.677e-09 1.04824e-12 3.10367e-12 1.14963e-11 -3.18831e-05
135.519 -1.1261e-08 5.09343e-09 0.55 -3.53562e-12 -1.59957e-11 -1.86378e-09 1 -1.61628e-07 1.23884e-07 0.55 -6.35637e-09 4.97774e-11 0.964016 0.265845 0.0425216 -0.0127622 8.94606e-09 0.000121296 0.00040775 0.213995 2.69141e-06 6.79674e-07 -4.32352e-13 -2.20493e-12 1.98287e-12 -9.80439e-06
136.234 2.38918e-08 -9.05671e-09 0.55 1.0723e-11 3.11116e-11 3.94951e-09 1 3.62277e-07 -2.31301e-07 0.55 1.26005e-08 -3.08908e-09 0.97708 0.212873 -0.0760598 0.0409025 -1.53988e-09 -0.000390245 -0.000729807 -0.425962 -5.38843e-06 3.49943e-07 2.5007e-13 5.6536e-13 -8.13998e-12 1.96302e-05
136.944 2.57358e-08 -9.18503e-09 0.55 1.00425e-11 3.37966e-11 4.25336e-09 1 3.9799e-07 -2.33278e-07 0.55 1.36355e-08 -2.60485e-09 0.979246 0.202674 -0.0848773 0.0378693 -5.09411e-09 -0.000360958 -0.000814208 -0.460138 -5.81085e-06 7.56295e-08 4.51489e-13 1.39404e-12 -6.99784e-12 2.1169e-05
137.613 -2.65106e-10 -2.9923e-11 0.55 1.3806e-12 -9.26505e-13 -4.37431e-11 1 -6.82039e-09 -3.66501e-09 0.55 -3.03851e-10 -8.9516e-10 0.971644 0.236447 0.0037031 0.00630041 6.53259e-09 -6.0468e-05 3.53752e-05 0.00293085 2.5428e-08 4.56225e-07 -3.43885e-13 -1.60504e-12 1.25305e-12 -9.26819e-08
138.3 -2.11515e-08 1.01347e-08 0.55 -1.07105e-11 -2.83746e-11 -3.50147e-09 1 -2.92191e-07 2.544e-07 0.55 -1.14747e-08 2.58931e-09 0.962679 0.270648 0.0674592 -0.0392664 -3.20233e-09 0.000374774 0.000647334 0.385346 4.90981e-06 8.78855e-08 2.61907e-13 6.48237e-13 6.93587e-12 -1.78865e-05
138.973 -1.62723e-08 7.74122e-09 0.55 -8.07642e-12 -2.18693e-11 -2.69365e-09 1 -2.25786e-07 1.93963e-07 0.55 -8.83777e-09 1.90366e-09 0.963154 0.26895 0.0530393 -0.0302416 -8.70994e-10 0.000288597 0.000508933 0.301452 3.81628e-06 9.87821e-08 9.94285e-14 1.02276e-13 4.37174e-12 -1.39028e-05
139.69 5.93463e-09 -2.56765e-09 0.55 3.47764e-12 7.55086e-12 9.81642e-10 1 8.5309e-08 -6.63737e-08 0.55 3.08925e-09 -1.16575e-09 0.971285 0.237918 -0.0177057 0.0136071 2.8687e-09 -0.00013001 -0.000169989 -0.108204 -1.30633e-06 2.46812e-07 -1.33863e-13 -6.44612e-13 -2.64076e-12 4.75905e-06
140.348 1.76293e-08 -6.75963e-09 0.55 7.27085e-12 2.32474e-11 2.91451e-09 1 2.66704e-07 -1.7113e-07 0.55 9.38177e-09 -1.83552e-09 0.976 0.21777 -0.0576728 0.0272564 -3.05724e-09 -0.000259882 -0.000553286 -0.31567 -3.98848e-06 1.40527e-08 2.56038e-13 8.72646e-13 -5.36218e-12 1.45301e-05
141.028 9.20841e-09 -3.69286e-09 0.55 4.27277e-12 1.20395e-11 1.52265e-09 1 1.36896e-07 -9.41735e-08 0.55 4.87526e-09 -1.19998e-09 0.974135 0.225966 -0.029461 0.0162691 7.71846e-10 -0.000155235 -0.000282672 -0.166082 -2.10166e-06 1.05568e-07 -1.04165e-14 -1.35444e-13 -2.12834e-12 7.6564e-06
141.708 -7.3288e-09 3.19464e-09 0.55 -3.08793e-12 -9.89286e-12 -1.2125e-09 1 -1.059e-07 7.9919e-08 0.55 -3.97973e-09 6.32089e-10 0.968299 0.249792 0.0238881 -0.0109096 1.20111e-09 0.000104008 0.000229173 0.129655 1.63746e-06 1.22267e-07 -6.0699e-14 -3.53915e-13 2.76882e-12 -5.96526e-06
142.43 -1.2978e-08 6.0121e-09 0.55 -6.4871e-12 -1.7287e-11 -2.14786e-09 1 -1.82102e-07 1.51408e-07 0.55 -6.99519e-09 1.63068e-09 0.965217 0.261451 0.0415417 -0.0242168 -1.49061e-09 0.00023113 0.000398627 0.237426 3.00658e-06 1.69878e-10 1.05838e-13 2.77595e-13 3.86263e-12 -1.0953e-05
143.127 -3.12301e-09 1.3491e-09 0.55 -1.19568e-12 -4.26387e-12 -5.16673e-10 1 -4.54054e-08 3.34803e-08 0.55 -1.70942e-09 1.93958e-10 0.968404 0.249386 0.0109555 -0.00443597 1.20519e-09 4.22529e-05 0.000105076 0.0581758 7.33853e-07 8.74054e-08 -6.17652e-14 -3.01759e-13 3.96385e-13 -2.67343e-06
143.835 8.66848e-09 -3.54592e-09 0.55 3.91244e-12 1.14208e-11 1.43354e-09 1 1.281e-07 -8.98654e-08 0.55 4.61748e-09 -1.02533e-09 0.972868 0.231363 -0.027982 0.014729 -4.07652e-10 -0.000140515 -0.000268484 -0.156292 -1.97684e-06 3.70809e-08 5.13135e-14 1.67175e-13 -2.91403e-12 7.20165e-06
144.507 8.95335e-09 -3.60351e-09 0.55 3.88935e-12 1.18249e-11 1.48054e-09 1 1.33146e-07 -9.12178e-08 0.55 4.77514e-09 -9.86899e-10 0.973566 0.228407 -0.0293091 0.0146552 -7.23127e-10 -0.000139772 -0.00028119 -0.162074 -2.0489e-06 8.6597e-09 6.67802e-14 2.28857e-13 -2.47438e-12 7.46419e-06
145.185 -1.45689e-10 4.44368e-11 0.55 1.16321e-13 -2.64724e-13 -2.40853e-11 1 -2.48818e-09 7.70758e-10 0.55 -9.82115e-11 -9.63245e-11 0.970693 0.240323 0.000599271 0.000692832 8.11561e-10 -6.65138e-06 5.73601e-06 0.00114247 1.30136e-08 5.57764e-08 -4.32186e-14 -2.05876e-13 4.50968e-13 -4.73801e-08
145.855 -7.40876e-09 3.29726e-09 0.55 -3.5167e-12 -9.86005e-12 -1.22584e-09 1 -1.05869e-07 8.3116e-08 0.55 -3.98496e-09 8.70217e-10 0.967707 0.252077 0.0237961 -0.0130361 -3.07413e-10 0.000124388 0.000228329 0.134066 1.69648e-06 1.2004e-08 2.22916e-14 2.1563e-14 2.40001e-12 -6.18028e-06
146.541 -5.72594e-09 2.54297e-09 0.55 -2.70115e-12 -7.62446e-12 -9.4739e-10 1 -8.19195e-08 6.40575e-08 0.55 -3.08084e-09 6.63292e-10 0.967836 0.251583 0.0186842 -0.0101699 -9.87913e-11 9.70327e-05 0.000179271 0.105117 1.33005e-06 1.21619e-08 8.16643e-15 -2.02816e-14 1.5155e-12 -4.8454e-06
147.198 1.45782e-09 -6.31642e-10 0.55 7.71229e-13 1.89201e-12 2.41152e-10 1 2.09995e-08 -1.61475e-08 0.55 7.69566e-10 -2.31488e-10 0.970357 0.241676 -0.00414352 0.00277028 3.62744e-10 -2.64575e-05 -3.97741e-05 -0.0244437 -3.10027e-07 3.17195e-08 -1.70162e-14 -7.71079e-14 -7.33826e-13 1.12942e-06
147.869 6.06965e-09 -2.50285e-09 0.55 2.6931e-12 8.02926e-12 1.00382e-09 1 8.94634e-08 -6.32828e-08 0.55 3.24308e-09 -6.78967e-10 0.972264 0.233885 -0.0196589 0.010062 -4.10792e-10 -9.59774e-05 -0.000188615 -0.109203 -1.38085e-06 2.90594e-09 3.75994e-14 1.41905e-13 -1.8824e-12 5.03043e-06
148.534 3.69517e-09 -1.53987e-09 0.55 1.68502e-12 4.87824e-12 6.11148e-10 1 5.42172e-08 -3.89984e-08 0.55 1.97197e-09 -4.36347e-10 0.97177 0.235932 -0.0121115 0.00641904 4.41331e-12 -6.12372e-05 -0.000116203 -0.0677517 -8.57012e-07 1.06959e-08 5.48365e-15 2.09465e-14 -9.16851e-13 3.12212e-06
149.196 -1.98406e-09 8.48944e-10 0.55 -8.63744e-13 -2.65307e-12 -3.28207e-10 1 -2.88565e-08 2.13386e-08 0.55 -1.06949e-09 1.97015e-10 0.969784 0.243965 0.00643944 -0.00314331 2.32443e-10 2.99777e-05 6.1783e-05 0.0354257 4.47726e-07 1.67465e-08 -1.44769e-14 -7.15947e-14 8.18402e-13 -1.63106e-06
149.888 -4.68822e-09 2.06186e-09 0.55 -2.21827e-12 -6.22499e-12 -7.75642e-10 1 -6.73255e-08 5.20326e-08 0.55 -2.51649e-09 5.5729e-10 0.968518 0.248944 0.0150897 -0.00827636 -2.2711e-10 7.89706e-05 0.000144788 0.0850394 1.07534e-06 1.56091e-10 9.37607e-15 6.31082e-15 1.41779e-12 -3.91746e-06
150.517 -2.2703e-09 9.85169e-10 0.55 -1.03549e-12 -3.02329e-12 -3.75582e-10 1 -3.28093e-08 2.48146e-08 0.55 -1.22065e-09 2.50166e-10 0.969183 0.24634 0.00759097 -0.0039701 1.46657e-10 3.78714e-05 7.2829e-05 0.0423463 5.21006e-07 8.16522e-09 -5.39331e-15 -3.52244e-14 5.05329e-13 -1.89804e-06
151.241 2.35166e-09 -9.96198e-10 0.55 1.09188e-12 3.10641e-12 3.88979e-10 1 3.4285e-08 -2.5212e-08 0.55 1.25621e-09 -2.83051e-10 0.970877 0.239577 -0.00752597 0.00407949 1.46521e-11 -3.89244e-05 -7.22143e-05 -0.0423002 -5.35203e-07 7.51495e-09 3.53448e-15 1.77671e-14 -8.52852e-13 1.94974e-06
151.942 3.44318e-09 -1.4394e-09 0.55 1.54579e-12 4.55937e-12 5.69486e-10 1 5.04828e-08 -3.63788e-08 0.55 1.8417e-09 -3.88358e-10 0.971485 0.237101 -0.0112258 0.00581158 -1.17992e-10 -5.5437e-05 -0.000107705 -0.0625002 -7.86247e-07 2.34213e-10 1.41368e-14 5.86506e-14 -9.89595e-13 2.86431e-06
