188.162 -3.0561e-11 1.89848e-14 0.55 6.72684e-17 -3.9833e-14 -5.04119e-12 1 -5.47032e-10 4.91496e-13 0.55 -1.60124e-11 -4.37997e-14 1 0.000366928 0.000107685 5.60533e-08 -3.84298e-11 -2.94397e-09 1.0319e-06 0.000535741 6.73318e-09 -6.05258e-14 -6.62341e-16 7.39536e-17 7.79281e-15 -2.45291e-08
188.733 -3.26337e-13 5.55112e-17 0.55 3.2945e-18 -4.24543e-16 -5.38309e-14 1 -5.84133e-12 -5.82867e-15 0.55 -1.70472e-13 -2.0056e-15 1 0.000326926 3.36647e-06 1.3893e-08 2.88853e-13 -2.08462e-10 3.22278e-08 1.67523e-05 2.1052e-10 7.39148e-13 1.51094e-15 1.44985e-17 -1.3265e-15 -7.67026e-10
189.137 2.00466e-11 -1.0103e-14 0.55 -4.45911e-17 2.61296e-14 3.30679e-12 1 3.58828e-10 -2.67758e-13 0.55 1.0504e-11 2.81265e-14 1 0.000295942 -6.96069e-05 -3.61477e-08 2.2238e-12 1.91217e-09 -6.67049e-07 -0.000346294 -4.35224e-09 6.62001e-13 1.53918e-15 -2.28811e-18 -6.88146e-15 1.58552e-08
189.654 3.03342e-11 -1.39888e-14 0.55 -7.11927e-17 3.9538e-14 5.00378e-12 1 5.42973e-10 -3.68011e-13 0.55 1.58939e-11 4.42901e-14 1 0.00027575 -0.000106625 -7.13229e-08 -1.40148e-13 3.08381e-09 -1.02176e-06 -0.000530464 -6.66687e-09 2.91422e-13 3.80846e-17 1.92122e-17 -8.77612e-15 2.42874e-08
190.173 1.94617e-11 -9.38138e-15 0.55 -4.44901e-17 2.53661e-14 3.21031e-12 1 3.48359e-10 -2.48163e-13 0.55 1.01968e-11 2.78696e-14 1 0.000286148 -6.89121e-05 -4.12624e-08 4.03316e-13 1.94696e-09 -6.60348e-07 -0.000342843 -4.30884e-09 4.02544e-13 5.36248e-16 3.28686e-17 -4.6772e-15 1.56972e-08
190.601 1.29953e-12 -7.21645e-16 0.55 -1.35833e-18 1.69321e-15 2.14364e-13 1 2.32612e-11 -2.40086e-14 0.55 6.80511e-13 9.67648e-16 1 0.000310571 -5.50203e-06 3.74376e-09 1.64449e-12 8.72829e-11 -5.27001e-08 -2.73759e-05 -3.44042e-10 4.54819e-13 1.98791e-15 -9.80459e-18 7.83883e-16 1.25342e-09
191.172 -1.92618e-11 1.113e-14 0.55 4.33848e-17 -2.51064e-14 -3.17733e-12 1 -3.4478e-10 2.88269e-13 0.55 -1.00926e-11 -2.79003e-14 1 0.000342404 6.78549e-05 3.93293e-08 -2.3683e-12 -1.90332e-09 6.5025e-07 0.000337579 4.19235e-09 9.88627e-15 6.13541e-16 2.18178e-18 6.19092e-15 -1.52727e-08
191.738 -2.19252e-11 1.30729e-14 0.55 4.82715e-17 -2.85775e-14 -3.61668e-12 1 -3.92455e-10 3.39312e-13 0.55 -1.14878e-11 -3.12744e-14 1 0.000351095 7.69632e-05 4.01707e-08 5.43917e-12 -2.12054e-09 7.37513e-07 0.000382896 4.84057e-09 -1.93202e-13 -3.25137e-16 -3.40861e-17 6.04948e-15 -1.76342e-08
192.267 -8.68635e-12 4.85723e-15 0.55 2.01452e-17 -1.13214e-14 -1.43286e-12 1 -1.55483e-10 1.25316e-13 0.55 -4.551e-12 -1.28894e-14 1 0.000335309 3.11099e-05 2.05507e-08 1.49772e-11 -9.04447e-10 2.981e-07 0.000154775 1.9452e-09 1.34579e-13 -8.98379e-16 -5.11436e-17 1.64796e-15 -7.08644e-09
192.768 7.82719e-12 -4.16334e-15 0.55 -1.70122e-17 1.02025e-14 1.29113e-12 1 1.40104e-10 -1.1055e-13 0.55 4.10139e-12 1.08494e-14 1 0.000311557 -2.63835e-05 -1.2225e-08 7.17657e-12 7.073e-10 -2.52843e-07 -0.000131257 -1.64965e-09 2.92575e-13 -5.92903e-16 -2.81392e-17 -2.99799e-15 6.00963e-09
193.3 1.75989e-11 -8.6875e-15 0.55 -4.0576e-17 2.29387e-14 2.90302e-12 1 3.15014e-10 -2.28623e-13 0.55 9.22115e-12 2.55006e-14 1 0.000294663 -6.183e-05 -3.86415e-08 2.84813e-12 1.76162e-09 -5.92506e-07 -0.000307607 -3.866e-09 1.91696e-13 2.04973e-15 3.71679e-17 -5.2785e-15 1.40839e-08
193.919 1.23019e-11 -6.21725e-15 0.55 -2.80366e-17 1.60342e-14 2.02926e-12 1 2.202e-10 -1.62592e-13 0.55 6.44552e-12 1.76963e-14 1 0.000298409 -4.35969e-05 -2.62253e-08 -7.79235e-12 1.23608e-09 -4.17767e-07 -0.000216898 -2.72596e-09 1.78822e-13 5.0972e-16 9.0125e-18 -3.03067e-15 9.93074e-09
194.45 -9.37505e-13 4.71845e-16 0.55 2.66636e-18 -1.22231e-15 -1.54646e-13 1 -1.6781e-11 1.08802e-14 0.55 -4.91443e-13 -1.6684e-15 1 0.000316285 2.6614e-06 4.05628e-09 4.6016e-12 -1.01208e-10 2.55178e-08 1.32388e-05 1.66395e-10 1.47821e-13 1.74297e-16 -1.81096e-17 9.39902e-16 -6.06134e-10
194.997 -1.19182e-11 6.68909e-15 0.55 2.68256e-17 -1.55345e-14 -1.96597e-12 1 -2.13332e-10 1.74472e-13 0.55 -6.24477e-12 -1.71952e-14 1 0.000333596 4.14168e-05 2.39074e-08 -4.98033e-12 -1.15893e-09 3.96894e-07 0.000206049 2.61638e-09 -5.86884e-14 3.21208e-16 -7.34418e-18 3.79437e-15 -9.53145e-09
195.663 -1.15472e-11 6.60583e-15 0.55 2.58651e-17 -1.50506e-14 -1.90477e-12 1 -2.06692e-10 1.70974e-13 0.55 -6.05017e-12 -1.65774e-14 1 0.000336413 4.07525e-05 2.26142e-08 -5.5723e-12 -1.1321e-09 3.90515e-07 0.000202746 2.54811e-09 -8.97289e-14 4.76194e-17 -3.09936e-17 3.03263e-15 -9.28279e-09
196.282 -4.72158e-13 2.498e-16 0.55 1.37166e-18 -6.15134e-16 -7.78848e-14 1 -8.45147e-12 5.44009e-15 0.55 -2.47212e-13 -8.67676e-16 1 0.00032198 2.36761e-06 2.82271e-09 -8.74246e-12 -7.59789e-11 2.2677e-08 1.17804e-05 1.48047e-10 8.37617e-14 2.25668e-15 3.04608e-17 -3.67447e-16 -5.39374e-10
196.923 9.46342e-12 -4.85723e-15 0.55 -2.17374e-17 1.23349e-14 1.56104e-12 1 1.69392e-10 -1.28064e-13 0.55 4.95852e-12 1.36323e-14 1 0.000306393 -3.30248e-05 -1.96899e-08 4.63684e-12 9.29575e-10 -3.16474e-07 -0.000164299 -2.06677e-09 1.1623e-13 -2.40296e-16 -7.47046e-19 -2.96749e-15 7.52924e-09
197.542 8.99663e-12 -4.66294e-15 0.55 -2.06137e-17 1.17262e-14 1.48404e-12 1 1.61037e-10 -1.20848e-13 0.55 4.71379e-12 1.30007e-14 1 0.000304654 -3.16819e-05 -1.92244e-08 3.8286e-12 8.96117e-10 -3.03595e-07 -0.000157619 -1.98096e-09 9.28269e-14 -1.85658e-17 1.98113e-17 -2.36719e-15 7.21665e-09
198.153 6.84406e-13 -3.88578e-16 0.55 -1.4148e-18 8.91846e-16 1.12896e-13 1 1.22507e-11 -1.02696e-14 0.55 3.58463e-13 8.75756e-16 1 0.000315419 -2.84243e-06 -8.06651e-10 -5.28804e-12 7.47602e-11 -2.72296e-08 -1.41422e-05 -1.77733e-10 6.08686e-14 3.80284e-16 4.68945e-17 1.99977e-16 6.47511e-10
198.791 -7.12115e-12 3.91354e-15 0.55 1.61784e-17 -9.28189e-15 -1.17467e-12 1 -1.27466e-10 1.02501e-13 0.55 -3.73126e-12 -1.02648e-14 1 0.000327574 2.49548e-05 1.44677e-08 -1.6772e-12 -6.99434e-10 2.3914e-07 0.000124151 1.56033e-09 -4.52244e-14 1.38796e-16 1.20412e-17 2.25565e-15 -5.68428e-09
199.442 -6.85965e-12 3.85803e-15 0.55 1.54477e-17 -8.94086e-15 -1.13153e-12 1 -1.22786e-10 9.93927e-14 0.55 -3.59412e-12 -9.86074e-15 1 0.000329139 2.43063e-05 1.37856e-08 1.69814e-12 -6.80067e-10 2.32918e-07 0.000120925 1.51979e-09 -5.81515e-14 -1.39121e-16 -6.95254e-18 1.81418e-15 -5.5366e-09
200.079 -1.17515e-13 8.32667e-17 0.55 4.11846e-19 -1.53005e-16 -1.93848e-14 1 -2.10348e-12 1.22125e-15 0.55 -6.14675e-14 -2.37847e-16 1 0.000320338 4.96228e-07 8.02619e-10 6.21876e-12 -2.21393e-11 4.74864e-09 2.46958e-06 3.10328e-11 2.92705e-14 -3.55663e-16 -3.80953e-17 -2.89719e-16 -1.13074e-10
200.679 5.45639e-12 -2.83107e-15 0.55 -1.24735e-17 7.112e-15 9.00059e-13 1 9.76677e-11 -7.50233e-14 0.55 2.85897e-12 7.85383e-15 1 0.000311613 -1.90632e-05 -1.12378e-08 -1.9514e-11 5.46096e-10 -1.82681e-07 -9.484e-05 -1.19195e-09 6.21502e-14 -8.65815e-16 7.15267e-17 -1.727e-15 4.34228e-09
201.297 5.46695e-12 -2.91434e-15 0.55 -1.24802e-17 7.12563e-15 9.01801e-13 1 9.78568e-11 -7.47458e-14 0.55 2.86442e-12 7.89303e-15 1 0.000310172 -1.9283e-05 -1.1516e-08 -2.00601e-12 5.46085e-10 -1.84782e-07 -9.59343e-05 -1.2057e-09 5.13684e-14 1.3496e-16 4.01525e-17 -1.45682e-15 4.39238e-09
201.912 6.29465e-13 -3.88578e-16 0.55 -1.38289e-18 8.20323e-16 1.03833e-13 1 1.12672e-11 -9.02056e-15 0.55 3.29732e-13 8.63261e-16 1 0.000316372 -2.43897e-06 -1.19023e-09 -4.17451e-12 6.77805e-11 -2.3367e-08 -1.21346e-05 -1.52504e-10 2.2027e-14 2.43285e-16 -1.33442e-17 5.55936e-17 5.5559e-10
202.527 -4.00493e-12 2.13718e-15 0.55 9.05217e-18 -5.22014e-15 -6.60633e-13 1 -7.16869e-11 5.69267e-14 0.55 -2.09846e-12 -5.7729e-15 1 0.000323506 1.39434e-05 8.13666e-09 2.00818e-11 -4.01271e-10 1.33619e-07 6.93687e-05 8.71828e-10 -2.94461e-14 8.38052e-16 -7.26154e-17 1.28515e-15 -3.17607e-09
203.15 -4.34419e-12 2.44249e-15 0.55 9.80399e-18 -5.66222e-15 -7.16596e-13 1 -7.77596e-11 6.22002e-14 0.55 -2.27615e-12 -6.24616e-15 1 0.000325097 1.53621e-05 8.74996e-09 1.32355e-12 -4.30895e-10 1.4721e-07 7.64275e-05 9.53116e-10 -3.90141e-14 -9.89829e-17 -1.11245e-17 1.16444e-15 -3.47221e-09
203.794 -5.52874e-13 3.33067e-16 0.55 1.28333e-18 -7.20524e-16 -9.11994e-14 1 -9.89627e-12 7.66054e-15 0.55 -2.8962e-13 -8.16733e-16 1 0.000320288 2.09258e-06 1.39003e-09 2.96222e-12 -6.13022e-11 2.00487e-08 1.04111e-05 1.30844e-10 5.35864e-15 -1.81197e-16 1.94212e-17 -2.50104e-17 -4.7668e-10
204.392 2.98098e-12 -1.52656e-15 0.55 -6.74509e-18 3.88551e-15 4.91728e-13 1 5.33587e-11 -4.14391e-14 0.55 1.56195e-12 4.28781e-15 1 0.000314878 -1.03545e-05 -6.1144e-09 -5.35516e-12 2.93493e-10 -9.92266e-08 -5.15136e-05 -6.47425e-10 2.97289e-14 1.38316e-16 -1.42048e-17 -9.65204e-16 2.35857e-09
204.932 3.57494e-12 -1.91513e-15 0.55 -8.14142e-18 4.6596e-15 5.89704e-13 1 6.39903e-11 -4.93217e-14 0.55 1.87311e-12 5.15813e-15 1 0.00031329 -1.25582e-05 -7.48554e-09 -8.54501e-13 3.54728e-10 -1.20342e-07 -6.24779e-05 -7.85221e-10 3.26506e-14 4.25584e-17 1.57391e-18 -9.92403e-16 2.86057e-09
205.473 1.569e-12 -8.88178e-16 0.55 -3.5612e-18 2.04499e-15 2.58815e-13 1 2.80847e-11 -2.19269e-14 0.55 8.22049e-13 2.25202e-15 1 0.000315613 -5.62322e-06 -3.26292e-09 -2.71413e-12 1.58922e-10 -5.38831e-08 -2.79761e-05 -3.51601e-10 2.09916e-14 1.54103e-16 -7.35573e-18 -3.209e-16 1.2809e-09
205.933 -8.77258e-13 4.16334e-16 0.55 2.01485e-18 -1.1435e-15 -1.44708e-13 1 -1.57026e-11 1.22125e-14 0.55 -4.59691e-13 -1.26944e-15 1 0.000319079 2.90919e-06 1.73532e-09 -2.11655e-12 -8.18906e-11 2.78809e-08 1.4473e-05 1.81899e-10 -3.52825e-15 1.33656e-16 -2.97609e-17 3.78902e-16 -6.6265e-10
206.382 -2.54559e-12 1.33227e-15 0.55 5.74962e-18 -3.31798e-15 -4.19908e-13 1 -4.55653e-11 3.60822e-14 0.55 -1.33381e-12 -3.66275e-15 1 0.000321796 8.96192e-06 5.25405e-09 -9.68607e-13 -2.50895e-10 8.58811e-08 4.45858e-05 5.60355e-10 -2.02789e-14 5.56653e-17 3.57344e-17 8.02279e-16 -2.04137e-09
206.803 -2.77345e-12 1.4988e-15 0.55 6.26716e-18 -3.61493e-15 -4.57495e-13 1 -4.96439e-11 3.93574e-14 0.55 -1.45317e-12 -3.98988e-15 1 0.000322574 9.7549e-06 5.682e-09 5.39091e-13 -2.73739e-10 9.34783e-08 4.85311e-05 6.09939e-10 -2.14622e-14 -2.46781e-17 1.94125e-17 7.76413e-16 -2.22201e-09
207.222 -1.74682e-12 9.99201e-16 0.55 3.92945e-18 -2.27678e-15 -2.88147e-13 1 -3.12675e-11 2.46747e-14 0.55 -9.15231e-13 -2.51871e-15 1 0.000321472 6.11411e-06 3.57896e-09 -5.42063e-12 -1.69366e-10 5.85881e-08 3.04182e-05 3.82294e-10 -1.47689e-14 1.46035e-16 1.01614e-17 4.06358e-16 -1.39271e-09
207.76 4.23488e-13 -1.94289e-16 0.55 -9.37052e-19 5.52035e-16 6.98564e-14 1 7.58031e-12 -6.02296e-15 0.55 2.21926e-13 6.05571e-16 1 0.000318485 -1.4745e-06 -8.18236e-10 1.56799e-12 4.03978e-11 -1.41319e-08 -7.33541e-06 -9.2193e-11 6.71161e-15 -1.10319e-16 -2.07894e-18 -2.32464e-16 3.35853e-10
208.387 2.11119e-12 -1.08247e-15 0.55 -4.79015e-18 2.75176e-15 3.48251e-13 1 3.77896e-11 -2.93654e-14 0.55 1.10619e-12 3.04357e-15 1 0.000315709 -7.41974e-06 -4.38053e-09 3.12344e-13 2.08841e-10 -7.11021e-08 -3.69134e-05 -4.63928e-10 1.81941e-14 -1.96613e-17 -2.61517e-18 -6.41892e-16 1.69009e-09
209.016 1.59437e-12 -8.88178e-16 0.55 -3.62438e-18 2.07809e-15 2.62999e-13 1 2.85387e-11 -2.21767e-14 0.55 8.35363e-13 2.29592e-15 1 0.000315962 -5.59488e-06 -3.28441e-09 -1.00202e-12 1.5785e-10 -5.36131e-08 -2.78349e-05 -3.55067e-10 1.87182e-14 6.02747e-17 2.08926e-17 -4.0351e-16 1.29351e-09
209.61 -1.97184e-13 5.55112e-17 0.55 4.85925e-19 -2.57055e-16 -3.25265e-14 1 -3.52952e-12 2.77556e-15 0.55 -1.03344e-13 -2.88487e-16 1 0.000318377 5.94423e-07 3.63719e-10 -1.36371e-12 -1.66339e-11 5.69796e-09 2.95707e-06 3.71657e-11 -3.62122e-17 7.07767e-17 -1.38764e-17 1.36474e-16 -1.35389e-10
210.248 -1.59733e-12 8.04912e-16 0.55 3.61214e-18 -2.082e-15 -2.63488e-13 1 -2.85918e-11 2.25653e-14 0.55 -8.36946e-13 -2.30122e-15 1 0.000320644 5.60729e-06 3.31793e-09 -1.64383e-13 -1.57447e-10 5.37339e-08 2.78964e-05 3.50603e-10 -1.36719e-14 3.89927e-17 2.38961e-17 4.89149e-16 -1.27725e-09
210.903 -1.23467e-12 7.21645e-16 0.55 2.8006e-18 -1.60926e-15 -2.03665e-13 1 -2.21002e-11 1.74583e-14 0.55 -6.46901e-13 -1.77824e-15 1 0.000320516 4.35203e-06 2.53007e-09 9.40432e-13 -1.22693e-10 4.17035e-08 2.16517e-05 2.72117e-10 -1.10783e-14 -4.73993e-17 -5.32582e-18 3.08932e-16 -9.91328e-10
211.534 2.28325e-13 -8.32667e-17 0.55 -5.03076e-19 2.97634e-16 3.76633e-14 1 4.08695e-12 -3.19189e-15 0.55 1.19654e-13 3.23966e-16 1 0.000318536 -7.85932e-07 -3.903e-10 1.01025e-12 2.1188e-11 -7.5327e-09 -3.90988e-06 -4.3946e-11 1.93083e-15 -7.28103e-17 -5.6818e-18 -1.23856e-16 1.60091e-10
212.131 1.222e-12 -6.10623e-16 0.55 -2.76966e-18 1.59277e-15 2.01574e-13 1 2.18734e-11 -1.70697e-14 0.55 6.40283e-13 1.76116e-15 1 0.000316919 -4.28151e-06 -2.49572e-09 3.54399e-13 1.20343e-10 -4.10291e-08 -2.13006e-05 -2.67707e-10 1.30754e-14 -1.66431e-17 1.33212e-17 -3.74784e-16 9.75256e-10
212.808 9.30509e-13 -5.55112e-16 0.55 -2.11537e-18 1.21282e-15 1.53492e-13 1 1.66558e-11 -1.30174e-14 0.55 4.87536e-13 1.34033e-15 1 0.000317027 -3.31538e-06 -1.90546e-09 -4.54021e-13 9.34824e-11 -3.17697e-08 -1.64942e-05 -2.04159e-10 7.3876e-15 2.85907e-17 -1.9434e-18 -2.29801e-16 7.43757e-10
213.435 -1.92369e-13 5.55112e-17 0.55 5.08216e-19 -2.50761e-16 -3.17322e-14 1 -3.44333e-12 2.66454e-15 0.55 -1.00809e-13 -2.79139e-16 1 0.000318551 6.69782e-07 3.98335e-10 -9.7749e-13 -1.85563e-11 6.41936e-09 3.33207e-06 4.18781e-11 -1.2177e-15 4.82326e-17 -2.31643e-18 1.05379e-16 -1.52559e-10
214.06 -9.59001e-13 4.71845e-16 0.55 2.1705e-18 -1.24998e-15 -1.58192e-13 1 -1.71658e-11 1.34615e-14 0.55 -5.02482e-13 -1.38149e-15 1 0.000319811 3.3671e-06 1.94798e-09 -2.27208e-13 -9.45369e-11 3.22664e-08 1.67514e-05 2.10532e-10 -1.02463e-14 1.0343e-17 -9.95214e-18 2.91845e-16 -7.66969e-10
214.686 -7.30525e-13 4.44089e-16 0.55 1.65845e-18 -9.5216e-16 -1.20504e-13 1 -1.30762e-11 1.02973e-14 0.55 -3.82756e-13 -1.05207e-15 1 0.000319705 2.59762e-06 1.45856e-09 2.32715e-13 -7.31289e-11 2.48917e-08 1.29233e-05 1.6242e-10 -8.51394e-15 -4.26415e-17 -2.70281e-17 1.84734e-16 -5.91698e-10
215.303 1.14876e-13 0 0.55 -2.56782e-19 1.4975e-16 1.89493e-14 1 2.05625e-12 -1.63758e-15 0.55 6.02027e-14 1.6641e-16 1 0.000318564 -3.98825e-07 -1.68354e-10 7.09807e-13 1.10213e-11 -3.82263e-09 -1.98408e-06 -2.49364e-11 1.7994e-15 -3.23626e-17 3.09272e-17 -7.25787e-17 9.08412e-11
215.938 7.32334e-13 -3.33067e-16 0.55 -1.66117e-18 9.54539e-16 1.20802e-13 1 1.31086e-11 -1.02696e-14 0.55 3.83717e-13 1.056e-15 1 0.000317557 -2.56547e-06 -1.49263e-09 1.99421e-13 7.22247e-11 -2.45845e-08 -1.27633e-05 -1.60409e-10 7.72349e-15 -8.84325e-18 1.30711e-17 -2.23837e-16 5.84371e-10
216.533 5.97582e-13 -3.60822e-16 0.55 -1.35775e-18 7.78886e-16 9.85742e-14 1 1.06965e-11 -8.35443e-15 0.55 3.13102e-13 8.60927e-16 1 0.000317586 -2.11632e-06 -1.23782e-09 -4.22607e-13 5.97178e-11 -2.02797e-08 -1.05288e-05 -1.32326e-10 6.27856e-15 2.0878e-17 2.28179e-18 -1.53778e-16 4.82065e-10
217.119 -5.3023e-15 -5.55112e-17 0.55 9.5883e-21 -6.92663e-18 -8.74641e-16 1 -9.49026e-14 2.77556e-17 0.55 -2.78809e-15 -8.23158e-18 1 0.000318384 3.01724e-09 -2.48796e-12 -6.33389e-13 1.50848e-13 2.95453e-11 1.49427e-08 1.88202e-13 1.07134e-15 3.04568e-17 -2.85613e-18 3.19495e-17 -6.83867e-13
217.746 -5.32465e-13 2.22045e-16 0.55 1.2056e-18 -6.94028e-16 -8.78329e-14 1 -9.53096e-12 7.49401e-15 0.55 -2.78994e-13 -7.67504e-16 1 0.000319218 1.85738e-06 1.07884e-09 -3.1455e-13 -5.21334e-11 1.77991e-08 9.24053e-06 1.16135e-10 -5.51183e-15 1.41138e-17 -6.56597e-18 1.65589e-16 -4.2308e-10
218.362 -4.94389e-13 2.77556e-16 0.55 1.12135e-18 -6.44385e-16 -8.15519e-14 1 -8.8494e-12 6.91114e-15 0.55 -2.59035e-13 -7.12034e-16 1 0.000319296 1.74657e-06 1.02955e-09 2.55434e-13 -4.91889e-11 1.67366e-08 8.68928e-06 1.09207e-10 -3.61184e-15 -1.2402e-17 2.61061e-18 1.30517e-16 -3.97841e-10
218.993 -1.1096e-14 5.55112e-17 0.55 2.91144e-20 -1.44507e-17 -1.83035e-15 1 -1.98609e-13 1.11022e-16 0.55 -5.80623e-15 -1.63792e-17 1 0.000318665 6.6179e-08 4.33478e-11 1.81808e-13 -1.93091e-12 6.33704e-10 3.29306e-07 4.13835e-12 -1.10311e-15 -1.32112e-17 4.64763e-18 -1.82544e-17 -1.50776e-11
219.616 4.01916e-13 -1.66533e-16 0.55 -9.09472e-19 5.23867e-16 6.62981e-14 1 7.19418e-12 -5.68989e-15 0.55 2.10591e-13 5.79006e-16 1 0.000318017 -1.41253e-06 -8.10404e-10 1.6588e-13 3.96457e-11 -1.35362e-08 -7.02738e-06 -8.83202e-11 5.33153e-15 -7.31526e-18 9.19002e-18 -1.26789e-16 3.21751e-10
220.241 3.85162e-13 -1.94289e-16 0.55 -8.74762e-19 5.02019e-16 6.35344e-14 1 6.89428e-12 -5.41234e-15 0.55 2.01806e-13 5.54715e-16 1 0.000317937 -1.3697e-06 -8.14765e-10 -2.13899e-13 3.86198e-11 -1.31253e-08 -6.81433e-06 -8.47227e-11 3.19461e-15 9.75419e-18 -8.41644e-18 -1.01171e-16 3.08646e-10
220.897 4.21546e-16 -5.55112e-17 0.55 -2.40388e-21 5.40243e-19 6.95362e-17 1 7.55248e-15 0 0.55 2.15011e-16 7.69846e-20 1 0.000318439 -1.30463e-08 7.6789e-12 -3.20707e-13 4.78022e-13 -1.24656e-10 -6.49532e-08 -8.16049e-13 4.50957e-17 1.6771e-17 4.98599e-18 1.72324e-17 2.97411e-12
221.496 -3.05755e-13 1.11022e-16 0.55 6.90752e-19 -3.98529e-16 -5.04358e-14 1 -5.47291e-12 4.27436e-15 0.55 -1.60206e-13 -4.40088e-16 1 0.00031892 1.06741e-06 6.26415e-10 -1.91933e-13 -2.98356e-11 1.02289e-08 5.31037e-06 6.67409e-11 -4.99665e-15 9.51421e-18 7.22652e-18 9.62994e-17 -2.43137e-10
222.116 -3.01042e-13 1.38778e-16 0.55 6.83477e-19 -3.92378e-16 -4.96585e-14 1 -5.38856e-12 4.2466e-15 0.55 -1.57731e-13 -4.33911e-16 1 0.000318992 1.06099e-06 6.32353e-10 3.6102e-15 -2.9833e-11 1.01671e-08 5.2785e-06 6.634e-11 -3.99933e-15 -1.91847e-18 3.92402e-18 7.98056e-17 -2.41678e-10
222.745 -2.25685e-14 5.55112e-17 0.55 5.25551e-20 -2.94089e-17 -3.72279e-15 1 -4.03962e-13 3.05311e-16 0.55 -1.18204e-14 -3.27325e-17 1 0.000318633 9.54838e-08 5.41877e-11 1.06221e-14 -2.66743e-12 9.14719e-10 4.75074e-07 4.73428e-12 -1.38355e-15 -1.41812e-17 -5.91476e-18 -7.91637e-18 -1.7248e-11
223.39 2.35624e-13 -8.32667e-17 0.55 -5.33437e-19 3.07119e-16 3.88674e-14 1 4.21761e-12 -3.33067e-15 0.55 1.2346e-13 3.39731e-16 1 0.000318231 -8.26551e-07 -4.99849e-10 1.368e-13 2.32047e-11 -7.92076e-09 -4.11211e-06 -5.11869e-11 6.10847e-16 -8.35692e-18 1.49012e-18 -7.39107e-17 1.86474e-10
223.993 2.34651e-13 -8.32667e-17 0.55 -5.32953e-19 3.05844e-16 3.87069e-14 1 4.20019e-12 -3.27516e-15 0.55 1.22946e-13 3.38033e-16 1 0.000318172 -8.26881e-07 -4.82443e-10 9.80483e-15 2.32692e-11 -7.92369e-09 -4.11378e-06 -5.17019e-11 2.29131e-15 9.91635e-19 -4.7474e-19 -6.22921e-17 1.88351e-10
224.624 2.23523e-14 -5.55112e-17 0.55 -5.13545e-20 2.91287e-17 3.68712e-15 1 4.00106e-13 -3.60822e-16 0.55 1.17082e-14 3.2332e-17 1 0.000318445 -8.40843e-08 -4.4342e-11 -2.22647e-13 2.4567e-12 -8.05544e-10 -4.18352e-07 -5.25768e-12 1.00321e-15 1.08105e-17 8.35172e-19 3.8848e-18 1.91545e-11
225.216 -1.68907e-13 2.77556e-17 0.55 3.82561e-19 -2.20159e-16 -2.78621e-14 1 -3.02338e-12 2.35922e-15 0.55 -8.85024e-14 -2.43899e-16 1 0.000318739 5.90736e-07 3.3785e-10 -1.37085e-13 -1.65683e-11 5.66099e-09 2.93892e-06 3.69364e-11 -1.8303e-15 6.16506e-18 -2.65068e-18 5.44962e-17 -1.34559e-10
225.841 -1.87069e-13 5.55112e-17 0.55 4.24902e-19 -2.43826e-16 -3.0858e-14 1 -3.34847e-12 2.63678e-15 0.55 -9.80153e-14 -2.69764e-16 1 0.000318813 6.59908e-07 3.87863e-10 5.57885e-14 -1.85768e-11 6.32367e-09 3.28308e-06 4.12617e-11 -1.72572e-15 -2.64942e-18 2.75991e-18 5.08909e-17 -1.50317e-10
226.456 -3.5301e-14 5.55112e-17 0.55 8.03178e-20 -4.60075e-17 -5.82308e-15 1 -6.3187e-13 4.71845e-16 0.55 -1.84936e-14 -5.05605e-17 1 0.000318622 1.33653e-07 6.95544e-11 1.41179e-13 -3.84761e-12 1.28061e-09 6.64958e-07 7.69031e-12 1.30307e-16 -2.16529e-19 6.66359e-18 2.13397e-18 -2.80165e-11
227.078 1.25038e-13 0 0.55 -2.82917e-19 1.62978e-16 2.06256e-14 1 2.23814e-12 -1.7486e-15 0.55 6.55162e-14 1.8025e-16 1 0.000318379 -4.3885e-07 -2.7535e-10 8.99777e-14 1.2299e-11 -4.20549e-09 -2.18329e-06 -2.70629e-11 6.07691e-15 -2.18409e-18 2.22164e-17 -3.99906e-17 9.85897e-11
