280.321 6.68987e-11 3.27935e-11 0.55 -3.58418e-14 8.92954e-14 1.10763e-11 1 9.13324e-10 8.23374e-10 0.55 3.61955e-11 9.13365e-12 0.961313 -0.275457 -0.000215129 -0.000134501 -3.00377e-12 1.29366e-06 -2.0584e-06 -0.00125164 -1.58639e-08 1.03057e-11 -1.12997e-15 -4.46879e-16 -1.47499e-14 5.77928e-08
280.949 -6.69122e-11 -3.27809e-11 0.55 3.58834e-14 -8.92845e-14 -1.10785e-11 1 -9.13728e-10 -8.23207e-10 0.55 -3.61952e-11 -9.16775e-12 0.96137 -0.27526 0.000208817 0.000130793 3.93326e-11 -1.25812e-06 1.9982e-06 0.00121549 1.54062e-08 8.93046e-12 -3.99359e-17 6.86467e-16 2.56527e-14 -5.61247e-08
281.56 -1.18276e-10 -5.79155e-11 0.55 6.33463e-14 -1.57837e-13 -1.95825e-11 1 -1.61557e-09 -1.45434e-09 0.55 -6.39809e-11 -1.61643e-11 0.961398 -0.27516 0.000373578 0.000233563 -2.87913e-12 -2.24657e-06 3.57467e-06 0.00217349 2.75186e-08 -9.57765e-13 1.46175e-15 1.16932e-15 3.61532e-14 -1.00251e-07
282.14 -6.3148e-11 -3.09301e-11 0.55 3.38435e-14 -8.42622e-14 -1.04552e-11 1 -8.62426e-10 -7.7672e-10 0.55 -3.41571e-11 -8.64181e-12 0.961382 -0.275219 0.000199171 0.000124647 -3.31682e-11 -1.19889e-06 1.90573e-06 0.0011591 1.50539e-08 4.22426e-12 3.11725e-16 5.64229e-16 1.54029e-14 -5.48419e-08
282.677 2.74717e-11 1.34596e-11 0.55 -1.4704e-14 3.66751e-14 4.54843e-12 1 3.75157e-10 3.37936e-10 0.55 1.48664e-11 3.74368e-12 0.961345 -0.275348 -8.3715e-05 -5.22508e-05 -1.26977e-11 5.02645e-07 -8.01128e-07 -0.000486826 -6.17021e-09 7.28401e-12 4.92646e-16 -3.26871e-16 -1.29156e-14 2.24779e-08
283.215 8.64627e-11 4.23856e-11 0.55 -4.63598e-14 1.15396e-13 1.43155e-11 1 1.18036e-09 1.06429e-09 0.55 4.67784e-11 1.1828e-11 0.961316 -0.275448 -0.000270483 -0.000169301 4.36193e-11 1.62844e-06 -2.58821e-06 -0.00157416 -2.00717e-08 2.16873e-12 -4.04472e-16 -9.40972e-16 -2.81715e-14 7.31213e-08
283.846 6.87837e-11 3.37183e-11 0.55 -3.68778e-14 9.17998e-14 1.13884e-11 1 9.39021e-10 8.46651e-10 0.55 3.72125e-11 9.40812e-12 0.961317 -0.275443 -0.000221132 -0.000138407 3.87394e-11 1.33125e-06 -2.11591e-06 -0.00128695 -1.60928e-08 2.08029e-12 -3.9959e-18 -5.71478e-16 -1.85821e-14 5.86265e-08
284.45 -6.13274e-12 -3.00668e-12 0.55 3.30225e-15 -8.17953e-15 -1.01538e-12 1 -8.37061e-11 -7.55236e-11 0.55 -3.31701e-12 -8.4807e-13 0.961347 -0.275341 1.60217e-05 1.01097e-05 1.85498e-11 -9.72903e-08 1.53369e-07 9.3437e-05 1.18447e-09 4.42506e-12 2.32149e-16 6.8633e-17 5.4495e-15 -4.3148e-09
285.071 -6.50216e-11 -3.18499e-11 0.55 3.48402e-14 -8.67718e-14 -1.07655e-11 1 -8.87999e-10 -7.99785e-10 0.55 -3.51746e-11 -8.89145e-12 0.961374 -0.275245 0.000204108 0.000127679 4.37894e-12 -1.22812e-06 1.95308e-06 0.00118768 1.50534e-08 4.83794e-13 9.45116e-17 6.71593e-16 2.13635e-14 -5.48396e-08
285.666 -5.78277e-11 -2.83253e-11 0.55 3.0983e-14 -7.71704e-14 -9.57437e-12 1 -7.89761e-10 -7.11279e-10 0.55 -3.1282e-11 -7.90666e-12 0.961376 -0.27524 0.000182821 0.000114352 -3.45753e-11 -1.09988e-06 1.74934e-06 0.00106379 1.36292e-08 1.0465e-14 -1.09849e-15 4.8022e-16 1.62707e-14 -4.96515e-08
286.273 -2.24463e-12 -1.10065e-12 0.55 1.2105e-15 -2.99036e-15 -3.71639e-13 1 -3.06313e-11 -2.76536e-11 0.55 -1.21224e-12 -3.12008e-13 0.961354 -0.275314 9.3197e-06 5.88023e-06 7.24592e-11 -5.65572e-08 8.91174e-08 5.43629e-05 6.89066e-10 2.60773e-12 -2.82571e-15 -2.60683e-16 -2.12083e-15 -2.51046e-09
286.903 4.76802e-11 2.33686e-11 0.55 -2.55594e-14 6.36348e-14 7.89431e-12 1 6.50984e-10 5.86785e-10 0.55 2.57957e-11 6.52104e-12 0.961332 -0.275393 -0.000149718 -9.36888e-05 -2.41628e-11 9.01179e-07 -1.43264e-06 -0.000871273 -1.10431e-08 1.25074e-12 2.08643e-16 -4.98668e-16 -1.59768e-14 4.02302e-08
287.516 4.64121e-11 2.27483e-11 0.55 -2.48818e-14 6.19408e-14 7.68436e-12 1 6.33653e-10 5.71209e-10 0.55 2.51088e-11 6.34873e-12 0.961329 -0.275404 -0.000146676 -9.18005e-05 8.01859e-12 8.8298e-07 -1.40349e-06 -0.000853615 -1.08193e-08 6.64121e-13 2.16766e-16 -4.33629e-16 -1.30704e-14 3.94149e-08
288.127 4.70348e-12 2.30435e-12 0.55 -2.5156e-15 6.2784e-15 7.78745e-13 1 6.42339e-11 5.78537e-11 0.55 2.54449e-12 6.39974e-13 0.961344 -0.275349 -1.55963e-05 -9.72993e-06 -2.95181e-12 9.35646e-08 -1.49198e-07 -9.06931e-05 -1.33377e-09 1.60186e-12 4.62923e-16 -4.90545e-17 5.6982e-16 4.8591e-09
288.74 -3.46876e-11 -1.69942e-11 0.55 1.85902e-14 -4.62916e-14 -5.74315e-12 1 -4.73687e-10 -4.26737e-10 0.55 -1.87653e-11 -4.74442e-12 0.961362 -0.275287 0.00010842 6.78362e-05 -2.79729e-11 -6.52494e-07 1.03747e-06 0.000630917 7.99667e-09 3.29741e-13 -1.21553e-15 4.50199e-16 1.18103e-14 -2.91319e-08
289.317 -3.84022e-11 -1.88126e-11 0.55 2.05772e-14 -5.12486e-14 -6.35816e-12 1 -5.24432e-10 -4.72401e-10 0.55 -2.07743e-11 -5.25075e-12 0.961366 -0.275273 0.000121141 7.57776e-05 -3.12333e-11 -7.28865e-07 1.15916e-06 0.000704903 8.93437e-09 -2.86776e-13 3.35225e-16 3.82127e-16 1.11202e-14 -3.25481e-08
289.939 -8.47626e-12 -4.15326e-12 0.55 4.54499e-15 -1.13099e-14 -1.40339e-12 1 -1.15739e-10 -1.04297e-10 0.55 -4.58457e-12 -1.16074e-12 0.961355 -0.27531 2.80745e-05 1.75805e-05 -3.12476e-11 -1.69074e-07 2.68607e-07 0.000163413 2.0712e-09 7.88501e-13 -1.08155e-16 8.72106e-17 9.44996e-16 -7.54551e-09
290.506 2.22602e-11 1.09084e-11 0.55 -1.19305e-14 2.9709e-14 3.68557e-12 1 3.03944e-10 2.7391e-10 0.55 1.20432e-11 3.04371e-12 0.961342 -0.275357 -7.00957e-05 -4.38535e-05 -6.79514e-12 4.21828e-07 -6.70747e-07 -0.000407889 -5.16987e-09 7.37855e-13 1.5954e-15 -2.36649e-16 -8.0523e-15 1.88338e-08
291.064 3.15298e-11 1.54524e-11 0.55 -1.69021e-14 4.20788e-14 5.22033e-12 1 4.30491e-10 3.88012e-10 0.55 1.70575e-11 4.31291e-12 0.961336 -0.275377 -9.95988e-05 -6.23316e-05 3.26819e-12 5.99543e-07 -9.53031e-07 -0.000579624 -7.34656e-09 2.7794e-13 1.48096e-15 -3.20258e-16 -9.53898e-15 2.67636e-08
291.594 1.71672e-11 8.4128e-12 0.55 -9.20071e-15 2.29108e-14 2.84234e-12 1 2.34401e-10 2.11245e-10 0.55 9.28711e-12 2.3473e-12 0.961341 -0.275362 -5.45498e-05 -3.41295e-05 6.60042e-12 3.28264e-07 -5.21952e-07 -0.000317437 -4.02339e-09 5.06406e-13 -2.67304e-16 -1.60007e-16 -4.10495e-15 1.46573e-08
291.741 1.06819e-11 5.2344e-12 0.55 -5.72375e-15 1.42558e-14 1.76858e-12 1 1.45855e-10 1.31435e-10 0.55 5.7786e-12 1.45994e-12 0.961343 -0.275353 -3.42754e-05 -2.14391e-05 4.81237e-13 2.06201e-07 -3.2795e-07 -0.000199443 -2.52785e-09 5.68782e-13 -4.23723e-16 -7.44399e-17 -2.0076e-15 9.20907e-09
292.145 -7.78818e-12 -3.81628e-12 0.55 4.1761e-15 -1.03935e-14 -1.28947e-12 1 -1.06343e-10 -9.58315e-11 0.55 -4.21346e-12 -1.06623e-12 0.961351 -0.275326 2.36301e-05 1.47945e-05 2.26328e-11 -1.42328e-07 2.26128e-07 0.00013753 1.74317e-09 4.4449e-13 -9.52305e-17 1.95034e-17 3.58218e-15 -6.35033e-09
292.762 -2.41507e-11 -1.18323e-11 0.55 1.29424e-14 -3.22302e-14 -3.99858e-12 1 -3.29793e-10 -2.97116e-10 0.55 -1.30651e-11 -3.30257e-12 0.961359 -0.275298 7.60916e-05 4.76036e-05 -2.19907e-11 -4.57876e-07 7.28106e-07 0.000442779 5.61207e-09 -1.6199e-13 -1.74878e-17 2.95665e-16 7.68272e-15 -2.04448e-08
293.348 -1.73376e-11 -8.49446e-12 0.55 9.29145e-15 -2.31373e-14 -2.87055e-12 1 -2.36753e-10 -2.13302e-10 0.55 -9.37901e-12 -2.37105e-12 0.961358 -0.275303 5.46899e-05 3.4217e-05 5.08909e-11 -3.29135e-07 5.23295e-07 0.000318251 4.03371e-09 -2.45536e-14 -2.86278e-15 3.4224e-17 4.53546e-15 -1.46949e-08
293.972 3.84015e-12 1.88155e-12 0.55 -2.05735e-15 5.12581e-15 6.35804e-13 1 5.24383e-11 4.72452e-11 0.55 2.07791e-12 5.24651e-13 0.961349 -0.275332 -1.13659e-05 -7.10574e-06 -6.80274e-12 6.83622e-08 -1.08773e-07 -6.61239e-05 -8.38104e-10 3.43233e-13 1.01475e-15 -3.10558e-17 -2.1191e-15 3.05316e-09
294.575 1.7975e-11 8.80856e-12 0.55 -9.63487e-15 2.3989e-14 2.97608e-12 1 2.45431e-10 2.21185e-10 0.55 9.72443e-12 2.45846e-12 0.961342 -0.275355 -5.64517e-05 -3.53243e-05 -5.24902e-12 3.39779e-07 -5.40176e-07 -0.000328513 -4.1638e-09 2.16366e-13 1.06528e-15 -1.49452e-16 -5.84049e-15 1.51688e-08
295.182 1.44995e-11 7.10537e-12 0.55 -7.77163e-15 1.93504e-14 2.40065e-12 1 1.97977e-10 1.78417e-10 0.55 7.84396e-12 1.983e-12 0.961343 -0.275355 -4.5737e-05 -2.86193e-05 1.07751e-11 2.75267e-07 -4.37637e-07 -0.000266161 -3.41791e-09 1.87089e-13 2.35503e-16 -1.54777e-16 -3.98371e-15 1.24515e-08
295.775 -5.86262e-13 -2.87326e-13 0.55 3.15075e-16 -7.82449e-16 -9.70662e-14 1 -8.00382e-12 -7.21623e-12 0.55 -3.17323e-13 -8.06422e-14 0.961349 -0.275334 9.03472e-07 5.69017e-07 1.5852e-12 -5.48227e-09 8.65878e-09 5.26487e-06 1.30114e-10 1.89349e-13 3.13032e-16 5.41803e-17 9.81322e-16 -4.73958e-10
296.36 -1.28032e-11 -6.27315e-12 0.55 6.86193e-15 -1.70866e-14 -2.1198e-12 1 -1.74829e-10 -1.57522e-10 0.55 -6.92639e-12 -1.75103e-12 0.961354 -0.275315 4.03132e-05 2.52229e-05 7.8088e-12 -2.42619e-07 3.85752e-07 0.00023459 2.97335e-09 -5.30316e-14 9.17355e-16 1.11757e-16 4.30032e-15 -1.08319e-08
296.973 -1.24977e-11 -6.12338e-12 0.55 6.69776e-15 -1.66786e-14 -2.06922e-12 1 -1.7066e-10 -1.53762e-10 0.55 -6.76094e-12 -1.70908e-12 0.961355 -0.275312 3.98295e-05 2.4919e-05 -6.27418e-12 -2.39689e-07 3.8111e-07 0.000231773 2.91045e-09 -9.22548e-14 -9.04852e-16 1.5577e-16 3.51396e-15 -1.06028e-08
297.595 -1.06247e-12 -5.20639e-13 0.55 5.69678e-16 -1.41747e-15 -1.7591e-13 1 -1.4507e-11 -1.3074e-11 0.55 -5.74538e-13 -1.45468e-13 0.961351 -0.275327 3.55149e-06 2.22422e-06 -6.91588e-12 -2.13833e-08 3.39733e-08 2.06735e-05 2.62025e-10 1.02069e-13 -5.2748e-17 3.79337e-17 -2.99343e-16 -9.54597e-10
298.19 9.23594e-12 4.52577e-12 0.55 -4.95036e-15 1.23261e-14 1.52917e-12 1 1.26111e-10 1.13644e-10 0.55 4.99666e-12 1.26313e-12 0.961346 -0.275343 -2.90321e-05 -1.81653e-05 3.91287e-11 1.74713e-07 -2.7781e-07 -0.000168945 -2.14132e-09 1.27095e-13 -1.84209e-15 -1.95738e-16 -3.16949e-15 7.80084e-09
298.753 1.04725e-11 5.13181e-12 0.55 -5.6132e-15 1.39761e-14 1.73391e-12 1 1.42994e-10 1.28862e-10 0.55 5.66546e-12 1.43232e-12 0.961345 -0.275347 -3.31318e-05 -2.07318e-05 3.02742e-12 1.99409e-07 -3.17026e-07 -0.000192806 -2.44375e-09 9.36691e-14 -6.34956e-16 -9.54661e-17 -3.06196e-15 8.90263e-09
299.382 2.53268e-12 1.24104e-12 0.55 -1.35711e-15 3.37991e-15 4.19331e-13 1 3.45831e-11 3.11621e-11 0.55 1.37003e-12 3.46211e-13 0.961348 -0.275337 -8.14391e-06 -5.09452e-06 9.77207e-12 4.89924e-08 -7.79199e-08 -4.73899e-05 -6.38607e-10 8.64308e-14 3.53905e-18 6.35437e-17 -3.69146e-16 2.32648e-09
299.985 -6.20113e-12 -3.03846e-12 0.55 3.32367e-15 -8.27582e-15 -1.02671e-12 1 -8.46756e-11 -7.62975e-11 0.55 -3.3548e-12 -8.48157e-13 0.961352 -0.275324 1.9199e-05 1.2013e-05 2.40658e-12 -1.15554e-07 1.83715e-07 0.000111724 1.44037e-09 -1.58798e-14 1.14734e-15 7.39259e-17 2.2176e-15 -5.24724e-09
300.56 -8.38289e-12 -4.10741e-12 0.55 4.49268e-15 -1.11874e-14 -1.38794e-12 1 -1.14469e-10 -1.03139e-10 0.55 -4.53498e-12 -1.1464e-12 0.961353 -0.275319 2.64982e-05 1.65787e-05 -1.58476e-12 -1.59464e-07 2.53553e-07 0.000154197 1.95439e-09 -7.67604e-14 2.95107e-16 5.67914e-17 2.52091e-15 -7.11988e-09
301.151 -3.46386e-12 -1.69723e-12 0.55 1.85642e-15 -4.62252e-15 -5.73504e-13 1 -4.72985e-11 -4.2619e-11 0.55 -1.87378e-12 -4.73742e-13 0.961351 -0.275325 1.1192e-05 7.00309e-06 -7.17672e-12 -6.73525e-08 1.07088e-07 6.51305e-05 8.25502e-10 -2.95051e-15 1.35867e-15 8.25275e-17 7.34121e-16 -3.00733e-09
301.74 3.54719e-12 1.73811e-12 0.55 -1.90121e-15 4.73409e-15 5.873e-13 1 4.84356e-11 4.3645e-11 0.55 1.91908e-12 4.85098e-13 0.961348 -0.275335 -1.10023e-05 -6.88362e-06 -6.75717e-12 6.6218e-08 -1.05282e-07 -6.40235e-05 -8.11479e-10 5.94045e-14 1.09783e-15 1.97737e-18 -1.38379e-15 2.95621e-09
302.315 6.59184e-12 3.23011e-12 0.55 -3.53314e-15 8.7972e-15 1.0914e-12 1 9.00079e-11 8.11092e-11 0.55 3.56611e-12 9.0155e-13 0.961347 -0.275341 -2.079e-05 -1.30087e-05 -3.26485e-13 1.25126e-07 -1.98934e-07 -0.000120983 -1.53342e-09 6.05224e-14 3.55677e-17 -5.64911e-17 -2.04721e-15 5.58628e-09
302.932 3.65475e-12 1.79087e-12 0.55 -1.95874e-15 4.8774e-15 6.05109e-13 1 4.99041e-11 4.49692e-11 0.55 1.97711e-12 4.99793e-13 0.961348 -0.275338 -1.15286e-05 -7.21326e-06 -7.11542e-12 6.9382e-08 -1.10309e-07 -6.7088e-05 -8.70179e-10 4.73957e-14 1.29505e-15 -4.98996e-17 -8.99088e-16 3.17009e-09
303.533 -1.93489e-12 -9.48075e-13 0.55 1.03717e-15 -2.58229e-15 -3.20355e-13 1 -2.64203e-11 -2.38071e-11 0.55 -1.04682e-12 -2.64685e-13 0.96135 -0.27533 5.86269e-06 3.66861e-06 4.87303e-12 -3.52924e-08 5.61023e-08 3.41168e-05 4.32423e-10 5.61045e-15 -9.26285e-16 -1.74125e-18 8.3525e-16 -1.57531e-09
304.168 -5.05336e-12 -2.47605e-12 0.55 2.70836e-15 -6.74399e-15 -8.36673e-13 1 -6.90032e-11 -6.21752e-11 0.55 -2.7338e-12 -6.91096e-13 0.961351 -0.275324 1.59362e-05 9.97086e-06 8.22575e-13 -9.59071e-08 1.52489e-07 9.27358e-05 1.1754e-09 -4.57868e-14 -9.4055e-17 3.57366e-17 1.58008e-15 -4.28198e-09
304.82 -2.83479e-12 -1.389e-12 0.55 1.5193e-15 -3.78308e-15 -4.69349e-13 1 -3.87085e-11 -3.48789e-11 0.55 -1.53352e-12 -3.87683e-13 0.961351 -0.275326 9.08666e-06 5.68545e-06 -3.43641e-12 -5.46827e-08 8.69451e-08 5.2878e-05 6.70207e-10 -1.89868e-14 6.86703e-16 4.23756e-17 7.02872e-16 -2.44159e-09
305.441 1.59295e-12 7.80515e-13 0.55 -8.53788e-16 2.12598e-15 2.63742e-13 1 2.17513e-11 1.95997e-11 0.55 8.61828e-13 2.17853e-13 0.961349 -0.275333 -4.96443e-06 -3.10606e-06 -2.50982e-12 2.98795e-08 -4.75061e-08 -2.88884e-05 -3.48142e-10 2.41232e-14 6.88743e-16 -1.35669e-18 -6.60491e-16 1.26827e-09
306.101 3.89811e-12 1.91011e-12 0.55 -2.08931e-15 5.20226e-15 6.45401e-13 1 5.3227e-11 4.79636e-11 0.55 2.10883e-12 5.33128e-13 0.961348 -0.275337 -1.22939e-05 -7.69237e-06 -1.61022e-13 7.39904e-08 -1.17637e-07 -7.15414e-05 -9.06766e-10 3.25003e-14 -2.20112e-15 -3.56037e-17 -1.20626e-15 3.30335e-09
306.682 2.32788e-12 1.14064e-12 0.55 -1.24769e-15 3.10662e-15 3.85421e-13 1 3.17863e-11 2.86427e-11 0.55 1.25931e-12 3.18348e-13 0.961348 -0.275335 -7.34305e-06 -4.59448e-06 2.44685e-12 4.41901e-08 -7.02615e-08 -4.27313e-05 -5.52966e-10 2.92989e-14 1.72088e-15 -8.40132e-18 -6.02598e-16 2.01447e-09
307.311 -1.11709e-12 -5.47368e-13 0.55 5.98791e-16 -1.49088e-15 -1.84955e-13 1 -1.52536e-11 -1.37449e-11 0.55 -6.04375e-13 -1.52807e-13 0.96135 -0.27533 3.36481e-06 2.10547e-06 2.63813e-12 -2.02548e-08 3.21991e-08 1.95806e-05 2.59909e-10 -3.03404e-15 -5.6681e-16 -1.52053e-17 4.94849e-16 -9.46843e-10
307.901 -2.95722e-12 -1.44901e-12 0.55 1.58496e-15 -3.94658e-15 -4.8962e-13 1 -4.03803e-11 -3.63853e-11 0.55 -1.59982e-12 -4.04434e-13 0.961351 -0.275327 9.32312e-06 5.83329e-06 2.18696e-11 -5.61119e-08 8.92109e-08 5.42532e-05 6.85582e-10 -2.56177e-14 -9.4404e-17 2.28808e-17 9.39293e-16 -2.49758e-09
308.501 -2.05347e-12 -1.00617e-12 0.55 1.10058e-15 -2.74042e-15 -3.39989e-13 1 -2.80397e-11 -2.52658e-11 0.55 -1.11087e-12 -2.8083e-13 0.96135 -0.275328 6.57511e-06 4.11396e-06 -8.00212e-13 -3.95693e-08 6.29138e-08 3.82623e-05 4.8496e-10 -1.70357e-14 3.28291e-16 1.92861e-17 5.40711e-16 -1.76672e-09
309.095 4.25376e-13 2.08417e-13 0.55 -2.28022e-16 5.67742e-16 7.04286e-14 1 5.80841e-12 5.23381e-12 0.55 2.30162e-13 5.81814e-14 0.961349 -0.275331 -1.35509e-06 -8.47791e-07 -2.18245e-12 8.15741e-09 -1.29682e-08 -7.88513e-06 -9.99429e-11 7.47924e-15 4.46507e-16 2.25602e-17 -2.57114e-16 3.64087e-10
309.648 2.11443e-12 1.03606e-12 0.55 -1.13326e-15 2.82186e-15 3.50082e-13 1 2.88718e-11 2.60164e-11 0.55 1.1439e-12 2.8918e-13 0.961349 -0.275334 -6.64491e-06 -4.1577e-06 -7.4413e-13 3.99925e-08 -6.35841e-08 -3.86683e-05 -4.90109e-10 2.01645e-14 1.76193e-16 -1.64896e-17 -6.99542e-16 1.78547e-09
310.247 1.92388e-12 9.4269e-13 0.55 -1.03112e-15 2.5675e-15 3.18533e-13 1 2.62699e-11 2.36718e-11 0.55 1.04078e-12 2.63113e-13 0.961349 -0.275334 -6.10076e-06 -3.81722e-06 1.11144e-12 3.67158e-08 -5.83756e-08 -3.55021e-05 -4.49976e-10 1.84382e-14 -2.04868e-16 -1.84919e-18 -5.43586e-16 1.63927e-09
310.874 4.39242e-14 2.15383e-14 0.55 -2.34902e-17 5.85845e-17 7.27242e-15 1 5.9977e-13 5.40429e-13 0.55 2.37332e-14 5.9924e-15 0.961349 -0.275332 -2.4452e-07 -1.52957e-07 2.04999e-12 1.46915e-09 -2.33826e-09 -1.42303e-06 -1.02159e-11 3.30151e-15 -3.52845e-16 -1.85243e-17 8.67732e-17 3.72224e-11
311.451 -1.50032e-12 -7.35134e-13 0.55 8.04141e-16 -2.00228e-15 -2.48405e-13 1 -2.04865e-11 -1.846e-11 0.55 -8.11669e-13 -2.05193e-13 0.96135 -0.275329 4.72242e-06 2.95478e-06 1.03404e-12 -2.8422e-08 4.51882e-08 2.74808e-05 3.4869e-10 -1.201e-14 -1.82706e-16 1.82809e-17 5.13218e-16 -1.27028e-09
312.106 -1.52884e-12 -7.49123e-13 0.55 8.19384e-16 -2.04031e-15 -2.53127e-13 1 -2.0876e-11 -1.88108e-11 0.55 -8.2707e-13 -2.09084e-13 0.96135 -0.275329 4.83627e-06 3.02601e-06 -8.04084e-13 -2.91052e-08 4.62764e-08 2.81435e-05 3.5671e-10 -1.12812e-14 1.41375e-16 1.98914e-17 4.26705e-16 -1.2995e-09
312.704 -1.93949e-13 -9.50351e-14 0.55 1.03941e-16 -2.58802e-16 -3.21118e-14 1 -2.64833e-12 -2.38633e-12 0.55 -1.04901e-13 -2.65174e-14 0.96135 -0.275331 5.95299e-07 3.72492e-07 -2.30516e-12 -3.58066e-09 5.6954e-09 3.46443e-06 4.99745e-11 -4.76947e-16 2.84269e-16 3.60405e-18 -1.193e-17 -1.8206e-10
313.339 1.14906e-12 5.63022e-13 0.55 -6.15877e-16 1.5335e-15 1.90247e-13 1 1.569e-11 1.41381e-11 0.55 6.21636e-13 1.57156e-13 0.961349 -0.275333 -3.58836e-06 -2.24519e-06 2.55413e-11 2.1585e-08 -3.43392e-08 -2.08814e-05 -2.64665e-10 1.2845e-14 -7.10132e-16 -6.69039e-17 -3.9243e-16 9.6418e-10
313.944 1.23114e-12 6.0324e-13 0.55 -6.5984e-16 1.64301e-15 2.03836e-13 1 1.68107e-11 1.51481e-11 0.55 6.6602e-13 1.68373e-13 0.961349 -0.275333 -3.88948e-06 -2.43364e-06 3.43524e-13 2.3408e-08 -3.7217e-08 -2.2634e-05 -2.86877e-10 1.29525e-14 -1.01417e-16 -1.22213e-17 -3.55611e-16 1.0451e-09
314.545 2.50815e-13 1.22902e-13 0.55 -1.344e-16 3.34705e-16 4.15268e-14 1 3.4248e-12 3.08603e-12 0.55 1.3567e-13 3.42952e-14 0.961349 -0.275332 -8.29077e-07 -5.18702e-07 1.15276e-12 4.98824e-09 -7.93233e-09 -4.82467e-06 -6.11508e-11 1.22475e-15 -2.05617e-16 7.39547e-19 -2.58787e-17 2.22774e-10
315.143 -7.88209e-13 -3.86191e-13 0.55 4.22468e-16 -1.05192e-15 -1.30502e-13 1 -1.07628e-11 -9.69815e-12 0.55 -4.26421e-13 -1.078e-13 0.96135 -0.27533 2.48637e-06 1.5557e-06 7.44809e-13 -1.49645e-08 2.3792e-08 1.44687e-05 1.83387e-10 -6.22296e-15 -1.16168e-16 9.31553e-18 2.79304e-16 -6.68078e-10
315.756 -9.97044e-13 -4.88554e-13 0.55 5.34372e-16 -1.3306e-15 -1.65078e-13 1 -1.36144e-11 -1.22676e-11 0.55 -5.39382e-13 -1.36356e-13 0.96135 -0.27533 3.14843e-06 1.96989e-06 -1.71063e-13 -1.89479e-08 3.01261e-08 1.83215e-05 2.32217e-10 -9.4693e-15 5.31642e-17 -1.04545e-17 2.95972e-16 -8.45975e-10
316.384 -2.73835e-13 -1.34115e-13 0.55 1.46749e-16 -3.65431e-16 -4.53383e-14 1 -3.73916e-12 -3.36932e-12 0.55 -1.48127e-13 -3.74467e-14 0.96135 -0.275331 9.02324e-07 5.64608e-07 4.61483e-14 -5.42993e-09 8.63343e-09 5.25098e-06 6.65544e-11 -1.40375e-15 1.44672e-16 1.91089e-17 3.68433e-17 -2.42459e-10
316.964 5.3607e-13 2.62679e-13 0.55 -2.87328e-16 7.1543e-16 8.8756e-14 1 7.31988e-12 6.59583e-12 0.55 2.90017e-13 7.33159e-14 0.961349 -0.275332 -1.66758e-06 -1.04337e-06 -6.2371e-13 1.00366e-08 -1.59571e-08 -9.70394e-06 -1.22994e-10 5.59296e-15 1.22923e-16 1.23619e-18 -1.97094e-16 4.48068e-10
317.595 7.85316e-13 3.84803e-13 0.55 -4.20901e-16 1.04805e-15 1.30023e-13 1 1.07232e-11 9.66262e-12 0.55 4.24843e-13 1.07402e-13 0.961349 -0.275332 -2.48632e-06 -1.55561e-06 8.06813e-14 1.49634e-08 -2.37907e-08 -1.44685e-05 -1.83382e-10 8.35567e-15 -2.60181e-17 1.86714e-17 -2.45637e-16 6.68069e-10
318.218 2.779e-13 1.36197e-13 0.55 -1.4893e-16 3.7086e-16 4.60112e-14 1 3.79465e-12 3.41929e-12 0.55 1.5033e-13 3.80022e-14 0.961349 -0.275332 -9.09338e-07 -5.68955e-07 -3.00313e-12 5.47351e-09 -8.70043e-09 -5.29178e-06 -6.70713e-11 7.38263e-16 -1.19403e-17 1.01493e-18 -5.72273e-17 2.44339e-10
318.817 -3.79802e-13 -1.86073e-13 0.55 2.0349e-16 -5.06892e-16 -6.28829e-14 1 -5.18609e-12 -4.6731e-12 0.55 -2.05475e-13 -5.1947e-14 0.96135 -0.275331 1.19261e-06 7.46231e-07 3.69907e-13 -7.17802e-09 1.14122e-08 6.94009e-06 8.79638e-11 -2.05122e-15 -9.3808e-17 1.04502e-17 1.43679e-16 -3.20454e-10
319.456 -6.10173e-13 -2.98955e-13 0.55 3.27029e-16 -8.14308e-16 -1.01025e-13 1 -8.33177e-12 -7.50758e-12 0.55 -3.30094e-13 -8.34478e-14 0.96135 -0.27533 1.9253e-06 1.20465e-06 -1.11449e-13 -1.1587e-08 1.84227e-08 1.12039e-05 1.42005e-10 -4.4883e-15 2.18471e-17 1.42644e-17 1.86564e-16 -5.1733e-10
320.048 -2.6777e-13 -1.31228e-13 0.55 1.43505e-16 -3.57343e-16 -4.43341e-14 1 -3.65631e-12 -3.29468e-12 0.55 -1.44852e-13 -3.66198e-14 0.96135 -0.275331 8.50076e-07 5.31861e-07 -4.01964e-13 -5.11573e-09 8.13379e-09 4.9469e-06 6.26992e-11 -2.79079e-15 9.38879e-17 -1.19942e-17 7.02849e-17 -2.28417e-10
320.618 2.27953e-13 1.11661e-13 0.55 -1.22187e-16 3.04223e-16 3.77417e-14 1 3.11264e-12 2.80474e-12 0.55 1.23326e-13 3.11793e-14 0.961349 -0.275331 -7.14362e-07 -4.46951e-07 -6.22752e-13 4.29995e-09 -6.83565e-09 -4.15697e-06 -5.26881e-11 3.04417e-15 9.49433e-17 1.78316e-17 -9.18446e-17 1.91943e-10
321.243 4.76615e-13 2.3348e-13 0.55 -2.5545e-16 6.36069e-16 7.89121e-14 1 6.50803e-12 5.86431e-12 0.55 2.57842e-13 6.51832e-14 0.961349 -0.275332 -1.50315e-06 -9.40493e-07 -7.93969e-15 9.04657e-09 -1.43832e-08 -8.74716e-06 -1.10891e-10 1.01661e-15 1.50736e-19 -6.61382e-18 -1.46588e-16 4.03972e-10
321.844 2.67318e-13 1.30951e-13 0.55 -1.43265e-16 3.56743e-16 4.42592e-14 1 3.65016e-12 3.28905e-12 0.55 1.4461e-13 3.65575e-14 0.961349 -0.275332 -8.60681e-07 -5.38463e-07 5.62847e-13 5.17954e-09 -8.2353e-09 -5.00852e-06 -6.21939e-11 1.1169e-15 -6.08482e-17 1.30052e-17 -6.80858e-17 2.26573e-10
322.47 -1.5198e-13 -7.4496e-14 0.55 8.14637e-17 -2.02833e-16 -2.51631e-14 1 -2.07526e-12 -1.87e-12 0.55 -8.22246e-14 -2.07867e-14 0.961349 -0.275331 4.79428e-07 2.99945e-07 4.51221e-13 -2.88583e-09 4.5877e-09 2.78984e-06 3.53612e-11 -1.5084e-15 -7.31738e-17 -1.16123e-17 6.80049e-17 -1.2882e-10
323.057 -3.63555e-13 -1.78135e-13 0.55 1.94854e-16 -4.85185e-16 -6.0193e-14 1 -4.96424e-12 -4.47321e-12 0.55 -1.96679e-13 -4.97211e-14 0.96135 -0.275331 1.14362e-06 7.15515e-07 2.38988e-13 -6.88291e-09 1.09431e-08 6.65504e-06 8.45483e-11 -3.10649e-15 -7.65856e-18 2.25174e-18 1.12169e-16 -3.08009e-10
323.68 -2.31277e-13 -1.13271e-13 0.55 1.2395e-16 -3.08646e-16 -3.82919e-14 1 -3.15803e-12 -2.84567e-12 0.55 -1.25113e-13 -3.1629e-14 0.96135 -0.275331 7.44993e-07 4.66108e-07 -4.13513e-13 -4.48319e-09 7.12834e-09 4.33527e-06 5.49474e-11 -5.26044e-15 5.45915e-17 -6.25283e-18 5.87511e-17 -2.00178e-10
324.332 1.02989e-13 5.04596e-14 0.55 -5.52055e-17 1.3745e-16 1.70517e-14 1 1.40628e-12 1.26717e-12 0.55 5.57198e-14 1.40872e-14 0.961349 -0.275331 -3.12879e-07 -1.95714e-07 9.16095e-13 1.88287e-09 -2.99421e-09 -1.82073e-06 -2.41817e-11 1.16059e-15 3.99261e-17 6.67384e-18 -5.12338e-17 8.80945e-11
324.948 2.79522e-13 1.36918e-13 0.55 -1.49815e-16 3.73038e-16 4.62798e-14 1 3.81678e-12 3.43928e-12 0.55 1.51218e-13 3.82283e-14 0.961349 -0.275332 -8.78811e-07 -5.49836e-07 3.68687e-14 5.28901e-09 -8.40921e-09 -5.11405e-06 -6.49761e-11 2.71664e-15 3.63973e-18 -6.94486e-18 -9.0579e-17 2.36709e-10
325.566 1.79803e-13 8.80407e-14 0.55 -9.63641e-17 2.39953e-16 2.97695e-14 1 2.45515e-12 2.21229e-12 0.55 9.72678e-14 2.45895e-14 0.961349 -0.275331 -5.72553e-07 -3.58228e-07 8.35546e-14 3.44563e-09 -5.47843e-09 -3.33183e-06 -4.22301e-11 1.43473e-15 -3.42142e-17 3.94682e-18 -4.80757e-17 1.53844e-10
326.186 -6.52436e-14 -3.19744e-14 0.55 3.49723e-17 -8.70758e-17 -1.08022e-14 1 -8.90885e-13 -8.02761e-13 0.55 -3.52993e-14 -8.92357e-15 0.961349 -0.275331 2.02252e-07 1.26594e-07 2.29674e-13 -1.21733e-09 1.93549e-09 1.17694e-06 1.49182e-11 7.40937e-16 -4.11226e-17 2.03336e-17 2.18145e-17 -5.43433e-11
326.859 -2.15728e-13 -1.05721e-13 0.55 1.15625e-16 -2.87901e-16 -3.57176e-14 1 -2.94573e-12 -2.65436e-12 0.55 -1.16706e-13 -2.95046e-14 0.96135 -0.275331 6.7906e-07 4.24845e-07 2.75614e-14 -4.08691e-09 6.49757e-09 3.95155e-06 5.01751e-11 -1.1952e-15 -4.32349e-18 1.19456e-19 7.10191e-17 -1.82789e-10
327.484 -1.31238e-13 -6.42819e-14 0.55 7.03345e-17 -1.75141e-16 -2.17287e-14 1 -1.79204e-12 -1.61479e-12 0.55 -7.09952e-14 -1.79476e-14 0.96135 -0.275331 4.17387e-07 2.61185e-07 -5.40158e-14 -2.51178e-09 3.99374e-09 2.4289e-06 3.07859e-11 -6.88648e-16 2.88014e-17 1.33652e-17 2.45762e-17 -1.12151e-10
328.05 4.20863e-14 2.05946e-14 0.55 -2.25613e-17 5.61698e-17 6.96814e-15 1 5.74679e-13 5.17822e-13 0.55 2.27708e-14 5.7566e-15 0.961349 -0.275331 -1.27179e-07 -7.95655e-08 -2.09938e-13 7.6552e-10 -1.21704e-09 -7.40043e-07 -9.37962e-12 6.76596e-16 3.55106e-17 3.51202e-18 -2.08567e-17 3.417e-11
328.687 1.63237e-13 7.99361e-14 0.55 -8.74908e-17 2.17849e-16 2.70267e-14 1 2.22894e-12 2.00845e-12 0.55 8.83094e-14 2.23252e-14 0.961349 -0.275331 -5.13445e-07 -3.21257e-07 -2.67806e-15 3.09018e-09 -4.91298e-09 -2.98786e-06 -3.78707e-11 1.59994e-15 6.24809e-18 2.38487e-18 -5.2517e-17 1.37964e-10
329.324 1.11382e-13 5.45675e-14 0.55 -5.96938e-17 1.48643e-16 1.84413e-14 1 1.52085e-12 1.37047e-12 0.55 6.02542e-14 1.52326e-14 0.961349 -0.275331 -3.58703e-07 -2.24423e-07 7.30086e-14 2.15862e-09 -3.43229e-09 -2.08741e-06 -2.64567e-11 1.88358e-15 -2.00836e-17 4.4755e-18 -3.59306e-17 9.63839e-11
329.8 9.94935e-16 4.996e-16 0.55 -5.28399e-19 1.32492e-18 1.64729e-16 1 1.35586e-14 1.2268e-14 0.55 5.3583e-16 1.35066e-16 0.961349 -0.275331 -4.66549e-09 -2.91608e-09 8.0766e-14 2.79349e-11 -4.44897e-11 -2.71438e-08 -3.44393e-13 -1.96339e-15 -2.52939e-17 6.10498e-19 8.4131e-18 1.25288e-12
330.315 -1.01777e-13 -4.9849e-14 0.55 5.45496e-17 -1.35829e-16 -1.68509e-14 1 -1.38974e-12 -1.2523e-12 0.55 -5.50614e-14 -1.39191e-14 0.961349 -0.275331 3.17183e-07 1.98494e-07 1.39574e-13 -1.90895e-09 3.03506e-09 1.84575e-06 2.33955e-11 2.23123e-15 -1.7112e-17 1.26366e-17 2.35768e-17 -8.52235e-11
330.742 -1.27835e-13 -6.26721e-14 0.55 6.85151e-17 -1.70603e-16 -2.11654e-14 1 -1.74553e-12 -1.57288e-12 0.55 -6.91569e-14 -1.7483e-14 0.961349 -0.275331 4.03282e-07 2.52323e-07 3.83661e-14 -2.4272e-09 3.85899e-09 2.34686e-06 2.97451e-11 -1.90907e-15 -8.46846e-19 -4.07653e-18 4.84519e-17 -1.08361e-10
331.244 -8.13059e-14 -3.98015e-14 0.55 4.35743e-17 -1.08505e-16 -1.34616e-14 1 -1.11021e-12 -1.00042e-12 0.55 -4.39838e-14 -1.11193e-14 0.961349 -0.275331 2.61356e-07 1.63494e-07 -1.05508e-13 -1.57305e-09 2.50088e-09 1.52097e-06 1.89173e-11 2.26424e-15 1.68124e-17 4.40436e-18 1.94418e-17 -6.89123e-11
331.811 2.09541e-14 1.02141e-14 0.55 -1.12327e-17 2.79668e-17 3.46933e-15 1 2.86104e-13 2.57808e-13 0.55 1.13376e-14 2.86615e-15 0.961349 -0.275331 -6.21876e-08 -3.89163e-08 -5.83812e-14 3.74344e-10 -5.95174e-10 -3.61888e-07 -4.58723e-12 -5.59941e-16 1.81437e-17 -3.57092e-18 -1.14978e-17 1.67101e-11
332.352 9.06298e-14 4.43812e-14 0.55 -4.85754e-17 1.20952e-16 1.50054e-14 1 1.23752e-12 1.11512e-12 0.55 4.90303e-14 1.23951e-14 0.961349 -0.275331 -2.86287e-07 -1.79195e-07 1.16188e-14 1.72305e-09 -2.7396e-09 -1.66605e-06 -2.09622e-11 -4.83381e-17 7.88069e-18 -3.20766e-18 -2.05048e-17 7.63624e-11
332.981 7.9195e-14 3.87745e-14 0.55 -4.24445e-17 1.05689e-16 1.31121e-14 1 1.08134e-12 9.74457e-13 0.55 4.28426e-14 1.08307e-14 0.961349 -0.275331 -2.53909e-07 -1.58861e-07 7.31515e-14 1.52799e-09 -2.42955e-09 -1.47756e-06 -1.85132e-11 1.54847e-15 -9.62528e-18 -1.9456e-18 -1.901e-17 6.74464e-11
333.607 -2.77899e-15 -1.36002e-15 0.55 1.49126e-18 -3.71054e-18 -4.60111e-16 1 -3.79696e-14 -3.4181e-14 0.55 -1.50473e-15 -3.80293e-16 0.961349 -0.275331 4.72407e-09 2.93682e-09 4.82722e-15 -2.84275e-11 4.52933e-11 2.74971e-08 3.48243e-13 -4.92839e-16 -1.42231e-17 -6.60521e-18 1.14131e-17 -1.26889e-12
334.219 -6.83758e-14 -3.34455e-14 0.55 3.66473e-17 -9.12522e-17 -1.13208e-14 1 -9.33656e-13 -8.41313e-13 0.55 -3.69909e-14 -9.35112e-15 0.961349 -0.275331 2.14992e-07 1.345e-07 9.11191e-15 -1.29381e-09 2.0571e-09 1.25101e-06 1.58564e-11 -9.10277e-16 -6.60401e-18 -6.44529e-18 2.01519e-17 -5.77684e-11
334.773 -6.73344e-14 -3.29459e-14 0.55 3.60889e-17 -8.98607e-17 -1.11484e-14 1 -9.19431e-13 -8.28462e-13 0.55 -3.64264e-14 -9.20882e-15 0.961349 -0.275331 2.13104e-07 1.33319e-07 -3.88937e-14 -1.28256e-09 2.03913e-09 1.24013e-06 1.57177e-11 -1.06245e-15 5.2997e-18 -1.27134e-17 2.67701e-17 -5.72616e-11
335.413 -7.33417e-15 -3.55271e-15 0.55 3.92929e-18 -9.7862e-18 -1.2143e-15 1 -1.00142e-13 -9.02195e-14 0.55 -3.96652e-15 -1.00283e-15 0.961349 -0.275331 2.66529e-08 1.66896e-08 -4.45742e-15 -1.60312e-10 2.54925e-10 1.55069e-07 1.96603e-12 6.03092e-16 1.11004e-17 4.60521e-18 -6.68428e-18 -7.15978e-12
335.941 4.30961e-14 2.10942e-14 0.55 -2.30984e-17 5.75147e-17 7.13532e-15 1 5.88446e-13 5.30256e-13 0.55 2.33149e-14 5.89411e-15 0.961349 -0.275331 -1.34643e-07 -8.42745e-08 1.42977e-14 8.10281e-10 -1.28843e-09 -7.83523e-07 -9.93065e-12 -2.20825e-16 4.60718e-18 -1.23343e-17 -7.58718e-18 3.61751e-11
336.48 5.73874e-14 2.81442e-14 0.55 -3.07576e-17 7.65864e-17 9.50151e-15 1 7.83582e-13 7.06102e-13 0.55 3.10456e-14 7.84839e-15 0.961349 -0.275331 -1.81474e-07 -1.13538e-07 -9.55035e-15 1.09206e-09 -1.73651e-09 -1.05607e-06 -1.33851e-11 7.39661e-16 -9.80436e-19 -4.80323e-19 -1.98814e-17 4.87629e-11
337.116 2.16725e-14 1.06304e-14 0.55 -1.16149e-17 2.89221e-17 3.58826e-15 1 2.95944e-13 2.66592e-13 0.55 1.17238e-14 2.96391e-15 0.961349 -0.275331 -6.94211e-08 -4.33864e-08 1.25798e-14 4.1776e-10 -6.64096e-10 -4.0391e-07 -5.11949e-12 1.33999e-15 -6.10063e-18 1.67742e-17 -9.61956e-18 1.86532e-11
337.764 -2.92872e-14 -1.42941e-14 0.55 1.56974e-17 -3.90862e-17 -4.84902e-15 1 -3.99888e-13 -3.60365e-13 0.55 -1.58445e-14 -4.00541e-15 0.961349 -0.275331 9.16351e-08 5.73718e-08 3.43843e-14 -5.51444e-10 8.76833e-10 5.33227e-07 6.75903e-12 5.7493e-16 -4.94488e-18 1.70681e-17 -2.64352e-18 -2.46211e-11
338.341 -4.44669e-14 -2.18159e-14 0.55 2.38327e-17 -5.93438e-17 -7.36229e-15 1 -6.07195e-13 -5.47118e-13 0.55 -2.40561e-14 -6.08133e-15 0.961349 -0.275331 1.40239e-07 8.77407e-08 -9.44969e-16 -8.44027e-10 1.34192e-09 8.16086e-07 1.03436e-11 -3.04474e-16 3.95814e-19 -3.93923e-18 1.63806e-17 -3.76808e-11
338.963 -1.94835e-14 -9.57567e-15 0.55 1.0441e-17 -2.60011e-17 -3.22583e-15 1 -2.66051e-13 -2.39725e-13 0.55 -1.05397e-14 -2.66407e-15 0.961349 -0.275331 6.38103e-08 3.99182e-08 -2.00856e-14 -3.84013e-10 6.10514e-10 3.71312e-07 4.56245e-12 -2.1707e-16 8.01443e-18 3.40823e-18 7.58342e-18 -1.66192e-11
339.582 1.89495e-14 9.32587e-15 0.55 -1.01571e-17 2.529e-17 3.13742e-15 1 2.58737e-13 2.33147e-13 0.55 1.02521e-14 2.59174e-15 0.961349 -0.275331 -5.96131e-08 -3.73175e-08 -5.46041e-14 3.58832e-10 -5.7048e-10 -3.46912e-07 -4.27778e-12 -2.02091e-16 5.51546e-18 -4.64223e-18 -6.50909e-18 1.55825e-11
340.189 3.44119e-14 1.68199e-14 0.55 -1.84438e-17 4.59244e-17 5.69751e-15 1 4.69888e-13 4.23425e-13 0.55 1.86163e-14 4.70636e-15 0.961349 -0.275331 -1.08551e-07 -6.79469e-08 -7.38845e-16 6.5335e-10 -1.03877e-09 -6.31731e-07 -8.00755e-12 -1.88734e-16 -1.00088e-18 -6.70914e-18 -8.49675e-18 2.91718e-11
340.814 1.69062e-14 8.24341e-15 0.55 -9.06037e-18 2.25619e-17 2.79912e-15 1 2.30857e-13 2.08e-13 0.55 9.14566e-15 2.31189e-15 0.961349 -0.275331 -5.4346e-08 -3.40277e-08 5.23555e-14 3.27255e-10 -5.20087e-10 -3.16309e-07 -4.00921e-12 -1.67026e-16 -7.10468e-18 -6.30584e-18 -4.04689e-18 1.46053e-11
341.412 -1.20567e-14 -5.93969e-15 0.55 6.46306e-18 -1.60907e-17 -1.99621e-15 1 -1.64646e-13 -1.4834e-13 0.55 -6.52291e-15 -1.64926e-15 0.961349 -0.275331 3.73628e-08 2.33892e-08 -9.81549e-15 -2.24931e-10 3.57548e-10 2.17433e-07 2.75622e-12 -9.88811e-17 -3.39399e-18 1.87884e-18 3.86588e-18 -1.00398e-11
342.015 -2.64513e-14 -1.29063e-14 0.55 1.41773e-17 -3.53012e-17 -4.37949e-15 1 -3.61183e-13 -3.25448e-13 0.55 -1.43101e-14 -3.61774e-15 0.961349 -0.275331 8.34077e-08 5.21757e-08 5.81702e-15 -5.02029e-10 7.98178e-10 4.85407e-07 6.15232e-12 1.13162e-15 -9.27724e-19 -3.79124e-18 1.41785e-17 -2.24133e-11
342.597 -1.67201e-14 -8.18789e-15 0.55 8.96128e-18 -2.23138e-17 -2.76832e-15 1 -2.2829e-13 -2.05738e-13 0.55 -9.04517e-15 -2.28662e-15 0.961349 -0.275331 5.41671e-08 3.38748e-08 1.07608e-14 -3.25876e-10 5.18242e-10 3.15181e-07 3.92021e-12 -6.26502e-16 3.6634e-18 2.8747e-20 2.24223e-18 -1.42814e-11
343.175 4.8347e-15 2.38698e-15 0.55 -2.59185e-18 6.45258e-18 8.00471e-16 1 6.60166e-14 5.94802e-14 0.55 2.61588e-15 6.6148e-16 0.961349 -0.275331 -1.45716e-08 -9.0759e-09 -3.36155e-14 8.76099e-11 -1.39358e-10 -8.47508e-08 -1.07386e-12 1.33351e-15 6.34372e-18 1.42326e-17 -8.64576e-18 3.91333e-12
343.742 1.9237e-14 9.38138e-15 0.55 -1.03103e-17 2.5673e-17 3.18503e-15 1 2.62651e-13 2.36686e-13 0.55 1.0407e-14 2.63076e-15 0.961349 -0.275331 -6.06091e-08 -3.79774e-08 1.82032e-16 3.64704e-10 -5.79969e-10 -3.52703e-07 -4.44283e-12 -3.57534e-16 2.90976e-18 2.88466e-18 -1.01575e-17 1.61847e-11
344.384 1.52928e-14 7.49401e-15 0.55 -8.19627e-18 2.04089e-17 2.53199e-15 1 2.08805e-13 1.88155e-13 0.55 8.27306e-15 2.09153e-15 0.961349 -0.275331 -4.89679e-08 -3.06386e-08 2.39214e-14 2.94656e-10 -4.68653e-10 -2.85014e-07 -3.56295e-12 -3.68045e-16 -2.17512e-18 -6.79637e-18 -2.32116e-18 1.29834e-11
345.028 -2.62653e-15 -1.27676e-15 0.55 1.40802e-18 -3.50556e-18 -4.34868e-16 1 -3.58741e-14 -3.22797e-14 0.55 -1.42115e-15 -3.5926e-16 0.961349 -0.275331 7.66037e-09 4.78464e-09 1.80792e-14 -4.6188e-11 7.32525e-11 4.45465e-08 5.64203e-13 -1.86076e-16 -4.2388e-18 -8.3737e-18 3.46365e-18 -2.05688e-12
345.559 -1.40175e-14 -6.82787e-15 0.55 7.51282e-18 -1.87073e-17 -2.32084e-15 1 -1.91402e-13 -1.72473e-13 0.55 -7.58342e-15 -1.91709e-15 0.961349 -0.275331 4.42892e-08 2.7764e-08 1.9306e-14 -2.66511e-10 4.23847e-10 2.57747e-07 3.23995e-12 2.38613e-15 -1.84277e-18 -5.26402e-19 -2.09703e-18 -1.18019e-11
346.128 -1.38656e-14 -6.82787e-15 0.55 7.4309e-18 -1.85045e-17 -2.2957e-15 1 -1.89335e-13 -1.70641e-13 0.55 -7.50105e-15 -1.89601e-15 0.961349 -0.275331 4.39186e-08 2.75357e-08 4.62257e-14 -2.64352e-10 4.2029e-10 2.556e-07 3.24012e-12 1.38219e-15 1.7754e-18 2.07399e-17 -6.93461e-18 -1.17997e-11
346.759 -1.61312e-15 -8.04912e-16 0.55 8.63108e-19 -2.15271e-18 -2.67081e-16 1 -2.20379e-14 -1.98591e-14 0.55 -8.72435e-16 -2.20584e-16 0.961349 -0.275331 5.30939e-09 3.30273e-09 -1.63204e-14 -3.19745e-11 5.07465e-11 3.08794e-08 3.86427e-13 -1.26367e-15 1.74398e-18 -1.4503e-18 -5.25708e-18 -1.40611e-12
347.381 1.00592e-14 4.88498e-15 0.55 -5.39167e-18 1.34247e-17 1.66548e-15 1 1.37362e-13 1.23762e-13 0.55 5.44205e-15 1.37584e-15 0.961349 -0.275331 -3.14397e-08 -1.96562e-08 -3.23396e-15 1.89357e-10 -3.00835e-10 -1.82955e-07 -2.31943e-12 6.54566e-16 2.50287e-18 1.16064e-17 -9.49928e-18 8.44782e-12
348.003 1.08104e-14 5.32907e-15 0.55 -5.79383e-18 1.44269e-17 1.78986e-15 1 1.47604e-13 1.33019e-13 0.55 5.84814e-15 1.47841e-15 0.961349 -0.275331 -3.4243e-08 -2.14691e-08 9.90819e-15 2.06056e-10 -3.27585e-10 -1.99228e-07 -2.52572e-12 -1.16373e-15 -3.04574e-18 -1.60885e-17 1.1702e-17 9.19771e-12
348.596 2.21005e-15 1.11022e-15 0.55 -1.18403e-18 2.94916e-18 3.65912e-16 1 3.01842e-14 2.71727e-14 0.55 1.19543e-15 3.02169e-16 0.961349 -0.275331 -7.42603e-09 -4.64089e-09 -1.65817e-14 4.45147e-11 -7.09491e-11 -4.31691e-08 -5.47879e-13 -1.49783e-16 -1.03989e-18 -6.25707e-19 8.03146e-18 1.9931e-12
349.187 -6.89635e-15 -3.33067e-15 0.55 3.69559e-18 -9.2035e-18 -1.14181e-15 1 -9.41885e-14 -8.48488e-14 0.55 -3.73076e-15 -9.42946e-16 0.961349 -0.275331 2.14865e-08 1.33708e-08 5.17311e-14 -1.29269e-10 2.05528e-10 1.24999e-07 1.58399e-12 -1.82947e-15 -6.4569e-18 -2.90226e-17 1.54961e-17 -5.77405e-12
349.805 -8.82023e-15 -4.35763e-15 0.55 4.72733e-18 -1.17713e-17 -1.46034e-15 1 -1.20445e-13 -1.08538e-13 0.55 -4.77173e-15 -1.20617e-15 0.961349 -0.275331 2.79552e-08 1.74668e-08 1.36743e-14 -1.68161e-10 2.67316e-10 1.6258e-07 2.06125e-12 3.66281e-16 -1.41078e-18 -1.15769e-17 6.7804e-19 -7.50669e-12
350.366 -3.33891e-15 -1.66533e-15 0.55 1.78941e-18 -4.45559e-18 -5.52816e-16 1 -4.56024e-14 -4.11338e-14 0.55 -1.8061e-15 -4.56761e-16 0.961349 -0.275331 1.08264e-08 6.77372e-09 -1.79938e-14 -6.50052e-11 1.0355e-10 6.29864e-08 7.98974e-13 -1.54537e-16 1.86243e-18 -5.12337e-19 1.51256e-18 -2.91157e-12
350.969 4.29675e-15 2.05391e-15 0.55 -2.30297e-18 5.7344e-18 7.11403e-16 1 5.86892e-14 5.28882e-14 0.55 2.32468e-15 5.87783e-16 0.961349 -0.275331 -1.33992e-08 -8.38111e-09 -2.81228e-17 8.05985e-11 -1.28183e-10 -7.79508e-08 -9.87843e-13 3.25614e-16 8.76293e-19 -4.56024e-19 2.28455e-18 3.59923e-12
351.571 7.08586e-15 3.44169e-15 0.55 -3.79781e-18 9.45634e-18 1.17319e-15 1 9.67559e-14 8.71386e-14 0.55 3.83327e-15 9.69152e-16 0.961349 -0.275331 -2.23613e-08 -1.39606e-08 -1.30726e-15 1.34612e-10 -2.1393e-10 -1.30116e-07 -1.64886e-12 1.66363e-15 1.5249e-18 1.34505e-17 -7.46381e-18 6.00805e-12
352.17 3.43953e-15 1.72085e-15 0.55 -1.84315e-18 4.59015e-18 5.69476e-16 1 4.69624e-14 4.23273e-14 0.55 1.86064e-15 4.70182e-16 0.961349 -0.275331 -1.11501e-08 -6.93714e-09 -2.0653e-14 6.71713e-11 -1.06713e-10 -6.49069e-08 -8.22232e-13 7.52431e-16 2.44096e-18 2.02069e-17 -1.2813e-17 2.99834e-12
352.779 -2.63822e-15 -1.249e-15 0.55 1.4138e-18 -3.52105e-18 -4.36804e-16 1 -3.60267e-14 -3.2474e-14 0.55 -1.42734e-15 -3.60605e-16 0.961349 -0.275331 8.37476e-09 5.26065e-09 3.80893e-14 -5.03763e-11 8.01575e-11 4.87414e-08 6.17889e-13 2.77832e-16 -9.28188e-19 1.215e-17 -4.8403e-18 -2.25054e-12
353.385 -5.47662e-15 -2.63678e-15 0.55 2.93542e-18 -7.30898e-18 -9.06752e-16 1 -7.47735e-14 -6.74183e-14 0.55 -2.96287e-15 -7.4906e-16 0.961349 -0.275331 1.7258e-08 1.0863e-08 -5.69931e-14 -1.03928e-10 1.65312e-10 1.00519e-07 1.275e-12 1.37559e-15 5.09488e-18 2.42194e-17 -3.47054e-18 -4.64367e-12
353.968 -3.3163e-15 -1.66533e-15 0.55 1.7777e-18 -4.4254e-18 -5.49072e-16 1 -4.52832e-14 -4.08146e-14 0.55 -1.79388e-15 -4.53788e-16 0.961349 -0.275331 1.04791e-08 6.51298e-09 -2.16117e-14 -6.31326e-11 1.00278e-10 6.09975e-08 7.72064e-13 -1.17789e-15 -5.66179e-19 -1.66943e-17 1.27771e-17 -2.81672e-12
354.594 1.50243e-15 6.93889e-16 0.55 -8.05301e-19 2.00515e-18 2.48754e-16 1 2.05114e-14 1.8513e-14 0.55 8.12829e-16 2.05457e-16 0.961349 -0.275331 -4.65347e-09 -2.91714e-09 4.18566e-15 2.79833e-11 -4.44786e-11 -2.70581e-08 -3.44184e-13 3.34883e-16 -4.21619e-19 -2.43822e-18 -2.19483e-18 1.25549e-12
355.224 4.18555e-15 1.9984e-15 0.55 -2.24317e-18 5.58617e-18 6.92992e-16 1 5.71349e-14 5.1445e-14 0.55 2.26441e-15 5.7211e-16 0.961349 -0.275331 -1.31483e-08 -8.29459e-09 4.76269e-14 7.92419e-11 -1.2604e-10 -7.66375e-08 -9.71807e-13 -2.21445e-15 -4.70924e-18 -2.61233e-17 2.11981e-18 3.53998e-12
355.839 2.65788e-15 1.36002e-15 0.55 -1.42462e-18 3.54704e-18 4.4006e-16 1 3.62904e-14 3.27377e-14 0.55 1.43784e-15 3.63618e-16 0.961349 -0.275331 -8.47101e-09 -5.28671e-09 4.70175e-15 5.09376e-11 -8.09948e-11 -4.92631e-08 -6.24155e-13 6.11685e-16 1.36902e-19 5.86724e-18 -2.69591e-18 2.27349e-12
356.49 -1.17899e-15 -5.27356e-16 0.55 6.31895e-19 -1.57377e-18 -1.95203e-16 1 -1.6126e-14 -1.45162e-14 0.55 -6.38024e-16 -1.61108e-16 0.961349 -0.275331 3.64581e-09 2.28973e-09 -3.84915e-15 -2.19654e-11 3.49402e-11 2.12382e-08 2.56786e-13 -2.35867e-16 1.47771e-18 1.08437e-17 -3.53072e-18 -9.35182e-13
357.112 -3.21644e-15 -1.52656e-15 0.55 1.72405e-18 -4.29244e-18 -5.32539e-16 1 -4.39093e-14 -3.95933e-14 0.55 -1.74001e-15 -4.39961e-16 0.961349 -0.275331 1.01244e-08 6.33378e-09 -1.8898e-14 -6.10209e-11 9.70148e-11 5.89884e-08 7.46556e-13 -1.63673e-15 2.44558e-19 -3.77602e-18 1.06556e-17 -2.72178e-12
357.728 -2.0544e-15 -1.05471e-15 0.55 1.10127e-18 -2.74181e-18 -3.40143e-16 1 -2.8047e-14 -2.52715e-14 0.55 -1.11141e-15 -2.80936e-16 0.961349 -0.275331 6.58345e-09 4.13699e-09 -5.93924e-14 -3.96999e-11 6.30787e-11 3.83604e-08 4.86054e-13 6.5374e-16 3.11994e-18 2.86358e-18 4.41989e-18 -1.77137e-12
358.318 6.32644e-16 2.498e-16 0.55 -3.3886e-19 8.43951e-19 1.04745e-16 1 8.64586e-15 7.79932e-15 0.55 3.42021e-16 8.64899e-17 0.961349 -0.275331 -1.91754e-09 -1.20627e-09 1.65127e-15 1.1575e-11 -1.84383e-11 -1.12058e-08 -1.41131e-13 6.73576e-16 -2.73313e-19 -5.01476e-18 -6.39691e-18 5.17574e-13
358.913 2.39935e-15 1.11022e-15 0.55 -1.28529e-18 3.20201e-18 3.97254e-16 1 3.27655e-14 2.95042e-14 0.55 1.29797e-15 3.27978e-16 0.961349 -0.275331 -7.54346e-09 -4.77966e-09 -7.23264e-14 4.54057e-11 -7.22254e-11 -4.39137e-08 -5.57637e-13 -1.93297e-15 2.80217e-19 -2.15944e-17 1.15906e-17 2.0275e-12
359.547 1.7906e-15 9.15934e-16 0.55 -9.59627e-19 2.38941e-18 2.96466e-16 1 2.44388e-14 2.2024e-14 0.55 9.68586e-16 2.45018e-16 0.961349 -0.275331 -5.76356e-09 -3.62857e-09 2.95075e-16 3.46582e-11 -5.51125e-11 -3.35208e-08 -4.25606e-13 -9.91405e-16 -1.58628e-18 -9.83406e-18 8.06293e-18 1.54763e-12
360.128 -2.03116e-16 -5.55112e-17 0.55 1.08986e-19 -2.71137e-19 -3.36295e-17 1 -2.77556e-15 -2.51188e-15 0.55 -1.0993e-16 -2.78037e-17 0.961349 -0.275331 6.36374e-10 3.74637e-10 -1.59794e-14 -3.87301e-12 6.13417e-12 3.72535e-09 3.76434e-14 -2.25193e-15 7.68102e-19 -4.89975e-18 9.99602e-18 -1.42047e-13
360.727 -1.76103e-15 -8.04912e-16 0.55 9.43873e-19 -2.35001e-18 -2.9157e-16 1 -2.40502e-14 -2.16632e-14 0.55 -9.52595e-16 -2.40881e-16 0.961349 -0.275331 5.53639e-09 3.45655e-09 -4.63295e-14 -3.33213e-11 5.29809e-11 3.22311e-08 4.08601e-13 5.35753e-16 1.18248e-18 -5.03583e-18 3.39306e-18 -1.48721e-12
361.319 -1.60548e-15 -8.32667e-16 0.55 8.60311e-19 -2.14266e-18 -2.65815e-16 1 -2.19547e-14 -1.97342e-14 0.55 -8.68567e-16 -2.19558e-16 0.961349 -0.275331 5.07744e-09 3.18441e-09 -6.74909e-14 -3.05354e-11 4.86115e-11 2.9559e-08 3.78495e-13 2.47623e-16 -6.97892e-19 -6.21669e-19 1.15346e-18 -1.37894e-12
361.935 -7.81001e-17 -8.32667e-17 0.55 4.19377e-20 -1.04299e-19 -1.29309e-17 1 -1.04083e-15 -9.57567e-16 0.55 -4.2298e-17 -1.07848e-17 0.961349 -0.275331 3.03265e-10 1.90591e-10 4.31753e-14 -1.85349e-12 2.94606e-12 1.79406e-09 2.29584e-14 -2.67969e-16 -1.39899e-18 7.2904e-19 -8.30292e-19 -8.29425e-14
362.471 1.16535e-15 5.27356e-16 0.55 -6.24761e-19 1.55526e-18 1.92945e-16 1 1.59039e-14 1.43219e-14 0.55 6.30486e-16 1.59511e-16 0.961349 -0.275331 -3.66919e-09 -2.30255e-09 -1.48324e-14 2.22548e-11 -3.51346e-11 -2.13622e-08 -2.6644e-13 1.73167e-15 8.53829e-19 -7.37373e-18 5.70237e-18 9.70676e-13
363.037 1.40945e-15 6.66134e-16 0.55 -7.55762e-19 1.88108e-18 2.3336e-16 1 1.92346e-14 1.73195e-14 0.55 7.62622e-16 1.92948e-16 0.961349 -0.275331 -4.44199e-09 -2.83698e-09 6.00865e-14 2.67602e-11 -4.26047e-11 -2.58962e-08 -3.2854e-13 -1.41217e-15 -5.2217e-18 -2.36804e-17 7.45929e-18 1.19569e-12
363.675 3.88014e-16 2.498e-16 0.55 -2.08134e-19 5.17877e-19 6.42426e-17 1 5.28744e-15 4.78784e-15 0.55 2.0997e-16 5.31232e-17 0.961349 -0.275331 -1.2647e-09 -8.41316e-10 2.14375e-14 7.65614e-12 -1.2171e-11 -7.398e-09 -9.44674e-14 -7.9554e-16 -3.01947e-18 -1.66568e-17 7.29712e-18 3.42657e-13
364.294 -8.07163e-16 -3.33067e-16 0.55 4.33185e-19 -1.07716e-18 -1.3364e-16 1 -1.10051e-14 -9.95037e-15 0.55 -4.36725e-16 -1.10789e-16 0.961349 -0.275331 2.54278e-09 1.59894e-09 -3.24807e-14 -1.53358e-11 2.43679e-11 1.48164e-08 1.87137e-13 -1.98779e-15 1.46916e-18 2.66421e-18 1.94331e-18 -6.84179e-13
364.897 -1.09951e-15 -4.996e-16 0.55 5.89796e-19 -1.46707e-18 -1.82043e-16 1 -1.50019e-14 -1.35586e-14 0.55 -5.94742e-16 -1.50709e-16 0.961349 -0.275331 3.45968e-09 2.22575e-09 -7.14239e-14 -2.09254e-11 3.33186e-11 2.02495e-08 2.57002e-13 3.97475e-15 5.31009e-18 2.07463e-17 3.04115e-19 -9.34101e-13
365.39 -5.8008e-16 -3.33067e-16 0.55 3.10923e-19 -7.74309e-19 -9.60426e-17 1 -7.92422e-15 -7.18869e-15 0.55 -3.13898e-16 -7.94195e-17 0.961349 -0.275331 1.85417e-09 1.17221e-09 -1.80079e-14 -1.11555e-11 1.774e-11 1.07907e-08 1.36958e-13 -1.76469e-15 1.6357e-18 6.82341e-18 -4.69393e-18 -4.98205e-13
365.983 3.66611e-16 1.38778e-16 0.55 -1.97192e-19 4.89358e-19 6.06992e-17 1 4.996e-15 4.48253e-15 0.55 1.9843e-16 5.04523e-17 0.961349 -0.275331 -1.09342e-09 -6.58896e-10 -1.37288e-15 6.59853e-12 -1.05028e-11 -6.38949e-09 -8.28672e-14 1.98289e-15 9.10557e-19 1.34469e-17 -8.04469e-18 3.05111e-13
366.631 8.70902e-16 3.60822e-16 0.55 -4.66646e-19 1.16232e-18 1.44193e-16 1 1.18933e-14 1.06998e-14 0.55 4.71173e-16 1.19048e-16 0.961349 -0.275331 -2.73711e-09 -1.73212e-09 3.34833e-14 1.65167e-11 -2.62888e-11 -1.59796e-08 -2.03025e-13 -2.91107e-15 -1.76085e-18 -4.19123e-18 -6.62859e-19 7.33521e-13
367.259 4.72439e-16 2.77556e-16 0.55 -2.52739e-19 6.30448e-19 7.82205e-17 1 6.43929e-15 5.78704e-15 0.55 2.555e-16 6.44042e-17 0.961349 -0.275331 -1.50815e-09 -9.69976e-10 -2.63731e-14 9.02498e-12 -1.43937e-11 -8.75699e-09 -1.11454e-13 -1.11418e-15 -2.88978e-19 -1.11538e-17 9.67254e-18 4.0417e-13
367.837 -2.40067e-16 -5.55112e-17 0.55 1.28505e-19 -3.20342e-19 -3.97474e-17 1 -3.30291e-15 -2.91434e-15 0.55 -1.2983e-16 -3.27632e-17 0.961349 -0.275331 6.99579e-10 4.71364e-10 -4.24498e-14 -4.31383e-12 6.88798e-12 4.17408e-09 5.22129e-14 -1.59812e-15 2.8911e-18 1.2133e-17 2.39017e-18 -1.92999e-13
368.455 -6.64042e-16 -2.77556e-16 0.55 3.5561e-19 -8.86419e-19 -1.09944e-16 1 -9.07607e-15 -8.21565e-15 0.55 -3.59289e-16 -9.04986e-17 0.961349 -0.275331 2.08228e-09 1.3178e-09 -4.47017e-14 -1.25974e-11 2.00219e-11 1.2169e-08 1.54094e-13 8.51154e-16 2.20582e-18 3.70636e-18 2.28392e-18 -5.62034e-13
369.103 -4.04333e-16 -2.498e-16 0.55 2.16745e-19 -5.39721e-19 -6.69442e-17 1 -5.53724e-15 -4.96825e-15 0.55 -2.18884e-16 -5.54053e-17 0.961349 -0.275331 1.31027e-09 8.01848e-10 1.14815e-14 -7.80719e-12 1.24601e-11 7.5767e-09 9.35038e-14 -7.37659e-16 2.62974e-18 9.21431e-19 3.70627e-18 -3.42667e-13
369.685 1.45952e-16 2.77556e-17 0.55 -7.79711e-20 1.94929e-19 2.4165e-17 1 1.98452e-15 1.81799e-15 0.55 7.8993e-17 1.97724e-17 0.961349 -0.275331 -4.33702e-10 -2.7135e-10 -4.20704e-14 2.5967e-12 -4.14982e-12 -2.53086e-09 -3.43274e-14 1.96727e-16 1.16923e-19 1.42493e-18 -2.73231e-18 1.24487e-13
370.24 4.90043e-16 1.94289e-16 0.55 -2.62516e-19 6.54282e-19 8.11354e-17 1 6.67522e-15 6.00908e-15 0.55 2.65248e-16 6.69399e-17 0.961349 -0.275331 -1.5587e-09 -9.6387e-10 -8.30951e-14 9.27523e-12 -1.47835e-11 -8.98779e-09 -1.14436e-13 -1.81041e-16 3.99413e-18 5.66703e-18 5.39808e-18 4.16949e-13
370.864 3.88529e-16 1.94289e-16 0.55 -2.07844e-19 5.18896e-19 6.43282e-17 1 5.28744e-15 4.73233e-15 0.55 2.10296e-16 5.28563e-17 0.961349 -0.275331 -1.21132e-09 -8.18709e-10 6.93861e-14 7.29619e-12 -1.17371e-11 -7.12096e-09 -8.9634e-14 2.34927e-16 -5.60429e-18 -2.54533e-17 8.59028e-18 3.28844e-13
371.486 -4.77232e-17 2.77556e-17 0.55 2.63382e-20 -6.33785e-20 -7.90164e-18 1 -6.38378e-16 -5.82867e-16 0.55 -2.56919e-17 -6.82736e-18 0.961349 -0.275331 1.28883e-10 2.55856e-11 -6.38664e-14 -8.11814e-13 1.22744e-12 7.5409e-10 8.34402e-15 -9.76593e-16 -1.21393e-19 -2.29533e-17 1.52521e-17 -3.50509e-14
372.074 -3.63194e-16 -1.38778e-16 0.55 1.94847e-19 -4.84829e-19 -6.01333e-17 1 -4.96825e-15 -4.45477e-15 0.55 -1.96547e-16 -4.96567e-17 0.961349 -0.275331 1.12643e-09 7.65367e-10 -5.3341e-14 -6.83459e-12 1.09253e-11 6.62515e-09 8.45382e-14 1.50562e-15 5.07541e-18 2.77688e-17 -7.40403e-18 -3.05945e-13
372.671 -3.31239e-16 -1.38778e-16 0.55 1.77552e-19 -4.42228e-19 -5.48425e-17 1 -4.51028e-15 -4.1217e-15 0.55 -1.79292e-16 -4.53267e-17 0.961349 -0.275331 1.06741e-09 6.02132e-10 4.29731e-15 -6.45132e-12 1.01759e-11 6.19522e-09 7.78143e-14 -4.5197e-16 -2.25582e-18 -6.40469e-18 4.4457e-19 -2.83162e-13
373.274 -2.26761e-17 -5.55112e-17 0.55 1.20712e-20 -3.04531e-20 -3.75449e-18 1 -3.05311e-16 -2.77556e-16 0.55 -1.23577e-17 -3.05364e-18 0.961349 -0.275331 7.10149e-11 4.97408e-11 -1.37924e-14 -4.70619e-13 7.84656e-13 4.66154e-10 6.05545e-15 -2.99681e-16 5.99866e-19 9.72214e-20 5.51161e-18 -2.1706e-14
373.858 2.52247e-16 8.32667e-17 0.55 -1.3467e-19 3.36627e-19 4.17637e-17 1 3.44169e-15 3.09475e-15 0.55 1.3643e-16 3.43299e-17 0.961349 -0.275331 -7.89447e-10 -5.36862e-10 1.41671e-14 4.72726e-12 -7.59341e-12 -4.60865e-09 -5.8577e-14 -5.75091e-16 -2.56298e-18 -1.83257e-17 7.22684e-18 2.13797e-13
374.407 2.88368e-16 8.32667e-17 0.55 -1.55068e-19 3.84656e-19 4.77444e-17 1 3.92741e-15 3.4972e-15 0.55 1.55983e-16 3.97834e-17 0.961349 -0.275331 -9.05434e-10 -5.66575e-10 3.72329e-14 5.50241e-12 -8.72318e-12 -5.30434e-09 -6.71694e-14 1.7562e-16 -1.67294e-18 5.76522e-19 -1.4043e-18 2.45053e-13
374.999 9.19619e-17 8.32667e-17 0.55 -4.90478e-20 1.22237e-19 1.52256e-17 1 1.249e-15 1.1241e-15 0.55 4.94999e-17 1.26113e-17 0.961349 -0.275331 -2.93038e-10 -1.62845e-10 5.31208e-15 1.81065e-12 -2.81192e-12 -1.72506e-09 -2.12355e-14 8.46871e-16 6.12091e-19 7.03529e-18 -4.92932e-18 7.98068e-14
375.618 -1.59224e-16 -2.77556e-17 0.55 8.53327e-20 -2.12353e-19 -2.63623e-17 1 -2.16493e-15 -1.97065e-15 0.55 -8.60603e-17 -2.18504e-17 0.961349 -0.275331 4.90106e-10 2.7964e-10 -4.98014e-15 -2.99533e-12 4.70997e-12 2.86598e-09 3.56911e-14 -1.36679e-15 -1.12967e-18 -1.03791e-17 6.8036e-18 -1.32493e-13
376.233 -2.28373e-16 -5.55112e-17 0.55 1.22718e-19 -3.05175e-19 -3.78115e-17 1 -3.10862e-15 -2.83107e-15 0.55 -1.23752e-16 -3.12744e-17 0.961349 -0.275331 7.29424e-10 4.7934e-10 -2.90976e-15 -4.3387e-12 6.92863e-12 4.21337e-09 5.19978e-14 -1.72469e-15 4.83945e-19 3.177e-18 -2.24453e-18 -1.94967e-13
376.801 -1.00625e-16 -5.55112e-17 0.55 5.43174e-20 -1.34222e-19 -1.66601e-17 1 -1.36002e-15 -1.26288e-15 0.55 -5.44866e-17 -1.3921e-17 0.961349 -0.275331 3.27293e-10 2.14197e-10 2.17937e-14 -1.96997e-12 3.11876e-12 1.89425e-09 2.42782e-14 7.87481e-16 -3.85968e-21 6.08919e-18 -3.27895e-18 -8.73869e-14
377.362 8.41664e-17 0 0.55 -4.52775e-20 1.12243e-19 1.39351e-17 1 1.15186e-15 1.02696e-15 0.55 4.55397e-17 1.15689e-17 0.961349 -0.275331 -2.68017e-10 -1.23183e-10 2.18252e-14 1.79937e-12 -2.53026e-12 -1.54488e-09 -1.88109e-14 1.30577e-15 -2.5518e-19 3.99058e-18 -1.65789e-18 6.88791e-14
377.996 1.80034e-16 2.77556e-17 0.55 -9.67453e-20 2.40341e-19 2.9808e-17 1 2.45637e-15 2.20657e-15 0.55 9.74616e-17 2.48284e-17 0.961349 -0.275331 -5.67842e-10 -3.53043e-10 -1.49046e-14 3.41886e-12 -5.44663e-12 -3.30505e-09 -4.1263e-14 2.99585e-15 6.85062e-19 4.91232e-19 6.86592e-19 1.52619e-13
378.631 9.23428e-17 2.77556e-17 0.55 -5.00964e-20 1.23513e-19 1.52891e-17 1 1.249e-15 1.11022e-15 0.55 5.0191e-17 1.28814e-17 0.961349 -0.275331 -2.93638e-10 -1.77754e-10 -7.23585e-14 1.78709e-12 -2.78876e-12 -1.69435e-09 -2.23773e-14 -3.13887e-15 -1.38439e-18 -1.5459e-18 -9.4274e-19 7.80765e-14
379.252 -6.4354e-17 2.77556e-17 0.55 3.46147e-20 -8.57909e-20 -1.06549e-17 1 -8.74301e-16 -8.32667e-16 0.55 -3.47894e-17 -8.87258e-18 0.961349 -0.275331 2.04816e-10 1.3729e-10 3.76727e-15 -1.22889e-12 1.95061e-12 1.18918e-09 1.42287e-14 1.29821e-16 6.88172e-19 3.60023e-18 -4.43797e-18 -5.30024e-14
379.82 -1.37751e-16 -2.77556e-17 0.55 7.41942e-20 -1.83934e-19 -2.28072e-17 1 -1.91513e-15 -1.67921e-15 0.55 -7.45934e-17 -1.88752e-17 0.961349 -0.275331 4.47366e-10 3.20002e-10 6.13722e-14 -2.59797e-12 4.16032e-12 2.53063e-09 3.33192e-14 3.19521e-15 -4.39143e-19 1.60773e-17 -1.75511e-17 -1.15307e-13
380.441 -8.57614e-17 -2.77556e-17 0.55 4.63059e-20 -1.14455e-19 -1.41993e-17 1 -1.17961e-15 -1.02696e-15 0.55 -4.64598e-17 -1.19228e-17 0.961349 -0.275331 2.81713e-10 1.61927e-10 2.2836e-15 -1.67089e-12 2.62865e-12 1.60227e-09 1.98219e-14 -1.10565e-15 -5.78875e-19 -6.10969e-18 -8.20533e-19 -7.3892e-14
381.02 2.74138e-17 -2.77556e-17 0.55 -1.41059e-20 3.66123e-20 4.53875e-18 1 3.60822e-16 3.19189e-16 0.55 1.4767e-17 3.41585e-18 0.961349 -0.275331 -8.13222e-11 -3.55134e-11 3.07676e-16 4.93655e-13 -8.23661e-13 -4.98019e-10 -6.15436e-15 5.48976e-16 8.12866e-19 5.33699e-18 -5.96247e-18 2.31492e-14
381.569 9.98617e-17 0 0.55 -5.38102e-20 1.33557e-19 1.65343e-17 1 1.36002e-15 1.22125e-15 0.55 5.41348e-17 1.3729e-17 0.961349 -0.275331 -3.15646e-10 -1.33448e-10 1.03052e-14 1.89249e-12 -2.99066e-12 -1.82911e-09 -2.34211e-14 2.66536e-16 -8.06306e-20 4.46233e-18 -1.95098e-18 8.49616e-14
382.232 7.83053e-17 0 0.55 -4.17222e-20 1.04508e-19 1.29649e-17 1 1.06859e-15 9.57567e-16 0.55 4.23148e-17 1.05848e-17 0.961349 -0.275331 -2.4683e-10 -1.64327e-10 2.31192e-14 1.52824e-12 -2.4105e-12 -1.45644e-09 -1.78796e-14 1.86757e-15 6.49574e-19 -4.52327e-18 -1.848e-18 6.85695e-14
382.817 -6.89667e-18 0 0.55 3.31046e-21 -9.41659e-21 -1.14193e-18 1 -9.71445e-17 -6.93889e-17 0.55 -3.78558e-18 -7.60866e-19 0.961349 -0.275331 2.20915e-11 3.53737e-11 -2.67656e-14 -6.31755e-14 2.14203e-13 1.22381e-10 1.75892e-15 1.30748e-15 2.12321e-18 1.22855e-17 -6.85376e-18 -5.54753e-15
383.458 -7.67399e-17 0 0.55 4.12789e-20 -1.02375e-19 -1.27058e-17 1 -1.06859e-15 -9.4369e-16 0.55 -4.14994e-17 -1.07159e-17 0.961349 -0.275331 2.42753e-10 1.65605e-10 4.25748e-14 -1.44369e-12 2.31516e-12 1.40493e-09 1.7975e-14 -1.40225e-15 -1.08103e-18 4.18983e-18 -2.32576e-18 -6.4787e-14
384.096 -6.26095e-17 0 0.55 3.3863e-20 -8.36978e-20 -1.03662e-17 1 -8.74301e-16 -7.77156e-16 0.55 -3.40072e-17 -8.78288e-18 0.961349 -0.275331 1.98223e-10 1.36875e-10 2.5642e-14 -1.19081e-12 1.93056e-12 1.15989e-09 1.42085e-14 3.96568e-16 -3.3585e-19 7.22397e-18 -3.79312e-18 -5.35284e-14
384.7 4.33538e-18 0 0.55 -2.07631e-21 5.84671e-21 7.17721e-19 1 4.16334e-17 1.38778e-17 0.55 2.35289e-18 3.68097e-19 0.961349 -0.275331 -3.52286e-12 -2.91658e-11 1.15772e-14 4.18305e-14 -1.25705e-13 -6.01842e-11 -4.12955e-16 1.7269e-15 -1.28504e-18 -8.86238e-18 4.33879e-19 2.82852e-15
385.331 5.84342e-17 0 0.55 -3.154e-20 7.79831e-20 9.67482e-18 1 7.77156e-16 7.07767e-16 0.55 3.16451e-17 8.05653e-18 0.961349 -0.275331 -1.85986e-10 -9.98234e-11 -1.64643e-14 1.12947e-12 -1.76883e-12 -1.07021e-09 -1.36106e-14 8.57164e-17 1.07333e-18 3.66683e-18 -2.30867e-18 4.94312e-14
385.948 5.04459e-17 0 0.55 -2.76934e-20 6.77307e-20 8.35254e-18 1 6.80012e-16 6.38378e-16 0.55 2.75767e-17 7.22227e-18 0.961349 -0.275331 -1.68806e-10 -1.5328e-10 3.35989e-14 9.34216e-13 -1.54133e-12 -9.40362e-10 -1.37669e-14 -2.19253e-15 -3.15556e-18 -1.60855e-17 1.64551e-17 4.30815e-14
386.557 -1.69057e-19 0 0.55 6.81157e-22 -1.87317e-22 -2.81167e-20 1 1.38778e-17 -1.38778e-17 0.55 -1.33829e-19 -3.01066e-19 0.961349 -0.275331 6.17064e-12 -1.24836e-11 2.20938e-14 -2.66464e-14 -2.25468e-14 -4.8687e-12 -1.84095e-16 -1.12661e-16 -1.6315e-18 -6.24325e-18 -3.76323e-19 3.18843e-16
387.164 -4.28819e-17 0 0.55 2.32884e-20 -5.7355e-20 -7.09984e-18 1 -6.10623e-16 -5.13478e-16 0.55 -2.33343e-17 -6.06424e-18 0.961349 -0.275331 1.37318e-10 4.41902e-11 -4.52448e-14 -8.10508e-13 1.27161e-12 7.79358e-10 1.01009e-14 -3.77266e-16 -1.15047e-20 -1.53991e-17 7.05227e-18 -3.60738e-14
387.796 -4.08917e-17 0 0.55 2.18237e-20 -5.44732e-20 -6.77042e-18 1 -5.68989e-16 -5.13478e-16 0.55 -2.20242e-17 -5.47963e-18 0.961349 -0.275331 1.40713e-10 8.77986e-11 2.82085e-14 -7.62774e-13 1.21553e-12 7.52175e-10 9.98163e-15 1.7354e-17 -1.15717e-18 -3.94703e-19 -5.80478e-18 -3.44808e-14
388.38 -4.70903e-18 0 0.55 2.60508e-21 -6.18476e-21 -7.79608e-19 1 -4.16334e-17 -8.32667e-17 0.55 -2.5087e-18 -6.44068e-19 0.961349 -0.275331 1.65574e-11 2.2917e-11 -5.68247e-14 -8.83573e-14 1.70699e-13 9.81872e-11 1.58332e-15 5.57001e-16 2.88147e-18 5.05537e-18 -2.44488e-18 -4.49404e-15
389.036 3.23849e-17 0 0.55 -1.71899e-20 4.3232e-20 5.36195e-18 1 4.16334e-16 3.88578e-16 0.55 1.74849e-17 4.31546e-18 0.961349 -0.275331 -9.44276e-11 -7.91913e-11 -3.20384e-14 6.25821e-13 -9.59909e-13 -5.85682e-10 -7.49981e-15 -1.18965e-15 3.72797e-19 -6.74123e-18 3.87103e-18 2.71012e-14
389.658 3.23415e-17 0 0.55 -1.71306e-20 4.33115e-20 5.35472e-18 1 4.30211e-16 3.88578e-16 0.55 1.7547e-17 4.20637e-18 0.961349 -0.275331 -1.04817e-10 -6.77974e-11 -1.04526e-14 6.46199e-13 -9.89657e-13 -6.00243e-10 -8.16198e-15 -1.66484e-15 6.53818e-19 1.21604e-18 7.19703e-19 2.74285e-14
390.277 3.31632e-18 0 0.55 -2.10458e-21 4.39051e-21 5.49091e-19 1 4.16334e-17 1.38778e-17 0.55 1.82411e-18 6.33549e-19 0.961349 -0.275331 -1.78144e-11 -4.9278e-12 -2.11696e-14 8.47681e-14 -9.94052e-14 -6.64862e-11 -8.28668e-16 -1.39504e-16 8.73881e-19 1.1402e-18 3.02851e-18 2.95534e-15
390.863 -2.31736e-17 0 0.55 1.23368e-20 -3.09716e-20 -3.83675e-18 1 -3.33067e-16 -2.91434e-16 0.55 -1.25629e-17 -3.14028e-18 0.961349 -0.275331 6.57135e-11 3.6092e-11 -1.53604e-14 -4.43516e-13 6.98175e-13 4.20535e-10 4.17565e-15 -2.84708e-15 1.00599e-19 -4.72765e-18 2.87413e-18 -1.95804e-14
391.471 -2.64628e-17 0 0.55 1.42236e-20 -3.48691e-20 -4.38138e-18 1 -3.88578e-16 -3.05311e-16 0.55 -1.40605e-17 -3.83644e-18 0.961349 -0.275331 8.69706e-11 3.02435e-11 4.88964e-14 -4.97006e-13 7.90442e-13 4.87615e-10 6.42909e-15 1.98133e-15 -5.51911e-19 2.04532e-18 3.92096e-18 -2.27194e-14
392.091 -5.84996e-18 0 0.55 3.25153e-21 -7.75362e-21 -9.68505e-19 1 -8.32667e-17 -5.55112e-17 0.55 -3.16656e-18 -8.7942e-19 0.961349 -0.275331 2.11042e-11 1.26831e-11 -3.83164e-14 -1.04809e-13 1.77206e-13 1.09843e-10 1.55039e-15 1.65787e-16 1.66688e-18 9.61869e-19 -2.72248e-18 -5.02577e-15
392.75 1.7635e-17 0 0.55 -9.4662e-21 2.35152e-20 2.91981e-18 1 2.22045e-16 2.22045e-16 0.55 9.52537e-18 2.42283e-18 0.961349 -0.275331 -6.07908e-11 -3.42114e-11 -1.403e-14 3.27926e-13 -5.25386e-13 -3.21362e-10 -4.26365e-15 5.19221e-16 5.63513e-19 3.79035e-19 3.15997e-18 1.47264e-14
393.329 2.10141e-17 0 0.55 -1.13472e-20 2.79389e-20 3.47896e-18 1 3.05311e-16 2.08167e-16 0.55 1.13895e-17 2.9455e-18 0.961349 -0.275331 -7.27118e-11 -3.88548e-11 -2.09294e-14 3.79418e-13 -6.32229e-13 -3.85014e-10 -4.44209e-15 -9.51809e-17 9.1848e-19 1.91089e-18 4.59279e-18 1.76533e-14
393.929 6.3546e-18 0 0.55 -3.30761e-21 8.3524e-21 1.05208e-18 1 9.71445e-17 5.55112e-17 0.55 3.34579e-18 7.80514e-19 0.961349 -0.275331 -2.72453e-11 -2.24023e-11 -6.61643e-15 1.33189e-13 -1.8899e-13 -1.21033e-10 -1.96882e-15 -7.54291e-16 1.30477e-20 -1.56455e-18 3.26311e-18 5.42984e-15
394.547 -1.17723e-17 0 0.55 6.01999e-21 -1.57072e-20 -1.94897e-18 1 -1.66533e-16 -1.66533e-16 0.55 -6.35488e-18 -1.46673e-18 0.961349 -0.275331 2.62497e-11 6.61241e-11 -1.45068e-14 -2.05714e-13 3.55741e-13 2.07839e-10 3.29304e-15 2.86073e-16 -1.42534e-18 2.61881e-18 -7.01138e-18 -9.85475e-15
395.179 -1.63553e-17 0 0.55 8.58984e-21 -2.183e-20 -2.70793e-18 1 -2.35922e-16 -1.80411e-16 0.55 -8.81454e-18 -2.12693e-18 0.961349 -0.275331 3.64135e-11 7.90981e-11 -2.60145e-14 -2.89411e-13 5.09246e-13 2.9685e-10 3.82333e-15 1.45314e-15 3.59597e-18 2.20172e-17 -4.5635e-18 -1.38116e-14
395.805 -5.11162e-18 0 0.55 2.70847e-21 -6.94821e-21 -8.4638e-19 1 -6.93889e-17 -2.77556e-17 0.55 -2.82532e-18 -6.87587e-19 0.961349 -0.275331 7.57095e-12 5.51006e-11 2.74353e-15 -7.02638e-14 1.69314e-13 9.1457e-11 1.51406e-15 5.99992e-16 1.86929e-18 1.81998e-17 -7.21306e-18 -4.20959e-15
396.436 9.00433e-18 0 0.55 -4.60205e-21 1.21531e-20 1.49086e-18 1 1.249e-16 1.249e-16 0.55 4.90695e-18 1.07484e-18 0.961349 -0.275331 -2.2058e-11 -3.05565e-11 1.58883e-15 1.68122e-13 -2.79582e-13 -1.64592e-10 -2.16138e-15 3.91664e-16 -2.82681e-18 1.99406e-18 -1.84931e-18 7.51193e-15
397.037 1.27091e-17 0 0.55 -6.67099e-21 1.70416e-20 2.10419e-18 1 1.80411e-16 1.38778e-16 0.55 6.91382e-18 1.74637e-18 0.961349 -0.275331 -4.45253e-11 -4.10719e-11 -3.08487e-14 2.27541e-13 -3.8e-13 -2.35725e-10 -3.1766e-15 1.94945e-15 1.07829e-18 -1.47673e-18 4.04324e-18 1.07461e-14
397.602 5.74049e-18 0 0.55 -2.70272e-21 7.43399e-21 9.50289e-19 1 6.93889e-17 5.55112e-17 0.55 2.94893e-18 7.38382e-19 0.961349 -0.275331 -1.05182e-11 -1.26948e-11 3.73026e-16 9.82499e-14 -1.84005e-13 -1.05093e-10 -2.02868e-15 -2.5089e-15 -4.27252e-19 -5.09986e-18 -2.98716e-18 4.99562e-15
