12.059 -6.57659e-12 0.15 0.578 1.95875e-14 -1.19364e-14 -1.17585e-12 1 -0.143002 0.0459928 0.578 5.71537e-12 -8.53803e-12 0.587548 0.809189 2.11203e-05 6.51378e-05 -1.03885e-11 -6.24682e-07 2.00931e-07 -0.000316032 -4.28156e-09 2.82747e-13 2.72023e-17 -2.12168e-16 -6.18147e-15 1.55977e-08
12.652 -6.54388e-12 0.15 0.578 1.94907e-14 -1.18767e-14 -1.17001e-12 1 -0.143003 0.0459915 0.578 5.68718e-12 -8.4955e-12 0.587552 0.809187 2.13341e-05 6.58045e-05 8.07971e-12 -6.31062e-07 2.02962e-07 -0.000319267 -4.32535e-09 1.8918e-13 1.97115e-16 -2.21999e-16 -5.25699e-15 1.57573e-08
13.183 -1.76686e-12 0.15 0.578 5.26095e-15 -3.20711e-15 -3.15903e-13 1 -0.143001 0.0459966 0.578 1.53476e-12 -2.29354e-12 0.587537 0.809197 5.74873e-06 1.77185e-05 6.67961e-12 -1.69906e-07 5.4687e-08 -8.59725e-05 -1.16474e-09 2.65975e-13 -2.07658e-15 -7.4398e-17 -6.383e-16 4.24321e-09
13.589 -1.47035e-12 0.15 0.578 1.19521e-14 -5.03139e-15 -2.62864e-13 1 -0.143 0.045999 0.578 4.29821e-12 -5.96523e-12 0.58753 0.809202 4.57225e-06 1.40972e-05 -3.71125e-09 -9.84432e-07 3.05757e-07 -6.83372e-05 -9.67324e-10 1.22715e-13 6.62828e-14 2.08809e-13 -1.81311e-11 3.52391e-09
14.157 -3.73074e-12 0.15 0.578 1.11106e-14 -6.7709e-15 -6.67033e-13 1 -0.143001 0.0459957 0.578 3.242e-12 -4.84303e-12 0.58754 0.809195 1.20136e-05 3.70522e-05 -2.49093e-12 -3.55334e-07 1.14292e-07 -0.000179768 -2.43547e-09 1.00258e-13 4.76536e-16 -1.37708e-16 -3.33764e-15 8.87243e-09
14.881 -2.08221e-12 0.15 0.578 6.20055e-15 -3.77897e-15 -3.72286e-13 1 -0.143001 0.0459969 0.578 1.80921e-12 -2.70284e-12 0.587536 0.809198 6.93734e-06 2.13938e-05 -1.20978e-11 -2.05157e-07 6.59939e-08 -0.000103799 -1.40625e-09 9.09303e-14 3.3256e-16 -2.20005e-17 -1.44857e-15 5.12301e-09
15.631 -1.11606e-12 0.15 0.578 3.31756e-15 -2.02355e-15 -1.99544e-13 1 -0.143 0.045999 0.578 9.67438e-13 -1.44546e-12 0.58753 0.809202 3.53475e-06 1.09002e-05 1.38329e-11 -1.00634e-07 3.24103e-08 -5.28858e-05 -7.16493e-10 4.57909e-14 -1.44792e-16 -2.47065e-15 2.03352e-13 2.61018e-09
16.378 -1.83984e-12 0.15 0.578 5.47891e-15 -3.33905e-15 -3.28952e-13 1 -0.143001 0.0459977 0.578 1.5987e-12 -2.38823e-12 0.587534 0.809199 5.96186e-06 1.83869e-05 2.13684e-12 -1.7633e-07 5.67185e-08 -8.92094e-05 -1.20859e-09 4.58565e-14 -3.53407e-16 -6.42552e-17 -1.52455e-15 4.40292e-09
17.117 -1.9144e-13 0.15 0.578 5.69926e-16 -3.47454e-16 -3.42282e-14 1 -0.143 0.0459994 0.578 1.66261e-13 -2.48449e-13 0.587529 0.809203 7.47552e-07 2.30455e-06 5.17867e-12 -2.20973e-08 7.11161e-09 -1.11821e-05 -1.32861e-10 2.13518e-14 2.40827e-15 1.31103e-16 5.54742e-17 4.84028e-10
17.889 -9.17732e-13 0.15 0.578 2.73286e-15 -1.66555e-15 -1.64084e-13 1 -0.143 0.045999 0.578 7.9743e-13 -1.19127e-12 0.58753 0.809202 2.96415e-06 9.14136e-06 -1.38771e-12 -8.76668e-08 2.81998e-08 -4.43518e-05 -6.00873e-10 2.38962e-14 2.18087e-16 -2.90706e-17 -8.4903e-16 2.18898e-09
18.654 -6.23182e-13 0.15 0.578 1.85566e-15 -1.13096e-15 -1.11421e-13 1 -0.143 0.0459991 0.578 5.41464e-13 -8.08887e-13 0.58753 0.809202 2.03728e-06 6.28291e-06 2.13219e-12 -6.02522e-08 1.9382e-08 -3.04837e-05 -4.12987e-10 1.70794e-14 -4.35923e-16 -4.0319e-17 -4.58972e-16 1.50452e-09
19.442 -2.67642e-13 0.15 0.578 8.29178e-16 -4.95836e-16 -4.78524e-14 1 -0.143 0.0459998 0.578 2.45369e-13 -3.64676e-13 0.587528 0.809204 8.60178e-07 2.6527e-06 -1.52341e-11 -2.78057e-08 8.92135e-09 -1.287e-05 -1.69394e-10 7.04603e-15 1.32275e-15 2.26583e-15 -1.30291e-13 6.17101e-10
20.19 -4.83081e-13 0.15 0.578 1.43851e-15 -8.76714e-16 -8.63717e-14 1 -0.143 0.0459994 0.578 4.19744e-13 -6.27047e-13 0.587529 0.809203 1.56611e-06 4.82979e-06 4.07466e-13 -4.63178e-08 1.48991e-08 -2.34332e-05 -3.17469e-10 1.24151e-14 -7.99087e-17 -1.03326e-17 -4.06219e-16 1.15654e-09
20.932 -6.80055e-14 0.15 0.578 2.0245e-16 -1.23412e-16 -1.21589e-14 1 -0.143 0.0459998 0.578 5.90691e-14 -8.82613e-14 0.587528 0.809204 2.57872e-07 7.9529e-07 1.48464e-12 -7.62604e-09 2.45355e-09 -3.85879e-06 -4.74486e-11 1.99278e-15 -2.65722e-16 -2.65498e-18 6.75565e-20 1.72861e-10
21.686 -2.30127e-13 0.15 0.578 6.85268e-16 -4.17645e-16 -4.11451e-14 1 -0.143 0.0459997 0.578 1.99957e-13 -2.98713e-13 0.587528 0.809204 7.38262e-07 2.2767e-06 -2.45503e-13 -2.18339e-08 7.02345e-09 -1.10461e-05 -1.49652e-10 6.61575e-15 7.02665e-17 -2.06963e-18 -2.15433e-16 5.45178e-10
22.46 -1.71636e-13 0.15 0.578 5.11082e-16 -3.11489e-16 -3.06874e-14 1 -0.143 0.0459998 0.578 1.49129e-13 -2.2278e-13 0.587528 0.809204 5.62387e-07 1.73434e-06 7.64792e-13 -1.6632e-08 5.35025e-09 -8.41469e-06 -1.14e-10 3.23997e-15 -1.21502e-16 -9.81681e-18 -1.23154e-16 4.15311e-10
23.198 -5.20682e-14 0.15 0.578 3.55854e-17 -5.79956e-17 -9.30982e-15 1 -0.143 0.046 0.578 -2.70662e-15 -3.95916e-15 0.587528 0.809204 1.64859e-07 5.08412e-07 -8.83303e-12 -8.54336e-09 2.74232e-09 -2.4664e-06 -3.34154e-11 1.36461e-15 3.83559e-16 9.23477e-16 -1.92588e-13 1.21731e-10
23.933 3.64921e-13 0.15 0.578 -2.94867e-15 1.22182e-15 6.51294e-14 1 -0.143 0.0459998 0.578 -1.09913e-12 1.50016e-12 0.587528 0.809204 1.83602e-06 1.40655e-05 -5.78432e-09 1.21419e-07 -3.31726e-08 1.86419e-05 -1.81933e-09 3.69419e-10 6.90878e-12 5.13256e-12 3.61127e-11 -4.21801e-10
24.654 1.8089e-09 0.15 0.578 -6.23389e-12 3.53641e-12 3.23629e-10 1 -0.143084 0.0457382 0.578 -1.86062e-09 2.74039e-09 0.588268 0.808666 -0.00936033 -0.0412321 6.86315e-06 0.000225113 -7.79955e-05 0.0651322 1.76681e-06 1.25402e-07 1.84217e-11 1.83432e-09 -7.92352e-09 -3.09047e-06
25.423 8.06708e-09 0.15 0.578 -2.91608e-11 1.41135e-11 1.44598e-09 1 -0.144742 0.0401833 0.578 -8.89907e-09 1.14571e-08 0.603764 0.797163 -0.0233125 -0.198619 3.49975e-05 0.00100342 -0.000241493 0.33912 6.04956e-06 3.05264e-07 -2.21764e-10 -2.8597e-10 5.68487e-10 -2.21779e-05
26.152 4.47351e-09 0.15 0.578 -5.16023e-11 5.98926e-13 8.09423e-10 1 -0.149228 0.0172085 0.578 -1.97834e-08 1.35108e-08 0.664041 0.747696 0.0376945 -0.0652914 -3.45198e-05 0.00162364 0.000261981 0.52027 5.27592e-06 2.86964e-06 9.71607e-10 -1.00932e-09 4.92273e-08 -2.50489e-05
26.951 -1.21179e-08 0.15 0.578 -3.09427e-11 -5.10448e-11 -2.16762e-09 1 -0.14517 -0.0386079 0.578 -2.74661e-08 -5.01499e-09 0.791696 0.610915 0.1685 -0.0795878 5.02832e-06 0.000778782 0.00171773 0.616145 7.51371e-06 9.30122e-06 -8.34888e-10 -4.81521e-09 2.23899e-09 -2.76408e-05
27.687 -5.87142e-09 0.15 0.578 2.75091e-11 -4.32052e-11 -1.02541e-09 1 -0.109385 -0.102957 0.578 -1.67242e-08 -2.51541e-08 0.917274 0.398257 0.191085 0.151236 4.39995e-06 -0.00126241 0.00183517 0.19777 1.57334e-06 1.47888e-05 6.93553e-10 6.18278e-09 7.3185e-09 -7.12314e-06
28.48 9.056e-09 0.15 0.578 4.84744e-11 1.8206e-12 1.57503e-09 1 -0.0358386 -0.145879 0.578 2.37927e-09 -2.83485e-08 0.992538 0.121934 -0.536542 0.375411 7.66706e-05 -0.00218909 -0.000267277 0.0296434 -1.79007e-05 1.4064e-05 -1.64069e-09 7.44038e-09 2.47978e-07 -1.34262e-05
29.268 1.50411e-08 0.15 0.578 3.06459e-11 2.7183e-11 2.6118e-09 1 0.0412709 -0.144436 0.578 1.10265e-08 -1.97502e-08 0.990579 -0.136943 -0.0458163 0.168375 3.30769e-06 -0.0013879 -0.000909391 -0.275235 -1.74715e-06 1.06117e-05 5.33442e-10 4.67285e-09 -2.50481e-08 1.31438e-05
30.036 1.97609e-08 0.15 0.578 7.33099e-12 3.65271e-11 3.45165e-09 1 0.0977866 -0.11403 0.578 1.40058e-08 -1.10826e-08 0.938463 -0.345381 -0.141269 0.0286744 -6.44099e-05 -0.000440793 -0.00116231 -0.324141 3.08009e-06 4.56521e-06 -9.20253e-09 -3.5391e-08 -1.04326e-07 1.54087e-05
30.799 2.03468e-08 0.15 0.578 -1.73316e-11 3.75173e-11 3.59396e-09 1 0.130444 -0.0744942 0.578 1.6106e-08 -1.08274e-09 0.865741 -0.500493 -0.0986207 0.0298974 0.000104107 0.000375585 -0.000950094 -0.458669 -3.60628e-06 5.17555e-06 -1.04802e-09 1.70517e-08 -2.95986e-08 2.14084e-05
31.538 6.50089e-09 0.15 0.578 1.07112e-09 -3.27695e-10 2.34224e-09 1 0.142789 -0.0466516 0.578 -5.73727e-07 -4.29137e-07 0.810542 -0.58568 -0.0160891 -0.00178085 0.00022234 -0.0636668 0.0197261 -0.226121 -1.69365e-06 7.36299e-07 -1.34654e-08 -4.81343e-08 3.33277e-06 1.09946e-05
32.26 -1.30572e-08 0.15 0.578 2.9236e-11 -2.09235e-11 -2.32069e-09 1 0.137307 -0.0609252 0.578 -1.2703e-08 -8.02754e-09 0.839298 -0.543672 0.0188352 0.0845607 -1.47833e-05 -0.000919944 0.000349954 0.418393 5.40335e-06 6.91405e-07 1.24371e-09 5.56273e-09 8.54753e-09 -2.00555e-05
33.043 -1.03295e-08 0.15 0.578 2.28041e-11 -1.59629e-11 -1.83599e-09 1 0.137655 -0.0601335 0.578 -9.64735e-09 -6.39107e-09 0.837729 -0.546086 0.0293852 0.0667535 -1.14972e-05 -0.000724128 0.000271697 0.38959 4.81844e-06 1.47367e-07 7.75762e-11 -2.15952e-09 3.76775e-09 -1.85481e-05
33.788 1.807e-08 0.15 0.578 -5.05469e-11 3.12205e-11 3.22573e-09 1 0.142116 -0.0486621 0.578 2.0599e-08 1.31757e-08 0.814656 -0.579944 -0.0104622 -0.037997 6.00619e-05 0.0014266 -0.000459594 -0.757014 -6.25399e-06 -3.0547e-08 -2.06233e-09 -4.78981e-10 -5.56897e-08 3.74469e-05
34.574 4.3063e-08 0.15 0.578 -7.56968e-11 8.29942e-11 7.63361e-09 1 0.134497 -0.0668996 0.578 4.50944e-08 1.38114e-08 0.851046 -0.525091 -0.24867 -0.395745 -8.80462e-05 0.00252922 -0.00210158 -1.23318 -7.8264e-06 4.38839e-06 -8.65782e-09 1.30465e-09 -1.77027e-07 8.42181e-05
35.314 4.4579e-08 0.15 0.578 2.72291e-11 9.08865e-11 7.7731e-09 1 0.0884449 -0.121419 0.578 3.67963e-08 -3.03877e-08 0.951418 -0.307902 -0.160534 0.382877 8.2228e-05 -0.00167016 -0.00258093 -1.14757 -4.26788e-06 2.21847e-05 3.74783e-09 4.77517e-08 -9.98178e-08 5.59597e-05
36.057 -2.33861e-08 0.15 0.578 7.68297e-11 -2.72388e-11 -4.05931e-09 1 -0.00605104 -0.150095 0.578 -1.09337e-08 -4.56145e-08 0.99976 0.0219291 -0.157814 0.365598 2.18861e-06 -0.00341252 0.00033055 0.673736 -5.62177e-07 2.24034e-05 6.78329e-11 1.07665e-09 8.9613e-08 -3.71613e-05
36.834 -3.5811e-08 0.15 0.578 1.09064e-11 -7.09525e-11 -6.24923e-09 1 -0.0922948 -0.118519 0.578 -2.97805e-08 -1.80765e-08 0.945195 0.326505 0.302302 -0.00637211 -0.00022105 -0.000627454 0.00227579 0.766949 1.21512e-05 1.19474e-05 5.60101e-09 -1.13827e-08 -4.66044e-08 -3.24116e-05
37.581 -1.05587e-08 0.15 0.578 -2.93357e-12 -3.31808e-11 -1.86767e-09 1 -0.133116 -0.0696068 0.578 -1.36368e-08 -8.33423e-09 0.854462 0.519514 0.049226 0.275815 -0.000536295 3.43074e-05 0.00084644 0.648215 -2.67348e-06 8.81093e-06 2.17116e-08 3.43193e-08 1.1778e-07 -3.33821e-05
38.278 -1.56185e-09 0.15 0.578 2.11451e-12 -1.9719e-11 -2.78472e-10 1 -0.148369 -0.0234891 0.578 -7.80071e-09 -8.60798e-09 0.759223 0.65083 0.0969801 0.0189084 -1.65688e-05 -0.000124926 0.000858355 0.0580089 9.66928e-08 5.91653e-06 1.06608e-09 3.88332e-09 2.03006e-09 -1.58558e-06
39.003 1.84095e-09 0.15 0.578 -1.63587e-11 -1.27172e-11 3.33838e-10 1 -0.148064 0.0253407 0.578 -1.17295e-08 -2.43913e-09 0.643346 0.765576 0.11353 0.199307 -6.60013e-05 0.000349657 0.000816088 0.411686 -4.20504e-06 5.04922e-06 1.70246e-09 -3.74249e-09 1.10013e-07 -2.04906e-05
39.768 -7.68827e-09 0.15 0.578 3.35483e-11 -1.80782e-11 -1.38085e-09 1 -0.14657 0.0328991 0.578 8.41127e-09 -1.47512e-08 0.623499 0.781824 0.0377315 0.0795454 9.03386e-06 -0.000991253 0.000387845 -0.528626 -7.21095e-06 1.01374e-06 -2.62794e-11 -5.11875e-10 3.05377e-09 2.49741e-05
40.483 -3.75262e-10 0.15 0.578 1.14098e-12 -6.68838e-13 -6.76504e-11 1 -0.148559 0.0222541 0.578 8.49992e-11 -2.7477e-10 0.651276 0.758841 -0.110616 -0.766716 0.000276256 -0.000276048 -9.48914e-05 -0.100371 -7.06127e-07 3.09252e-08 6.96283e-11 -1.63325e-10 5.61036e-09 2.38143e-06
41.215 4.48921e-09 0.15 0.578 -1.0636e-10 2.63e-12 8.14267e-10 1 -0.149966 0.00867797 0.578 -3.62089e-08 3.1319e-08 0.685082 0.728466 0.0268331 -0.315834 -7.19546e-05 0.00313101 0.000177218 1.49677 1.9708e-05 2.67178e-06 2.82954e-09 3.74279e-09 4.49873e-09 -7.21991e-05
41.964 -5.53961e-08 0.15 0.578 -7.21931e-11 -1.59863e-10 -9.84208e-09 1 -0.137777 -0.0598534 0.578 -7.56444e-08 -1.57633e-08 0.835219 0.549918 0.235051 0.329295 0.000213234 0.00137853 0.00441919 2.28095 8.18717e-06 2.31955e-05 -9.81941e-09 -1.76205e-08 2.47321e-07 -0.000112521
42.708 -5.74476e-09 0.15 0.578 8.76344e-11 -3.83583e-11 -9.93257e-10 1 -0.0609115 -0.137313 0.578 -1.15324e-08 -5.53096e-08 0.977918 0.208991 0.1836 0.399408 1.57765e-10 -0.00383091 0.00175011 0.05049 2.87141e-08 2.74862e-05 3.09412e-12 -9.45253e-14 8.78042e-14 1.15262e-11
43.501 3.50738e-09 0.15 0.578 8.85009e-11 3.5369e-11 6.0465e-10 1 0.0551559 -0.139725 0.578 1.22434e-08 -5.51152e-08 0.982715 -0.185125 -0.24336 0.344638 -2.49719e-05 -0.00393841 -0.00142855 -0.0676546 -3.29309e-06 2.64683e-05 -1.16207e-09 -1.42615e-08 5.34346e-08 -7.54618e-07
44.253 2.84623e-08 0.15 0.578 -3.69325e-12 1.01157e-10 5.03169e-09 1 0.133776 -0.06833 0.578 4.2529e-08 -2.74632e-08 0.853832 -0.520548 -0.406171 0.0496783 -4.56811e-05 -0.000321055 -0.00358968 -0.790894 -9.23725e-06 2.14609e-05 2.44015e-10 -6.00972e-09 9.05688e-09 3.19392e-05
45.007 -8.259e-08 0.15 0.578 1.24229e-10 -1.18282e-10 -1.45858e-08 1 0.128437 -0.0779053 0.578 -6.22311e-08 -3.39027e-08 0.872254 -0.489053 0.0712849 0.15481 -0.000164309 -0.00387048 0.00196824 2.40504 2.25845e-05 2.11525e-06 5.57132e-09 6.18422e-09 9.48242e-08 -0.000107043
45.71 -4.10409e-08 0.15 0.578 1.00125e-10 -4.56313e-11 -7.29333e-09 1 0.13706 -0.061479 0.578 -3.17372e-08 -3.63399e-08 0.840391 -0.54198 0.0209398 0.336841 4.7584e-06 -0.00321341 0.000188428 1.47999 1.96641e-05 7.52264e-06 -1.31752e-10 1.38671e-10 -7.96032e-10 -7.14364e-05
46.448 -2.27367e-08 0.15 0.578 4.35822e-11 -3.43889e-11 -4.03319e-09 1 0.135365 -0.0651269 0.578 -1.96037e-08 -1.2108e-08 0.847574 -0.530677 0.237673 0.650011 0.00017596 -0.00186842 0.00101656 0.344208 2.33395e-05 2.53674e-06 -1.50544e-09 3.3011e-08 -2.20277e-07 -8.86059e-06
47.246 5.89618e-08 0.15 0.578 -8.10952e-11 9.27835e-11 1.04082e-08 1 0.127806 -0.078933 0.578 4.73014e-08 1.82028e-08 0.874216 -0.485537 -0.49957 -0.43537 -0.000228279 0.0024791 -0.00209747 -1.67182 -2.99726e-05 7.26593e-06 1.72623e-08 7.07981e-08 1.4119e-07 7.20087e-05
47.999 6.92826e-09 0.15 0.578 8.90473e-11 3.77185e-11 1.19947e-09 1 0.0763139 -0.129388 0.578 7.48159e-09 -5.66324e-08 0.965182 -0.26158 -0.225501 0.381079 1.46922e-05 -0.00463789 -0.000613972 -0.0619841 1.00456e-07 2.76671e-05 -7.24436e-10 -2.18357e-09 9.20495e-08 2.90694e-08
48.772 -3.5222e-09 0.15 0.578 9.35916e-11 -2.23043e-11 -6.08315e-10 1 -0.0361256 -0.145808 0.578 -7.02686e-09 -5.63387e-08 0.992418 0.122909 0.103891 0.429755 9.88064e-11 -0.00411987 0.000985716 0.0285699 -2.65495e-08 2.76456e-05 3.15217e-12 6.89475e-14 1.11273e-13 7.27463e-12
49.507 -8.31806e-09 0.15 0.578 5.45488e-11 -7.89963e-11 -1.45464e-09 1 -0.124796 -0.0836128 0.578 -2.69022e-08 -5.00986e-08 0.881375 0.472418 0.365659 0.248546 9.87182e-11 -0.00238958 0.00349784 0.100556 -2.65613e-08 2.76455e-05 3.12202e-12 -1.33601e-13 4.14848e-14 4.23419e-12
50.265 3.15534e-09 0.15 0.578 -7.55628e-11 -6.13083e-11 5.82633e-10 1 -0.148312 0.0238494 0.578 -5.51571e-08 -7.64436e-09 0.647192 0.762327 0.330703 -0.258848 4.16306e-05 0.00239739 0.00323692 1.03755 1.26619e-05 2.31161e-05 -1.67441e-09 -2.41717e-09 -3.58672e-09 -4.58615e-05
51.011 -1.55199e-08 0.15 0.578 1.73761e-10 -3.44345e-11 -2.80371e-09 1 -0.149417 0.0154747 0.578 5.20184e-08 -6.05205e-08 0.668362 0.743837 0.0621961 0.683624 -4.07582e-05 -0.00527813 0.000626882 -2.29131 -3.68082e-05 -1.38772e-07 1.60193e-10 -8.5755e-09 6.06518e-08 0.000110499
51.769 -4.59311e-08 0.15 0.578 -1.04898e-09 2.65248e-10 -8.23497e-09 1 -0.143774 0.0435175 0.578 -4.38173e-07 5.67601e-07 0.594504 0.804093 0.188196 0.363531 9.32791e-05 0.0807299 -0.0240582 -2.3286 -3.09179e-05 3.84277e-06 -6.64264e-09 -9.44781e-10 1.92756e-06 0.000111974
52.545 -3.38167e-08 0.15 0.578 -2.89173e-11 -2.25225e-11 -6.0513e-09 1 -0.143684 0.0438138 0.578 -2.3495e-08 2.58329e-08 0.593676 0.804704 0.1192 0.354771 7.00797e-08 0.00137593 -0.000348403 -1.72505 -2.33918e-05 5.71185e-07 -1.46593e-10 -4.17783e-11 2.49937e-07 8.5191e-05
53.298 3.40681e-09 0.15 0.578 4.64217e-13 2.48184e-12 6.05974e-10 1 -0.143695 0.0437823 0.578 2.62782e-10 -5.61867e-10 0.59377 0.804635 -0.0204987 -0.175607 5.67059e-05 0.000226191 -0.000111158 -0.301662 3.46449e-06 1.09712e-06 1.82437e-10 1.53737e-08 -6.79289e-08 1.59799e-05
54.028 1.6098e-08 0.15 0.578 -1.19829e-10 2.16629e-11 2.9034e-09 1 -0.148061 0.0253585 0.578 -4.22899e-08 3.8151e-08 0.643304 0.765611 5.03049e-05 -0.380969 9.76629e-06 0.00376478 -8.32961e-06 1.76657 2.34769e-05 4.18375e-06 -3.27025e-10 -9.67767e-11 5.92101e-09 -8.56208e-05
54.801 -7.44392e-09 0.15 0.578 3.86876e-11 -8.70717e-11 -1.31137e-09 1 -0.137674 -0.0600919 0.578 -3.06185e-08 -4.73831e-08 0.835691 0.5492 0.403434 0.173527 -8.00878e-07 -0.00167228 0.00385796 0.110944 2.86208e-08 2.74603e-05 -5.84635e-11 -1.78318e-10 -3.18307e-09 -6.83381e-12
55.542 -5.74561e-09 0.15 0.578 8.75301e-11 -3.83718e-11 -9.93409e-10 1 -0.0609909 -0.137278 0.578 -1.15377e-08 -5.52544e-08 0.977857 0.209274 0.183656 0.398927 1.03993e-10 -0.00382631 0.00175066 0.0505055 2.86741e-08 2.74604e-05 3.09015e-12 -9.45613e-14 8.75096e-14 1.15071e-11
56.31 1.2984e-08 0.15 0.578 8.68203e-11 4.12744e-11 2.25217e-09 1 0.0514866 -0.141118 0.578 1.43691e-08 -5.43417e-08 0.98505 -0.17227 0.0862657 0.477507 7.7212e-06 -0.00378958 -0.00163615 -0.119428 6.56657e-06 2.68084e-05 -9.87743e-10 -5.26945e-09 -1.25985e-07 8.95474e-06
57.074 4.6857e-08 0.15 0.578 -4.65288e-11 1.07934e-10 8.27171e-09 1 0.128533 -0.0777441 0.578 5.10438e-08 -5.98063e-09 0.871954 -0.489588 -0.37331 -0.181236 2.58993e-05 0.00114989 -0.00322514 -1.71325 -2.16617e-05 1.38796e-05 -8.76322e-10 -4.0316e-10 3.40219e-08 7.79971e-05
57.869 -5.9934e-08 0.15 0.578 1.1476e-10 -9.15315e-11 -1.06312e-08 1 0.135007 -0.0658656 0.578 -5.17324e-08 -3.08373e-08 0.849019 -0.528363 0.321656 0.570774 0.000121184 -0.00368194 0.00177101 1.77503 3.16447e-05 -6.68019e-07 -7.04821e-09 -2.15807e-08 -1.07394e-07 -7.95118e-05
58.605 -8.03492e-08 0.149999 0.578 6.16359e-10 -3.08617e-10 7.25638e-07 1 0.143019 -0.0459543 0.578 -2.04278e-07 -1.42675e-07 0.809199 -0.587535 -0.0149437 0.378035 1.48525e-05 -0.00337719 -0.000177705 1.46754 2.08651e-05 8.1642e-06 -1.73384e-10 2.33726e-09 -1.18452e-08 -7.10215e-05
59.359 7.76153e-08 0.15 0.578 3.78755e-11 -3.91906e-11 9.40002e-07 1 0.143036 -0.045892 0.578 5.75042e-08 4.06832e-08 0.809121 -0.587642 -30.5893 -58.3613 -0.0252839 -0.0184516 -0.00026387 -8.51467 -0.00204113 0.000351887 1.44497e-06 4.6611e-06 3.01663e-05 -0.000454128
60.098 1.01021e-08 0.15 0.578 -3.42414e-11 2.04961e-11 1.80412e-09 1 0.141099 -0.0515369 0.578 1.49101e-08 9.43544e-09 0.8205 -0.571647 -0.311719 -0.593057 -0.000591767 0.00109644 -0.000555672 -0.582157 -2.40271e-05 2.72093e-06 2.41975e-08 3.51156e-08 2.59089e-07 1.98661e-05
60.843 8.46493e-08 0.15 0.578 -1.08475e-10 1.48348e-10 1.49567e-08 1 0.129507 -0.07611 0.578 7.2604e-08 1.5559e-08 0.868838 -0.495096 -0.00799976 0.114693 0.000209126 0.00293149 -0.0029514 -2.68966 -2.84616e-05 8.84167e-06 -3.69214e-09 4.36542e-09 -2.07373e-08 0.000108528
61.604 5.03662e-09 0.15 0.578 8.97401e-11 3.33525e-11 8.704e-10 1 0.0529062 -0.140592 0.578 1.01279e-08 -5.56044e-08 0.984169 -0.177232 -0.159307 0.410016 -6.17432e-11 -0.00392484 -0.00153556 -0.0438093 -2.64322e-08 2.75045e-05 3.12691e-12 1.60294e-14 -2.98195e-13 -1.04328e-11
62.359 -5.42614e-09 0.15 0.578 8.87811e-11 -3.58243e-11 -9.37953e-10 1 -0.0579212 -0.138601 0.578 -1.12842e-08 -5.53905e-08 0.980125 0.198381 0.165681 0.407482 9.17565e-11 -0.00390787 0.00157824 0.0455623 -2.63263e-08 2.75045e-05 3.10245e-12 -6.03697e-14 1.00223e-13 1.06936e-11
63.119 -7.67126e-09 0.15 0.578 4.00376e-11 -8.72778e-11 -1.34766e-09 1 -0.13751 -0.0604671 0.578 -3.18912e-08 -4.61957e-08 0.836439 0.54806 0.362048 0.318585 -1.10838e-06 -0.00191976 0.00367045 0.375328 -2.61633e-06 2.81699e-05 1.49814e-09 1.1673e-08 5.45209e-08 -1.48442e-05
