23.441 -6.71245e-36 0.15 0.578 -5.68352e-38 -7.84938e-39 -1.18596e-36 1 -0.143 0.046 0.578 -2.86851e-35 1.86455e-35 0.587528 0.809204 1.32959e-28 -1.70711e-28 5.8968e-31 2.4323e-30 3.07744e-31 3.87117e-29 2.07757e-32 -4.54963e-32 -9.97605e-35 -6.789e-34 -1.71798e-34 9.57534e-34
24.24 -9.74805e-36 0.15 0.578 -5.85067e-38 -9.73907e-39 -1.72317e-36 1 -0.143 0.046 0.578 -2.86845e-35 1.87055e-35 0.587528 0.809204 7.005e-28 -3.47481e-28 4.42097e-31 2.41181e-30 -1.90302e-31 1.89636e-28 2.84586e-32 -5.06789e-32 1.9893e-35 3.28078e-34 7.13259e-35 7.9602e-34
25.021 -1.07621e-35 0.15 0.578 -6.12398e-38 -1.17657e-38 -1.90309e-36 1 -0.143 0.046 0.578 -2.98057e-35 1.73305e-35 0.587528 0.809204 1.32959e-28 -1.70711e-28 5.8968e-31 2.4323e-30 3.07744e-31 3.87117e-29 2.07757e-32 -4.54963e-32 -9.97605e-35 -6.789e-34 -1.71798e-34 9.57534e-34
25.791 -9.74805e-36 0.15 0.578 -5.85067e-38 -9.73907e-39 -1.72317e-36 1 -0.143 0.046 0.578 -2.86845e-35 1.87055e-35 0.587528 0.809204 8.11079e-28 -3.03317e-28 -1.03178e-30 2.81275e-30 1.70223e-31 2.23901e-28 2.61952e-32 -4.82275e-32 7.98676e-35 3.50823e-34 1.00472e-34 2.75887e-34
26.559 -9.74805e-36 0.15 0.578 -5.85067e-38 -9.73907e-39 -1.72317e-36 1 -0.143 0.046 0.578 -2.86845e-35 1.87055e-35 0.587528 0.809204 7.005e-28 -3.47481e-28 4.42097e-31 2.41181e-30 -1.90302e-31 1.89636e-28 2.84586e-32 -5.06789e-32 1.9893e-35 3.28078e-34 7.13259e-35 7.9602e-34
27.352 -1.07621e-35 0.15 0.578 -6.12398e-38 -1.17657e-38 -1.90309e-36 1 -0.143 0.046 0.578 -2.98057e-35 1.73305e-35 0.587528 0.809204 1.32959e-28 -1.70711e-28 5.8968e-31 2.4323e-30 3.07744e-31 3.87117e-29 2.07757e-32 -4.54963e-32 -9.97605e-35 -6.789e-34 -1.71798e-34 9.57534e-34
28.095 -9.74805e-36 0.15 0.578 -5.85067e-38 -9.73907e-39 -1.72317e-36 1 -0.143 0.046 0.578 -2.86845e-35 1.87055e-35 0.587528 0.809204 1.32959e-28 -1.70711e-28 5.8968e-31 2.4323e-30 3.07744e-31 3.87117e-29 2.61952e-32 -4.82275e-32 7.98676e-35 3.50823e-34 1.00472e-34 2.75887e-34
28.843 -1.07621e-35 0.15 0.578 -6.12398e-38 -1.17657e-38 -1.90309e-36 1 -0.143 0.046 0.578 -2.98057e-35 1.73305e-35 0.587528 0.809204 8.11079e-28 -3.03317e-28 -1.03178e-30 2.81275e-30 1.70223e-31 2.23901e-28 2.61952e-32 -4.82275e-32 7.98676e-35 3.50823e-34 1.00472e-34 2.75887e-34
29.608 -1.07621e-35 0.15 0.578 -6.12398e-38 -1.17657e-38 -1.90309e-36 1 -0.143 0.046 0.578 -2.98057e-35 1.73305e-35 0.587528 0.809204 7.005e-28 -3.47481e-28 4.42097e-31 2.41181e-30 -1.90302e-31 1.89636e-28 2.84586e-32 -5.06789e-32 1.9893e-35 3.28078e-34 7.13259e-35 7.9602e-34
30.406 -1.07621e-35 0.15 0.578 -6.12398e-38 -1.17657e-38 -1.90309e-36 1 -0.143 0.046 0.578 -2.98057e-35 1.73305e-35 0.587528 0.809204 1.32959e-28 -1.70711e-28 5.8968e-31 2.4323e-30 3.07744e-31 3.87117e-29 2.07757e-32 -4.54963e-32 -9.97605e-35 -6.789e-34 -1.71798e-34 9.57534e-34
31.175 -6.71245e-36 0.15 0.578 -5.68352e-38 -7.84938e-39 -1.18596e-36 1 -0.143 0.046 0.578 -2.86851e-35 1.86455e-35 0.587528 0.809204 8.11079e-28 -3.03317e-28 -1.03178e-30 2.81275e-30 1.70223e-31 2.23901e-28 2.61952e-32 -4.82275e-32 7.98676e-35 3.50823e-34 1.00472e-34 2.75887e-34
31.917 -9.74805e-36 0.15 0.578 -5.85067e-38 -9.73907e-39 -1.72317e-36 1 -0.143 0.046 0.578 -2.86845e-35 1.87055e-35 0.587528 0.809204 8.11079e-28 -3.03317e-28 -1.03178e-30 2.81275e-30 1.70223e-31 2.23901e-28 2.61952e-32 -4.82275e-32 7.98676e-35 3.50823e-34 1.00472e-34 2.75887e-34
32.67 -9.74805e-36 0.15 0.578 -5.85067e-38 -9.73907e-39 -1.72317e-36 1 -0.143 0.046 0.578 -2.86845e-35 1.87055e-35 0.587528 0.809204 8.11079e-28 -3.03317e-28 -1.03178e-30 2.81275e-30 1.70223e-31 2.23901e-28 2.61952e-32 -4.82275e-32 7.98676e-35 3.50823e-34 1.00472e-34 2.75887e-34
33.431 -6.71245e-36 0.15 0.578 -5.68352e-38 -7.84938e-39 -1.18596e-36 1 -0.143 0.046 0.578 -2.86851e-35 1.86455e-35 0.587528 0.809204 1.32959e-28 -1.70711e-28 5.8968e-31 2.4323e-30 3.07744e-31 3.87117e-29 2.07757e-32 -4.54963e-32 -9.97605e-35 -6.789e-34 -1.71798e-34 9.57534e-34
34.178 1.12156e-09 0.15 0.578 -3.75096e-12 2.16053e-12 2.00652e-10 1 -0.143033 0.0458965 0.578 -1.11216e-09 1.65047e-09 0.587821 0.808991 -0.0062067 -0.025734 3.14458e-06 0.000139685 -4.94512e-05 0.0375081 1.08597e-06 6.76213e-08 3.00515e-11 1.01661e-09 -5.03188e-09 -1.77647e-06
34.943 6.58619e-09 0.15 0.578 -2.42348e-11 1.22383e-11 1.17986e-09 1 -0.144167 0.0422014 0.578 -7.4204e-09 1.00181e-08 0.59818 0.801361 -0.0202117 -0.0808275 1.17695e-05 0.000776924 -0.000196926 0.381604 2.90323e-06 -8.79695e-09 1.08806e-10 -2.91405e-09 2.54476e-08 -1.38791e-05
35.685 6.24347e-09 0.15 0.578 -4.81887e-11 6.25209e-12 1.12655e-09 1 -0.148411 0.0232223 0.578 -1.74575e-08 1.40949e-08 0.648801 0.760958 0.0111198 -0.153564 3.52846e-06 0.00145346 0.000111266 0.704213 9.34893e-06 2.20507e-06 -1.00221e-10 9.56585e-11 -8.24144e-10 -3.39762e-05
36.494 -9.6412e-09 0.15 0.578 -3.73108e-11 -4.42477e-11 -1.72969e-09 1 -0.147517 -0.0283501 0.578 -2.66882e-08 -1.76903e-09 0.769813 0.638269 0.158093 -0.101753 -3.4914e-06 0.0010407 0.0015154 0.668103 8.25908e-06 8.59855e-06 -2.07084e-12 -1.53191e-11 -3.10321e-10 -3.00768e-05
37.274 -1.49361e-08 0.15 0.578 2.30874e-11 -4.97065e-11 -2.61692e-09 1 -0.114931 -0.096726 0.578 -1.74753e-08 -2.43665e-08 0.905863 0.423571 0.472327 -0.0239693 -0.000269439 -0.00111731 0.00200713 0.322611 1.12866e-05 1.80125e-05 1.61809e-08 5.31022e-08 -1.31014e-07 -7.21418e-06
38.091 6.75971e-09 0.15 0.578 4.84753e-11 -1.94671e-12 1.17661e-09 1 -0.0412757 -0.144435 0.578 1.09937e-09 -2.86982e-08 0.990081 0.140497 0.137418 0.159409 -3.47585e-05 -0.00208351 0.000333012 -0.139909 5.46753e-06 1.45456e-05 3.53445e-09 9.86959e-09 -1.14308e-07 1.05526e-05
38.881 1.60021e-08 0.15 0.578 3.17844e-11 2.72678e-11 2.77846e-09 1 0.0367362 -0.145655 0.578 1.10772e-08 -2.03387e-08 0.992598 -0.121443 -0.507564 0.0549175 -3.98874e-05 -0.0013858 -0.00128108 -0.0541215 -1.4393e-05 1.0621e-05 1.49321e-09 1.25668e-09 1.79743e-07 -7.85088e-06
39.583 2.07468e-08 0.15 0.578 1.32426e-11 3.41334e-11 3.61797e-09 1 0.0907064 -0.119739 0.578 1.20943e-08 -1.28447e-08 0.948488 -0.316812 0.230883 0.425522 0.000288754 -0.000677599 -0.00103929 -0.207895 1.18805e-05 1.03128e-05 -3.90477e-09 4.05968e-08 -2.30359e-07 1.68486e-05
40.34 1.1377e-08 0.15 0.578 -1.28343e-11 3.3578e-11 2.00395e-09 1 0.126698 -0.0807006 0.578 1.79065e-08 -1.05133e-09 0.877565 -0.479458 -0.414767 -0.709508 -0.000207615 0.00111276 -0.00186495 0.31905 -3.07213e-07 6.36738e-06 -1.24047e-09 2.6993e-08 -8.5786e-08 3.15152e-05
41.075 1.27144e-08 0.15 0.578 -3.44884e-11 2.68665e-11 2.26856e-09 1 0.142109 -0.0486827 0.578 1.69744e-08 7.49359e-09 0.814698 -0.579886 -0.0617118 -0.104342 6.49401e-08 0.000994311 -0.000586789 -0.575232 -7.42795e-06 1.50202e-06 -3.14979e-12 -9.15198e-12 3.54075e-10 2.70553e-05
41.831 -1.43597e-08 0.15 0.578 3.17066e-11 -2.26694e-11 -2.5534e-09 1 0.138201 -0.058869 0.578 -1.35935e-08 -8.59354e-09 0.835217 -0.549921 0.0388619 0.100823 7.16848e-07 -0.000974506 0.000373661 0.518271 6.7521e-06 2.4469e-07 -1.95182e-11 2.48534e-11 4.11587e-10 -2.45998e-05
