8.816 -7.54367e-13 0.15 0.578 3.0009e-15 -9.71011e-16 -1.31103e-13 1 -0.143 0.0459989 0.578 8.1042e-13 -1.11148e-12 0.587531 0.809202 2.87086e-06 8.81672e-06 -7.3281e-13 -8.45525e-08 2.73093e-08 -4.27912e-05 -5.79767e-10 4.01523e-13 6.30763e-17 -8.88371e-18 -7.05874e-16 2.1121e-09
9.545 4.98366e-14 0.15 0.578 -1.98286e-16 6.41553e-17 8.66119e-15 1 -0.143 0.0459999 0.578 -5.35614e-14 7.34593e-14 0.587528 0.809204 -1.60342e-07 -4.92416e-07 -1.65695e-12 4.72505e-09 -1.52645e-09 2.38966e-06 3.23789e-11 -2.04167e-14 1.10094e-16 1.20816e-17 1.67036e-16 -1.17953e-10
10.246 -3.78773e-13 0.15 0.578 1.50678e-15 -4.8756e-16 -6.58277e-14 1 -0.143 0.0459995 0.578 4.06922e-13 -5.58088e-13 0.587529 0.809203 1.43366e-06 4.40285e-06 3.40277e-13 -4.22247e-08 1.36381e-08 -2.13687e-05 -2.87953e-10 1.9975e-13 -1.65488e-17 2.24813e-18 -3.9257e-16 1.04901e-09
11.004 -2.36711e-13 0.15 0.578 9.41629e-16 -3.04688e-16 -4.11384e-14 1 -0.143 0.0459996 0.578 2.54293e-13 -3.48754e-13 0.587529 0.809203 9.15215e-07 2.81067e-06 -5.2724e-13 -2.69537e-08 8.70578e-09 -1.36414e-05 -1.81024e-10 1.25391e-13 -3.09094e-16 -1.6778e-17 -1.85756e-16 6.59472e-10
11.78 -1.14312e-13 0.15 0.578 4.44663e-16 -1.43884e-16 -1.98665e-14 1 -0.143 0.0459999 0.578 1.18835e-13 -1.62979e-13 0.587528 0.809204 4.25191e-07 1.30578e-06 1.19661e-14 -1.20095e-08 3.8785e-09 -6.3374e-06 -8.58652e-11 5.99295e-14 -3.9709e-18 -4.51284e-17 2.68398e-14 3.12798e-10
12.556 -1.91821e-13 0.15 0.578 7.6306e-16 -2.46911e-16 -3.3337e-14 1 -0.143 0.0459998 0.578 2.06071e-13 -2.82625e-13 0.587528 0.809204 7.25301e-07 2.22744e-06 -1.6866e-13 -2.13613e-08 6.89949e-09 -1.08107e-05 -1.47301e-10 1.01633e-13 7.12377e-18 -8.96249e-19 -1.90247e-16 5.36621e-10
13.291 1.40503e-10 0.15 0.578 -5.47563e-13 1.77124e-13 2.44183e-11 1 -0.143004 0.0459875 0.578 -1.46454e-10 2.00834e-10 0.587563 0.809178 -0.000531012 -0.00163314 3.21871e-09 1.51922e-05 -4.90531e-06 0.00757281 1.0503e-07 -6.58182e-11 -1.04619e-13 -2.94701e-14 -2.37879e-11 -3.73564e-07
13.966 8.5359e-10 0.15 0.578 -3.31141e-12 1.06177e-12 1.48345e-10 1 -0.143119 0.0456308 0.578 -8.81536e-10 1.2052e-09 0.588572 0.808445 -0.00291821 -0.00902575 -9.26678e-10 9.21145e-05 -2.94773e-05 0.0468479 6.13524e-07 5.72741e-10 -1.75007e-14 4.82765e-14 2.86092e-10 -2.31389e-06
14.616 1.71146e-09 0.15 0.578 -7.26045e-12 2.22324e-12 2.97411e-10 1 -0.143696 0.043821 0.578 -1.98941e-09 2.6792e-09 0.593671 0.804708 -0.00643937 -0.020882 -2.83752e-09 0.000206615 -6.30675e-05 0.101155 1.36783e-06 1.30992e-08 -2.35768e-14 -2.7635e-13 3.32714e-10 -4.98853e-06
15 2.07242e-09 0.15 0.578 -8.86862e-12 2.5467e-12 3.60101e-10 1 -0.144439 0.041433 0.578 -2.39716e-09 3.16315e-09 0.600348 0.799739 0.0078924 0.028665 -7.19576e-07 0.000207372 -5.90408e-05 0.167638 1.7254e-07 3.75059e-08 2.04723e-11 1.45981e-11 2.4456e-08 -8.47325e-06
15.332 2.2018e-09 0.15 0.578 -9.85849e-12 2.58869e-12 3.82536e-10 1 -0.145383 0.0383134 0.578 -2.65095e-09 3.40672e-09 0.608982 0.793184 0.00916196 0.0358021 -8.92309e-07 0.000244955 -6.38358e-05 0.188609 8.42565e-08 7.31133e-08 2.53703e-11 1.85017e-11 2.96819e-08 -9.55458e-06
15.984 1.54514e-09 0.15 0.578 -9.82617e-12 1.87202e-12 2.6836e-10 1 -0.148027 0.0289916 0.578 -2.83085e-09 3.36377e-09 0.634157 0.773204 -0.0056227 -0.0290994 -7.35153e-09 0.000286396 -5.3146e-05 0.133494 1.82613e-06 1.90472e-07 -6.54402e-16 -7.66955e-13 3.83909e-10 -6.53732e-06
16.72 4.54453e-10 0.15 0.578 -8.20309e-12 6.10974e-13 7.88964e-11 1 -0.151913 0.0134391 0.578 -2.78837e-09 2.91958e-09 0.673934 0.738791 0.00287698 0.0283581 -5.50508e-07 0.00023628 -1.52967e-05 0.10767 -1.73988e-07 3.52459e-07 1.29924e-11 8.34879e-12 2.50119e-08 -5.54461e-06
17.381 -1.05085e-10 0.15 0.578 -8.06479e-12 -4.15362e-13 -1.82407e-11 1 -0.155691 -0.00474891 0.578 -3.06817e-09 2.80881e-09 0.716605 0.697479 0.0030265 -0.09793 5.89104e-07 0.000276314 1.67827e-05 0.0957365 3.69953e-06 5.02734e-07 -1.20318e-11 -1.02214e-11 -3.22793e-08 -4.02099e-06
18.176 -1.54099e-09 0.15 0.578 -1.11034e-11 -2.49625e-12 -2.67525e-10 1 -0.159786 -0.0323569 0.578 -4.21669e-09 3.23024e-09 0.773061 0.634331 0.0228361 -0.114997 1.35854e-06 0.000520003 0.000116134 -0.0262011 3.45324e-06 7.09512e-07 -4.50574e-11 -4.45344e-11 -2.82311e-08 2.53447e-06
18.936 -1.93868e-09 0.15 0.578 -1.42118e-11 -6.18616e-12 -3.36718e-10 1 -0.161792 -0.0664775 0.578 -7.24568e-09 4.58422e-09 0.829824 0.558026 -0.0104566 0.0297055 -3.09553e-07 0.000570408 0.000248448 -0.0535452 2.58336e-06 9.5883e-07 3.51107e-13 5.49435e-13 2.3332e-09 -4.88313e-06
19.708 -3.18363e-09 0.15 0.578 -1.47246e-11 -1.0816e-11 -5.53141e-10 1 -0.159074 -0.111393 0.578 -9.18035e-09 4.45696e-09 0.88638 0.462958 -0.0427035 0.0673163 -2.23872e-06 0.000421577 0.000318307 0.243484 -1.49198e-06 1.21136e-06 7.52782e-12 2.46812e-11 6.50059e-08 -4.88296e-06
20.44 -5.34088e-09 0.15 0.578 -1.398e-11 -1.63168e-11 -9.27052e-10 1 -0.148059 -0.165166 0.578 -1.12619e-08 3.95971e-09 0.933542 0.358469 -0.112935 0.107148 -1.96367e-06 0.000418494 0.000498362 0.202013 3.47885e-06 1.37145e-06 7.34192e-12 1.12295e-11 2.25285e-09 -1.71077e-06
21.227 -2.93283e-09 0.15 0.578 6.59772e-13 -7.71506e-13 -5.08148e-10 1 -0.113187 -0.220523 0.578 3.16344e-10 -6.15566e-10 0.971768 0.235938 -0.164322 0.0883151 -1.60978e-05 -0.000128333 -0.000247826 0.170025 -4.24389e-06 1.45549e-06 6.41406e-10 9.93127e-10 7.23843e-08 -1.30271e-05
21.991 -6.12339e-08 0.15 0.578 2.12083e-11 -1.36208e-11 -1.05955e-08 1 -0.0542646 -0.244266 0.578 -5.53071e-09 -8.45911e-08 0.993915 0.110148 0.0219829 -0.0034334 -1.65121e-08 2.56187e-05 0.000231362 0.000807293 6.74754e-07 1.49123e-06 5.45289e-13 4.24225e-12 1.28941e-09 5.30075e-07
22.731 3.0155e-09 0.15 0.578 1.69392e-11 3.93128e-12 5.21703e-10 1 0.00675977 -0.250125 0.578 1.80417e-09 -9.99626e-09 0.999923 -0.012437 0.300949 0.0843733 5.10246e-06 -0.000742658 -0.00022284 0.0436323 9.0044e-06 3.96243e-06 -2.01933e-10 -5.4513e-10 -1.50822e-07 5.65576e-06
23.462 4.57292e-09 0.15 0.578 1.32769e-11 1.01312e-11 7.91625e-10 1 0.0642 -0.24184 0.578 4.46118e-09 -8.40949e-09 0.991734 -0.128313 -0.0396005 0.0623065 -3.56274e-06 -0.000587984 -0.000361961 -0.078548 -1.14995e-06 3.55992e-06 1.4253e-10 1.97084e-10 6.7887e-10 3.11057e-06
24.171 4.81226e-09 0.15 0.578 7.18653e-12 1.34807e-11 8.34554e-10 1 0.113138 -0.223177 0.578 6.10963e-09 -6.26271e-09 0.972857 -0.231405 -0.0360906 0.0577445 4.34219e-05 -0.000405233 -0.000489087 -0.092617 -7.6049e-07 3.27968e-06 -8.34259e-10 4.10145e-09 -9.8616e-09 4.06059e-06
24.935 5.30447e-09 0.15 0.578 1.51308e-12 1.3769e-11 9.22145e-10 1 0.156086 -0.195564 0.578 6.32948e-09 -4.13984e-09 0.94417 -0.329458 -0.231503 -0.0515728 3.73231e-05 -7.26315e-05 -0.000654569 -0.0186031 -6.21328e-06 4.28228e-06 2.49284e-09 2.71496e-08 7.57128e-08 -4.86161e-06
25.672 4.19897e-09 0.15 0.578 -3.40904e-12 1.35135e-11 7.33045e-10 1 0.187353 -0.165852 0.578 7.0844e-09 -1.64042e-09 0.912261 -0.40961 -0.0511817 -0.00521745 4.21999e-06 4.81812e-05 -0.000494613 -0.126006 -1.92376e-06 1.75941e-06 -1.81569e-10 -3.28555e-10 -2.84878e-10 5.13814e-06
26.415 3.42932e-09 0.15 0.578 -7.91034e-12 1.1673e-11 5.98183e-10 1 0.209434 -0.136915 0.578 7.49868e-09 1.0371e-09 0.880051 -0.474879 -0.031664 0.049699 -7.88987e-05 0.00015151 -0.000331989 -0.234991 -8.16091e-07 2.16138e-06 4.40325e-09 1.35178e-08 -2.5194e-08 1.16098e-05
27.151 4.88805e-09 0.15 0.578 -1.05007e-11 9.07074e-12 8.53443e-10 1 0.223505 -0.112488 0.578 6.02076e-09 1.75678e-09 0.851904 -0.523699 -0.0237797 -0.046276 3.51581e-05 0.00029938 -0.000300208 -0.137774 -2.48521e-06 2.3263e-07 -1.91536e-09 -5.73483e-09 4.03568e-09 5.93296e-06
27.904 4.08591e-09 0.15 0.578 -1.20911e-11 6.52014e-12 7.11591e-10 1 0.23195 -0.0938464 0.578 5.61254e-09 2.99567e-09 0.829774 -0.5581 -0.00139178 -0.00369742 -1.30481e-05 0.000294684 -0.000171197 -0.174796 -1.31334e-06 9.28165e-08 -2.09801e-13 -2.96724e-09 -1.43355e-08 8.6772e-06
28.656 2.1889e-09 0.15 0.578 -9.36798e-12 3.68249e-12 3.80334e-10 1 0.236368 -0.0820855 0.578 4.13095e-09 2.66191e-09 0.815501 -0.578756 -0.0118222 -0.0336953 3.65688e-06 0.000301026 -0.000111333 -0.10582 -1.79163e-06 3.16549e-08 -1.48888e-10 -2.17022e-10 8.27018e-10 4.69733e-06
29.408 4.36402e-10 0.15 0.578 -8.26618e-13 2.50701e-13 7.55595e-11 1 0.237696 -0.0779779 0.578 2.04026e-10 1.61981e-10 0.810478 -0.585769 -0.00220009 -0.00664499 -8.77426e-07 1.1881e-05 -2.2119e-06 -0.0213995 -3.55781e-07 4.84575e-09 3.72318e-11 6.62205e-11 2.72932e-09 9.55245e-07
30.168 -1.71716e-09 0.15 0.578 7.20048e-12 -2.46574e-12 -2.97313e-10 1 0.23664 -0.0804684 0.578 -3.0478e-09 -2.18359e-09 0.813626 -0.581389 0.00862432 0.0251983 -1.58559e-09 -0.000236704 8.06579e-05 0.0799261 1.33249e-06 -4.54696e-10 -3.77401e-14 1.1401e-14 7.7921e-11 -3.57135e-06
30.907 -7.2639e-10 0.15 0.578 3.08114e-12 -1.03302e-12 -1.25767e-10 1 0.236942 -0.0789752 0.578 -1.29515e-09 -9.35149e-10 0.811864 -0.583847 0.00366192 0.0109144 -5.22069e-12 -0.000103548 3.4542e-05 0.0350641 5.84207e-07 3.70397e-09 1.0688e-15 -1.46153e-14 5.94033e-13 -1.56413e-06
31.669 -6.21706e-10 0.15 0.578 2.67397e-12 -8.868e-13 -1.07641e-10 1 0.237056 -0.078109 0.578 -1.12262e-09 -8.12733e-10 0.810859 -0.585241 0.00307934 0.0092839 1.06225e-10 -8.81149e-05 2.90747e-05 0.0297075 4.87146e-07 1.15664e-09 -1.30767e-15 -6.41072e-15 -7.88823e-13 -1.30186e-06
32.376 -8.44155e-10 0.15 0.578 3.59022e-12 -1.20331e-12 -1.46158e-10 1 0.236697 -0.0787596 0.578 -1.50966e-09 -1.08915e-09 0.811716 -0.584053 0.00419003 0.0125015 1.34593e-12 -0.0001186 3.95606e-05 0.0401247 6.64972e-07 -2.71236e-10 1.66757e-15 5.2423e-15 9.23566e-13 -1.77948e-06
33.118 -7.04406e-11 0.15 0.578 3.03582e-13 -9.93689e-14 -1.2196e-11 1 0.236989 -0.0774305 0.578 -1.26742e-10 -9.23728e-11 0.810128 -0.586253 0.000387911 0.0011828 2.44744e-11 -1.12224e-05 3.65071e-06 0.00381726 6.3353e-08 1.34727e-09 -1.16378e-15 -6.08353e-15 -5.19696e-14 -1.70557e-07
33.882 -4.08515e-10 0.15 0.578 1.76127e-12 -5.82438e-13 -7.07304e-11 1 0.236749 -0.0777331 0.578 -7.38678e-10 -5.35164e-10 0.810554 -0.585664 0.00200624 0.00606749 -3.02266e-11 -5.75626e-05 1.89406e-05 0.0194463 3.24248e-07 -2.35689e-11 1.43454e-15 6.59699e-16 5.11413e-13 -8.67904e-07
34.642 -3.0211e-10 0.15 0.578 1.30234e-12 -4.30364e-13 -5.23076e-11 1 0.236642 -0.077638 0.578 -5.45931e-10 -3.95651e-10 0.810487 -0.585756 0.00150266 0.00454707 3.68003e-11 -4.31382e-05 1.41857e-05 0.0145952 2.43133e-07 2.69755e-11 -1.30176e-15 -2.49583e-16 3.01943e-13 -6.51558e-07
35.373 -7.9886e-11 0.15 0.578 -8.50895e-14 2.84019e-14 -1.38329e-11 1 0.236713 -0.0770205 0.578 8.95497e-11 6.41998e-11 0.809771 -0.586746 0.000387119 0.00118169 -7.37233e-08 8.76892e-05 -2.86791e-05 0.00378289 6.31428e-08 1.13202e-10 3.52107e-12 2.72803e-12 -5.19767e-09 -1.6889e-07
36.114 -2.32458e-10 0.15 0.578 1.00556e-12 -3.31282e-13 -4.02483e-11 1 0.236477 -0.0773405 0.578 -4.21262e-10 -3.05556e-10 0.810216 -0.586132 0.00114716 0.00348217 2.20012e-11 -3.30361e-05 1.08307e-05 0.0111735 1.86146e-07 -9.25641e-11 -8.27969e-16 2.16005e-16 2.73272e-13 -4.98898e-07
36.839 -9.22452e-11 0.15 0.578 3.9977e-13 -1.31293e-13 -1.59715e-11 1 0.236429 -0.077097 0.578 -1.67305e-10 -1.21488e-10 0.809961 -0.586484 0.000459142 0.00139796 1.26312e-11 -1.32626e-05 4.33413e-06 0.00449295 7.73186e-08 3.56882e-11 2.0226e-15 -3.52888e-16 7.77353e-14 -2.07521e-07
37.633 -9.17159e-11 0.15 0.578 3.98513e-13 -1.30735e-13 -1.58799e-11 1 0.236331 -0.0769702 0.578 -1.66803e-10 -1.21151e-10 0.809855 -0.58663 0.000448595 0.00136748 -2.65252e-11 -1.29737e-05 4.2351e-06 0.00438618 7.30769e-08 -1.37243e-11 2.4093e-16 -1.9726e-16 1.10357e-13 -1.95885e-07
38.375 -1.08059e-10 0.15 0.578 4.68644e-13 -1.53916e-13 -1.87098e-11 1 0.23619 -0.0770046 0.578 -1.96134e-10 -1.42403e-10 0.809945 -0.586505 0.000537983 0.00163806 3.99334e-11 -1.55409e-05 5.07923e-06 0.00526264 8.75978e-08 -4.17269e-11 4.77457e-17 -8.94239e-17 1.19074e-13 -2.35072e-07
39.118 4.67913e-12 0.15 0.578 -2.05617e-14 6.74501e-15 8.10161e-13 1 0.236136 -0.076769 0.578 8.63209e-12 6.2647e-12 0.809701 -0.586843 -1.92077e-05 -5.85591e-05 2.27475e-12 5.55697e-07 -1.81637e-07 -0.000184255 -3.10647e-09 2.83085e-11 -1.12085e-15 -9.63255e-17 -2.42669e-14 8.21045e-09
39.897 -6.14847e-11 0.15 0.578 2.67114e-13 -8.75905e-14 -1.06458e-11 1 0.235985 -0.0768169 0.578 -1.11744e-10 -8.11702e-11 0.80981 -0.586692 0.000302857 0.000923611 -1.57203e-11 -8.76285e-06 2.8594e-06 0.00296759 4.91863e-08 -2.35156e-11 -9.27237e-16 -3.67671e-17 7.54849e-14 -1.32028e-07
40.671 -3.45723e-11 0.15 0.578 1.50129e-13 -4.92066e-14 -5.98604e-12 1 0.235872 -0.0767456 0.578 -6.27763e-11 -4.56084e-11 0.809771 -0.586745 0.000170984 0.000521677 -2.32228e-11 -4.94942e-06 1.61427e-06 0.00167891 2.85592e-08 -1.02105e-11 -4.99019e-16 -9.40652e-17 3.29505e-14 -7.67561e-08
41.432 -1.76386e-11 0.15 0.578 7.68669e-14 -2.51729e-14 -3.05405e-12 1 0.23577 -0.0766512 0.578 -3.21599e-11 -2.33707e-11 0.809703 -0.58684 8.50052e-05 0.000259567 -9.09173e-11 -2.36704e-06 7.71307e-07 0.000833725 1.38784e-08 -4.90733e-12 2.18904e-15 2.22432e-15 -5.004e-12 -3.7251e-08
42.229 -2.93522e-11 0.15 0.578 1.27538e-13 -4.17903e-14 -5.08226e-12 1 0.235634 -0.0766434 0.578 -5.33219e-11 -3.87421e-11 0.809745 -0.586783 0.000144686 0.000441572 2.83222e-11 -4.18955e-06 1.36605e-06 0.00142113 2.37607e-08 -1.21015e-11 -3.55177e-16 -3.27987e-17 3.3186e-14 -6.3867e-08
42.968 -2.95836e-12 0.15 0.578 1.28083e-14 -4.19358e-15 -5.12235e-13 1 0.235531 -0.0765607 0.578 -5.34678e-12 -3.88617e-12 0.809689 -0.586859 1.62377e-05 4.9593e-05 -2.71537e-11 -4.70486e-07 1.53279e-07 0.000160623 2.6602e-09 3.56596e-13 -4.03775e-16 6.06091e-18 -1.20746e-15 -7.18446e-09
43.771 -1.52665e-11 0.15 0.578 6.6373e-14 -2.17384e-14 -2.64338e-12 1 0.2354 -0.0765323 0.578 -2.7743e-11 -2.01601e-11 0.809705 -0.586836 7.52531e-05 0.000229771 2.67707e-12 -2.18007e-06 7.10516e-07 0.000739677 1.22965e-08 -6.13768e-12 -1.96992e-15 -2.35888e-17 1.91501e-14 -3.30622e-08
44.504 -1.10564e-11 0.15 0.578 4.80348e-14 -1.57317e-14 -1.91441e-12 1 0.235286 -0.0764916 0.578 -2.00715e-11 -1.45857e-11 0.809702 -0.586841 5.51801e-05 0.000168488 -2.39816e-11 -1.5986e-06 5.20986e-07 0.000543171 9.02197e-09 -4.41668e-12 2.58698e-16 4.9087e-18 1.12214e-14 -2.4284e-08
45.292 -3.77793e-12 0.15 0.578 2.5151e-14 -8.2254e-15 -6.54123e-13 1 0.235168 -0.0764313 0.578 -1.15923e-11 -8.42081e-12 0.809678 -0.586875 1.8349e-05 5.60439e-05 3.88269e-10 -1.00051e-06 3.26104e-07 0.000180287 2.99826e-09 -1.3494e-12 -1.89487e-14 -2.3465e-14 2.46345e-11 -8.05867e-09
46.06 -8.45781e-12 0.15 0.578 3.67561e-14 -1.20365e-14 -1.46448e-12 1 0.235043 -0.0764033 0.578 -1.53563e-11 -1.11595e-11 0.809692 -0.586855 4.16138e-05 0.000127079 2.28155e-12 -1.20575e-06 3.92909e-07 0.00040977 6.80544e-09 -3.48874e-12 -1.23827e-16 -3.36022e-18 9.77222e-15 -1.83222e-08
46.816 -1.98618e-12 0.15 0.578 8.61754e-15 -2.82148e-15 -3.43911e-13 1 0.234927 -0.0763539 0.578 -3.59791e-12 -2.61482e-12 0.809679 -0.586873 1.01626e-05 3.10392e-05 -1.24099e-12 -2.94497e-07 9.59482e-08 0.000100391 1.6642e-09 -7.32743e-13 -3.09958e-16 -3.66931e-18 1.06326e-15 -4.49064e-09
47.562 1.18841e-12 0.15 0.578 -7.51823e-15 2.45813e-15 2.0577e-13 1 0.234809 -0.0763158 0.578 3.43231e-12 2.49407e-12 0.80968 -0.586872 -2.1811e-05 -6.83971e-05 4.6574e-10 2.87391e-08 -9.61963e-09 3.40406e-05 -2.66454e-09 2.89981e-13 -1.08275e-14 1.06879e-14 2.00333e-11 1.83332e-09
48.364 4.96117e-10 0.15 0.578 -2.10204e-12 6.89741e-13 8.59049e-11 1 0.234636 -0.0764153 0.578 8.72069e-10 6.33342e-10 0.809856 -0.586629 -0.00214602 -0.00652735 -4.80101e-09 6.92272e-05 -2.26004e-05 -0.0233253 -3.65062e-07 3.03203e-10 2.10696e-13 -1.75747e-14 -3.76765e-10 1.05495e-06
49.051 1.7193e-09 0.15 0.578 -7.20048e-12 2.41366e-12 2.97713e-10 1 0.234048 -0.0778428 0.578 3.00765e-09 2.16861e-09 0.811683 -0.584098 -0.00829596 -0.0247611 -1.51971e-09 0.000235941 -7.87041e-05 -0.0802492 -1.33025e-06 4.97385e-09 8.03076e-14 1.49687e-13 -5.44441e-11 3.58771e-06
49.843 3.45927e-09 0.15 0.578 -1.25114e-11 4.6198e-12 5.99076e-10 1 0.231632 -0.084619 0.578 5.24071e-09 3.65155e-09 0.820116 -0.572197 -0.0163397 -0.0447074 -1.50001e-08 0.000440033 -0.000161766 -0.103485 -2.36606e-06 4.54833e-08 3.88177e-13 6.45805e-13 -2.21429e-10 6.37949e-06
50.62 4.24461e-09 0.15 0.578 -1.3703e-11 6.16568e-12 7.35262e-10 1 0.225986 -0.100013 0.578 6.17217e-09 3.96953e-09 0.838655 -0.544663 -0.0205591 -0.045842 1.10129e-09 0.000452431 -0.00020346 -0.154995 -2.55569e-06 1.67109e-07 1.72147e-13 8.47892e-13 -9.77699e-10 6.86819e-06
51.386 4.56172e-09 0.15 0.578 -1.25423e-11 7.38132e-12 7.90447e-10 1 0.216284 -0.124305 0.578 6.33787e-09 3.57382e-09 0.866072 -0.49992 -0.0203373 -0.0345623 -4.6462e-07 0.000587581 -0.000343206 -0.12641 -2.05504e-06 3.37658e-07 2.17997e-11 4.18632e-11 -1.49808e-08 5.55847e-06
52.121 4.68566e-09 0.15 0.578 -4.70612e-12 1.13176e-11 8.18301e-10 1 0.198753 -0.152004 0.578 6.05821e-09 -8.47471e-10 0.896993 -0.442044 0.00505927 0.0082772 0.000231701 -6.61181e-05 -0.000551301 -0.0974731 -3.70511e-07 5.1112e-07 -1.00228e-08 -1.86345e-08 -2.0893e-08 5.06136e-06
52.881 3.80762e-09 0.15 0.578 -1.27835e-12 1.35049e-11 6.63172e-10 1 0.171639 -0.182066 0.578 7.08639e-09 -2.40499e-09 0.929813 -0.368032 0.116565 0.108746 4.91228e-05 -0.000111855 -0.000371575 -0.199913 3.28209e-06 6.57452e-07 -4.08262e-09 -1.76826e-08 -8.34894e-08 1.3563e-05
53.634 1.03591e-08 0.15 0.578 5.59234e-12 1.37846e-11 1.79929e-09 1 0.134831 -0.210781 0.578 4.62943e-09 -6.24875e-09 0.960091 -0.279688 -0.058955 0.024654 -2.43679e-05 -0.000196471 -0.000567323 -0.122423 2.51155e-06 2.81572e-06 -2.93807e-09 2.81478e-09 -4.81092e-08 -1.77503e-06
54.403 8.12734e-09 0.15 0.578 1.07664e-11 1.2918e-11 1.40793e-09 1 0.0859196 -0.235002 0.578 5.12788e-09 -7.73782e-09 0.984868 -0.173306 0.410979 0.278484 -3.06734e-05 -0.000611025 -8.50127e-05 -0.307282 2.84503e-06 4.14184e-06 4.30348e-10 1.05483e-08 -7.22112e-08 1.45776e-05
55.168 8.87667e-10 0.15 0.578 1.61608e-11 6.1997e-12 1.53536e-10 1 0.0275566 -0.248694 0.578 3.21905e-09 -9.70405e-09 0.998537 -0.0540791 -0.0197849 0.0759891 -2.92883e-06 -0.00071047 -0.000242879 -0.0512961 -6.49941e-07 3.93694e-06 1.06842e-10 9.28596e-11 -2.70436e-09 2.16095e-06
55.957 6.61343e-10 0.15 0.578 1.73477e-11 -2.38126e-12 1.14486e-10 1 -0.0373383 -0.247415 0.578 -8.75243e-10 -1.03551e-08 0.997116 0.0758909 0.0188122 0.0794589 1.389e-06 -0.000771879 8.59511e-05 0.000261408 1.72605e-07 4.13122e-06 -7.06375e-11 -1.89345e-10 -4.57102e-09 3.28827e-07
56.699 -6.99731e-09 0.15 0.578 1.59194e-11 -8.12411e-12 -1.21265e-09 1 -0.0965438 -0.230841 0.578 -1.63246e-09 -1.01518e-08 0.980239 0.197818 0.363946 -0.0777628 -0.000117578 -0.000636521 0.000453432 -0.0693697 1.00121e-05 3.69073e-06 2.96368e-09 -6.81119e-09 -1.61476e-07 1.29546e-05
57.49 -2.24745e-09 0.15 0.578 1.09386e-11 -1.18847e-11 -3.9078e-10 1 -0.1523 -0.198527 0.578 -4.2915e-09 -9.03564e-09 0.946603 0.322401 0.0538381 0.0574956 3.81517e-06 -0.000548802 0.000479807 0.0435217 4.31049e-07 3.94108e-06 8.70002e-13 8.81727e-10 -1.24366e-09 -1.34239e-06
58.28 -1.16129e-09 0.15 0.578 4.97949e-12 -1.36056e-11 -2.02324e-10 1 -0.196559 -0.154831 0.578 -5.82416e-09 -6.6573e-09 0.899194 0.437549 -0.0646938 0.11854 0.000169302 -0.000297197 0.000601437 0.0334012 -3.72635e-06 2.03863e-06 -8.38601e-09 -2.02255e-08 7.02286e-08 -4.20791e-06
59.026 -3.19061e-09 0.15 0.578 -1.83763e-12 -1.52923e-11 -5.5808e-10 1 -0.22573 -0.107955 0.578 -7.47521e-09 -4.29792e-09 0.845432 0.534083 0.0109031 -0.0265087 0.000163552 0.000183727 0.000746933 -0.0709106 3.42236e-07 1.06885e-06 -9.30247e-09 -2.83631e-08 1.29966e-08 4.01295e-06
59.788 -1.54371e-09 0.15 0.578 -5.03271e-12 -1.06313e-11 -2.70035e-10 1 -0.242875 -0.0601667 0.578 -6.07124e-09 -2.13873e-09 0.786886 0.617099 0.0720757 -0.125953 -8.43461e-05 0.000259039 0.000501212 0.277402 6.03653e-06 2.11239e-06 2.26075e-09 -3.52174e-09 -4.81895e-08 -1.11937e-05
60.56 -9.14476e-10 0.15 0.578 -1.20454e-11 -7.91423e-12 -1.63485e-10 1 -0.249652 -0.0167969 0.578 -6.92248e-09 9.59776e-10 0.729723 0.683743 0.0353298 -0.0468408 -1.35102e-07 0.00036077 0.000321524 0.132432 -1.92826e-06 1.68031e-06 1.47984e-10 9.98435e-10 6.85663e-08 -1.34606e-05
61.315 3.7858e-10 0.15 0.578 -1.17167e-11 -2.82346e-12 6.77543e-11 1 -0.249563 0.0180676 0.578 -5.9187e-09 2.78121e-09 0.680314 0.732921 0.0142141 -0.115433 3.45789e-06 0.000395334 0.000159236 0.223809 4.99133e-06 1.09249e-06 8.49577e-11 1.38267e-09 -3.45011e-08 -9.6221e-06
62.057 1.50567e-09 0.15 0.578 -1.13011e-11 9.00994e-13 2.69187e-10 1 -0.246253 0.0443559 0.578 -4.72463e-09 3.63078e-09 0.640555 0.767913 0.0165825 0.000594096 -2.01153e-05 0.000410273 4.86438e-05 0.124566 7.03316e-07 7.22908e-07 9.21221e-10 1.83637e-09 2.07436e-08 -6.02782e-06
62.774 2.18067e-09 0.15 0.578 -1.05804e-11 2.80019e-12 3.84956e-10 1 -0.242329 0.0623278 0.578 -3.83815e-09 4.02465e-09 0.611894 0.79094 0.010082 0.0405202 3.58523e-05 0.00032749 -3.33769e-05 0.169393 -1.44541e-07 9.05076e-08 -1.44516e-09 -2.04193e-09 3.5667e-08 -8.81669e-06
63.522 2.3313e-09 0.15 0.578 -9.98515e-12 2.98936e-12 4.04779e-10 1 -0.239113 0.0737082 0.578 -3.15143e-09 4.01645e-09 0.593032 0.805179 -0.000339097 -0.0159093 -4.12671e-05 0.000318131 -8.76259e-05 0.135024 1.38878e-06 1.68698e-07 1.54578e-09 1.51575e-09 8.41243e-09 -6.56103e-06
64.291 -3.92142e-10 0.15 0.578 1.81009e-12 -5.75746e-13 -6.78886e-11 1 -0.238578 0.0752628 0.578 5.56867e-10 -7.61585e-10 0.590384 0.807123 0.00365997 0.011598 -1.48507e-09 -5.50017e-05 1.75197e-05 -0.0168543 -4.94483e-07 5.98837e-09 -4.82939e-13 4.42584e-13 2.82533e-09 7.47371e-07
65.055 -1.72441e-09 0.15 0.578 7.9912e-12 -2.45789e-12 -2.98526e-10 1 -0.239129 0.0732683 0.578 2.453e-09 -3.31604e-09 0.593715 0.804675 0.00875315 0.028363 -3.2149e-09 -0.000263491 8.09382e-05 -0.0833504 -1.47696e-06 8.37823e-10 1.86541e-14 4.53087e-14 -5.1669e-11 3.95223e-06
65.757 -3.8985e-10 0.15 0.578 1.74377e-12 -5.57785e-13 -6.74928e-11 1 -0.238338 0.0756375 0.578 5.31809e-10 -7.29031e-10 0.58969 0.80763 0.00194325 0.00605877 3.3402e-11 -5.74594e-05 1.83913e-05 -0.0182475 -3.44685e-07 6.30043e-09 2.04392e-16 -2.60329e-14 -1.95494e-13 9.21346e-07
66.512 -8.31639e-10 0.15 0.578 3.73086e-12 -1.18601e-12 -1.43977e-10 1 -0.238389 0.0754529 0.578 1.14048e-09 -1.55701e-09 0.589999 0.807404 0.00412772 0.0129383 -1.55982e-12 -0.000122736 3.89734e-05 -0.0389215 -6.88372e-07 1.50619e-09 3.89188e-15 4.79684e-15 -1.12523e-12 1.839e-06
67.202 -8.32742e-10 0.15 0.578 3.75528e-12 -1.18734e-12 -1.44167e-10 1 -0.238502 0.0751179 0.578 1.14872e-09 -1.56575e-09 0.590569 0.806987 0.00414207 0.0130532 -2.36559e-11 -0.000123823 3.91e-05 -0.0392504 -6.94124e-07 6.82633e-10 2.90965e-15 6.78689e-15 -9.27177e-13 1.85426e-06
67.925 6.83135e-11 0.15 0.578 -3.00737e-13 9.6658e-14 1.1827e-11 1 -0.237984 0.0767819 0.578 -9.19848e-11 1.25557e-10 0.587754 0.80904 -0.00025359 -0.000786896 1.85174e-11 7.47141e-06 -2.38035e-06 0.00237345 4.19381e-08 1.80764e-09 5.97836e-16 -8.21452e-15 2.23391e-13 -1.12185e-07
68.667 -3.00573e-10 0.15 0.578 1.32448e-12 -4.2344e-13 -5.20368e-11 1 -0.238305 0.0758642 0.578 4.03147e-10 -5.5134e-10 0.589325 0.807896 0.00147892 0.00460937 9.83097e-10 -4.28474e-05 1.36848e-05 -0.0137483 -2.44547e-07 4.94455e-10 -4.51479e-14 -2.12507e-14 4.53287e-11 6.49345e-07
69.399 3.99959e-10 0.15 0.578 -1.80204e-12 5.70528e-13 6.92423e-11 1 -0.238534 0.0752379 0.578 -5.51358e-10 7.5166e-10 0.590401 0.80711 -0.00315177 -0.00999918 1.80391e-08 5.73934e-05 -1.8146e-05 0.017636 4.46971e-07 5.55253e-11 -2.40828e-13 -3.53061e-13 -1.92274e-09 -7.99458e-07
70.132 2.09442e-09 0.15 0.578 -9.76552e-12 2.99711e-12 3.6258e-10 1 -0.239211 0.0731797 0.578 -3.00433e-09 4.05564e-09 0.593891 0.804546 -0.0103277 -0.0334921 -1.16092e-08 0.000329151 -0.000100926 0.100735 1.77791e-06 6.64627e-09 2.06531e-13 -2.4973e-13 5.99144e-10 -4.75574e-06
70.92 3.12026e-09 0.15 0.578 -1.55248e-11 4.01862e-12 5.45198e-10 1 -0.241881 0.0640447 0.578 -5.27306e-09 6.18291e-09 0.609086 0.793104 -0.0122074 -0.0457638 2.00878e-05 0.000525404 -0.000108523 0.163595 2.58461e-06 7.32776e-08 -8.24231e-10 -1.2625e-09 4.51576e-09 -7.77419e-06
71.672 1.97106e-09 0.15 0.578 -1.39812e-11 1.34312e-12 3.51606e-10 1 -0.246171 0.0448102 0.578 -5.69639e-09 4.46635e-09 0.639846 0.768503 -0.0137641 -0.0950021 2.16362e-05 0.000470102 2.38302e-05 0.147778 3.9741e-06 3.63722e-07 -1.25875e-09 -3.89953e-09 -2.1842e-08 -6.43877e-06
72.463 1.06132e-10 0.15 0.578 -9.57807e-12 -4.15567e-12 1.91978e-11 1 -0.249826 0.0139715 0.578 -5.32757e-09 1.33796e-09 0.686302 0.727316 0.0200857 0.0050887 -2.41188e-06 0.000295817 0.000203907 0.105126 1.68467e-06 1.18035e-06 1.29368e-10 1.04529e-11 1.16834e-09 -4.66272e-06
73.215 -3.34931e-10 0.15 0.578 -7.05532e-12 -7.36849e-12 -5.98697e-11 1 -0.249207 -0.0224457 0.578 -5.7496e-09 -2.52603e-10 0.737418 0.675437 0.0438514 -0.175947 -1.94678e-05 0.000365638 0.0003449 -0.0241584 1.3879e-06 1.631e-06 -3.4549e-10 3.66244e-10 1.30218e-09 -3.86687e-06
73.992 -1.44099e-09 0.15 0.578 -8.90523e-12 -1.16665e-11 -2.54757e-10 1 -0.241544 -0.0653039 0.578 -7.90918e-09 -5.39796e-10 0.793385 0.60872 0.0324717 0.415946 -0.000312527 0.000137721 0.000285573 0.394724 -9.39783e-06 5.25356e-06 1.64258e-08 4.65609e-08 1.88134e-07 -2.40159e-05
74.724 -2.22783e-09 0.15 0.578 -3.82403e-12 -1.57414e-11 -3.92898e-10 1 -0.224849 -0.109777 0.578 -8.53511e-09 -3.00662e-09 0.847586 0.530659 0.069251 -0.0109203 -3.72009e-05 0.000110832 0.00062848 0.132743 1.99691e-06 2.9111e-06 1.31005e-09 7.96838e-10 -6.9214e-10 -5.20257e-06
75.417 -4.27915e-09 0.15 0.578 1.64648e-12 -1.81662e-11 -7.48706e-10 1 -0.197817 -0.153221 0.578 -8.19011e-09 -5.97762e-09 0.897401 0.441216 -0.00242156 0.00617611 0.000513161 -0.00034896 0.000797876 0.0847267 3.88579e-07 1.28085e-06 -2.07726e-08 -3.05171e-08 1.88165e-08 -4.34786e-06
76.154 -3.21991e-09 0.15 0.578 1.20021e-11 -1.32546e-11 -5.59907e-10 1 -0.156225 -0.195453 0.578 -4.76252e-09 -9.21099e-09 0.943344 0.331816 0.0590921 0.0561758 -4.9809e-06 -0.000528981 0.000549773 0.0477386 5.43511e-07 4.09152e-06 2.11755e-10 3.63195e-10 -2.80091e-10 -1.44515e-06
76.895 -1.16437e-09 0.15 0.578 1.59397e-11 -6.91148e-12 -2.01791e-10 1 -0.103778 -0.22768 0.578 -1.89062e-09 -1.01777e-08 0.976996 0.213257 0.23219 -0.00998588 -0.000139267 -0.000676969 0.000290621 0.0565417 6.53501e-06 4.34922e-06 4.96438e-09 2.67732e-09 -1.01563e-07 2.99478e-06
77.617 -8.52536e-11 0.15 0.578 1.6849e-11 -1.61678e-12 -1.47247e-11 1 -0.0470318 -0.245756 0.578 -1.11774e-11 -1.00623e-08 0.995432 0.0954712 -0.344681 0.175816 -1.25335e-05 -0.000835014 -0.000411397 0.255809 -8.93677e-06 4.86766e-06 2.08877e-09 1.24783e-08 1.43775e-07 -2.20982e-05
78.322 2.87669e-10 0.15 0.578 1.62685e-11 2.93305e-12 4.97402e-11 1 0.00978246 -0.250025 0.578 1.6533e-09 -9.57566e-09 0.999829 -0.0184799 -0.0226063 0.0748431 -1.05352e-06 -0.00071453 -7.49824e-05 -0.0310459 -7.78237e-07 3.83258e-06 2.70921e-11 -3.45954e-11 6.9151e-09 9.99533e-07
79.07 3.00586e-09 0.15 0.578 1.31016e-11 9.01377e-12 5.20366e-10 1 0.0678095 -0.240853 0.578 4.01165e-09 -8.40606e-09 0.990746 -0.135725 -0.0928869 0.0523217 -2.12706e-05 -0.000644871 -0.000160087 -0.248027 -3.84689e-06 3.71796e-06 9.4095e-10 1.86106e-09 3.6783e-08 1.02129e-05
79.806 5.54915e-09 0.15 0.578 7.92369e-12 1.35843e-11 9.62541e-10 1 0.118596 -0.220325 0.578 5.95261e-09 -6.30813e-09 0.969936 -0.243359 -0.0637805 0.0369281 -2.39299e-06 -0.000367253 -0.00050234 -0.10208 7.0839e-07 3.25274e-06 -2.64669e-09 2.311e-09 -3.32944e-08 4.68746e-06
80.518 5.85962e-09 0.15 0.578 9.95018e-13 1.53481e-11 1.01952e-09 1 0.158507 -0.193607 0.578 7.26189e-09 -3.7113e-09 0.942103 -0.335324 0.101953 0.142014 -1.5101e-05 -0.000154052 -0.000466396 -0.228606 -1.948e-06 2.42664e-06 8.85996e-10 1.60382e-09 6.99798e-10 5.31816e-06
81.252 5.72927e-09 0.15 0.578 -4.67374e-12 1.33813e-11 9.98682e-10 1 0.189025 -0.163944 0.578 6.93957e-09 -1.13698e-09 0.910172 -0.41423 -0.190605 -0.208103 -0.00014462 0.000209118 -0.000601582 -0.0592771 -8.66343e-06 7.97735e-07 2.91409e-09 -1.34246e-08 1.05169e-07 -3.10463e-06
81.909 3.36096e-09 0.15 0.578 -8.01643e-12 9.29136e-12 5.74427e-10 1 0.20815 -0.138858 0.578 6.57463e-09 5.81393e-10 0.882251 -0.470778 0.0337499 0.0524173 4.05635e-05 0.000208512 -0.000393701 -0.111735 5.00991e-06 4.03018e-07 -9.72389e-10 -1.11637e-08 -1.13722e-07 1.36687e-05
82.635 2.91873e-09 0.15 0.578 -8.857e-12 8.0213e-12 5.0885e-10 1 0.222298 -0.114855 0.578 5.7815e-09 1.59729e-09 0.854672 -0.519169 -0.0408374 -0.0271247 -6.24894e-06 0.000261632 -0.000273799 -0.127435 -2.10455e-06 1.01882e-06 8.86711e-10 4.94393e-09 2.45404e-09 5.29042e-06
83.364 2.92089e-09 0.15 0.578 -1.02943e-11 5.99679e-12 5.07063e-10 1 0.231093 -0.0959391 0.578 5.3547e-09 2.51557e-09 0.832287 -0.554344 -0.063049 -0.116368 -8.24367e-06 0.000379124 -0.000230347 -0.0799777 -4.4526e-06 5.72801e-07 7.31665e-10 3.3148e-09 3.96331e-08 1.53789e-06
84.086 2.36759e-09 0.15 0.578 -1.03949e-11 4.24368e-12 4.11289e-10 1 0.235979 -0.083198 0.578 4.67924e-09 2.94713e-09 0.816862 -0.576833 -0.0131287 -0.0367713 9.20192e-06 0.00033366 -0.000135286 -0.117411 -1.9697e-06 4.42666e-08 -3.83208e-10 -6.13498e-10 4.01071e-10 5.21869e-06
84.793 9.80995e-10 0.15 0.578 -3.01679e-12 1.55851e-12 1.69841e-10 1 0.237809 -0.0776934 0.578 1.41129e-09 6.79068e-10 0.81012 -0.586264 -0.00486953 -0.0146352 5.95977e-06 -0.000866259 0.000269014 -0.0663258 -9.16428e-07 6.06008e-09 -2.91053e-10 -6.7071e-10 5.25984e-08 3.06292e-06
85.558 -1.96602e-09 0.15 0.578 8.23858e-12 -2.83854e-12 -3.40404e-10 1 0.236465 -0.0809186 0.578 -3.49689e-09 -2.50037e-09 0.814186 -0.580604 0.000318668 9.12886e-05 1.647e-07 -0.000221009 7.56089e-05 0.120889 1.51073e-06 1.19579e-10 -2.94745e-13 -4.03813e-13 3.47855e-10 -4.03037e-06
86.283 -8.46571e-10 0.15 0.578 3.44102e-12 -1.2029e-12 -1.46582e-10 1 0.235904 -0.0818858 0.578 -1.45749e-09 -1.03726e-09 0.81546 -0.578814 0.00416899 0.0119279 -6.68031e-11 -0.000113032 3.93251e-05 0.0384328 6.40593e-07 -3.1821e-10 5.68219e-15 8.70106e-15 -5.72993e-12 -1.71209e-06
87.032 8.31379e-10 0.15 0.578 -3.30093e-12 1.14575e-12 1.43952e-10 1 0.235883 -0.0812785 0.578 1.38302e-09 9.86642e-10 0.814803 -0.579739 0.0037039 0.0112253 -1.48749e-07 9.38553e-05 -3.23284e-05 -0.0462705 3.90222e-08 6.23582e-10 5.96645e-12 -4.31717e-12 -1.03235e-08 2.50603e-06
87.76 3.45346e-09 0.15 0.578 -1.38888e-11 4.93836e-12 5.9798e-10 1 0.235076 -0.0829587 0.578 5.91198e-09 4.18052e-09 0.816951 -0.576708 -0.0168757 -0.0474944 -1.54318e-08 0.000462214 -0.000163569 -0.153788 -2.55815e-06 1.21974e-08 7.54176e-13 1.09295e-12 -6.20132e-10 6.8512e-06
88.479 4.75415e-09 0.15 0.578 -1.80875e-11 7.32483e-12 8.23332e-10 1 0.231382 -0.0926608 0.578 8.08833e-09 5.44266e-09 0.828783 -0.559571 -0.0325026 -0.0808759 1.24103e-07 0.00060095 -0.000242932 -0.204369 2.11878e-06 1.06994e-07 4.97501e-11 -5.56731e-11 -9.05495e-08 2.19672e-05
89.191 1.02442e-08 0.15 0.578 1.16614e-10 2.02578e-10 1.78798e-09 1 0.22354 -0.112412 0.578 7.017e-08 -9.91631e-08 0.851816 -0.523841 -0.0221685 -0.043371 -4.53449e-08 0.000472749 -0.00024244 -0.158044 -2.52703e-06 2.84375e-07 2.09321e-12 2.14665e-12 -3.43985e-09 7.00945e-06
89.904 3.13069e-09 0.15 0.578 -2.96688e-12 1.00763e-11 5.46926e-10 1 0.208514 -0.138311 0.578 5.03281e-09 -1.73762e-09 0.881632 -0.471937 0.00296235 0.00595136 5.76178e-05 0.000174713 -0.000408902 0.0145567 3.04589e-07 4.93652e-07 -3.3874e-09 -1.08884e-08 -2.21691e-08 -5.97963e-07
90.622 3.69037e-09 0.15 0.578 -1.43948e-12 1.00114e-11 6.43307e-10 1 0.186876 -0.166389 0.578 4.79069e-09 -2.20422e-09 0.912848 -0.4083 0.0109612 0.0131208 -6.93131e-05 0.000116846 -0.00040252 0.0542918 8.84448e-07 6.14376e-07 4.8255e-10 -1.25248e-08 -2.48545e-08 -2.34917e-06
91.367 6.4448e-09 0.15 0.578 -6.49573e-13 1.41996e-11 1.1191e-09 1 0.156749 -0.195033 0.578 6.72511e-09 -2.97489e-09 0.94361 -0.331059 0.0976157 0.168628 1.0746e-05 -0.000176742 -0.000367262 -0.222182 3.85185e-06 3.04951e-06 1.42729e-09 1.33107e-08 -9.2779e-08 1.46866e-05
92.099 9.18009e-09 0.15 0.578 6.36578e-12 1.74855e-11 1.59238e-09 1 0.117112 -0.221117 0.578 7.71903e-09 -5.76613e-09 0.970749 -0.240096 -0.120958 -0.024222 -4.16685e-05 -0.000226208 -0.000648924 -0.16173 -4.48566e-06 2.2099e-06 4.67639e-11 -9.35567e-09 3.25132e-08 4.98875e-06
92.801 7.31768e-09 0.15 0.578 1.32598e-11 1.32169e-11 1.26697e-09 1 0.0683382 -0.240703 0.578 5.70265e-09 -8.75804e-09 0.990597 -0.136813 -0.120765 0.0310424 -4.94281e-06 -0.000586912 -0.000484206 -0.126158 -3.9243e-06 3.39463e-06 -5.6596e-10 -5.20147e-09 3.52198e-08 3.3376e-06
93.529 1.93982e-09 0.15 0.578 1.79606e-11 3.4825e-12 3.35594e-10 1 0.00935371 -0.250041 0.578 1.61892e-09 -1.05944e-08 0.999845 -0.0176226 -0.0405049 0.0814718 -6.44308e-07 -0.000785974 -0.000156516 -0.0371576 -1.31421e-06 4.21634e-06 -1.79148e-11 -2.64643e-10 1.11826e-08 8.46949e-07
94.29 -3.91196e-10 0.15 0.578 1.72015e-11 -6.07227e-12 -6.76312e-11 1 -0.0544375 -0.244223 0.578 -2.66266e-09 -1.03233e-08 0.993876 0.110504 -0.172885 0.118937 5.18157e-05 -0.000743442 0.000321574 -0.0287558 -5.82655e-06 4.07899e-06 -1.94354e-09 -1.66507e-09 9.81686e-08 -3.31559e-06
95.039 -2.21687e-09 0.15 0.578 1.41039e-11 -9.2772e-12 -3.84361e-10 1 -0.112752 -0.223372 0.578 -3.27017e-09 -9.40164e-09 0.972561 0.232649 -0.0733526 0.152755 -2.23853e-05 -0.000711471 0.000203941 0.192691 -2.63169e-06 4.799e-06 2.27249e-09 1.14691e-08 5.49512e-08 -1.22927e-05
95.784 -4.82533e-09 0.15 0.578 1.1132e-11 -1.23396e-11 -8.39809e-10 1 -0.162737 -0.190065 0.578 -3.72779e-09 -8.81005e-09 0.937606 0.347701 0.0684488 0.0506505 -9.90078e-06 -0.00051252 0.000481357 0.0403618 7.3187e-07 4.06427e-06 8.99648e-10 4.14115e-09 -7.27305e-09 -8.43356e-07
96.515 -1.63337e-09 0.15 0.578 4.51021e-12 -1.42351e-11 -2.86208e-10 1 -0.201784 -0.147958 0.578 -5.92955e-09 -7.08701e-09 0.891512 0.452996 0.021802 0.107005 0.000197394 -0.000365892 0.000643955 0.0516473 -1.9289e-06 3.9154e-06 -5.7421e-09 4.89443e-09 4.05786e-08 -3.17738e-06
97.284 -4.04308e-09 0.15 0.578 -3.64267e-12 -1.66665e-11 -7.14362e-10 1 -0.230074 -0.0983564 0.578 -7.81451e-09 -3.98143e-09 0.834001 0.551764 0.0713838 -0.0174565 -1.93267e-05 5.72944e-05 0.000624961 0.114456 1.99956e-06 2.99037e-06 6.29903e-10 2.30745e-11 -6.09025e-09 -4.20625e-06
98.019 -5.78536e-10 0.15 0.578 -9.80105e-12 -1.14337e-11 -1.03574e-10 1 -0.244759 -0.0519746 0.578 -8.29495e-09 -3.62631e-10 0.776409 0.63023 0.0798099 -0.287655 -9.96849e-05 0.000445571 0.000537138 0.0134712 9.05471e-06 1.39473e-06 1.49909e-09 -1.30523e-08 -1.12434e-07 4.01697e-06
98.706 -9.6592e-10 0.15 0.578 -1.18644e-11 -7.5899e-12 -1.72524e-10 1 -0.249831 -0.013871 0.578 -7.07227e-09 1.34318e-09 0.725705 0.688006 0.0333983 -0.0289208 1.21675e-05 0.000384147 0.000312591 0.140965 1.83855e-06 1.58618e-06 -2.99255e-10 6.88017e-10 5.53798e-09 -6.21602e-06
99.393 3.82392e-10 0.15 0.578 -1.13972e-11 -2.96751e-12 6.85248e-11 1 -0.249604 0.017495 0.578 -5.72844e-09 2.50619e-09 0.681154 0.73214 0.0169152 -0.0439417 -2.77252e-06 0.000363743 0.000162366 0.124916 2.12426e-06 1.00748e-06 1.01042e-10 8.1217e-11 -2.64868e-09 -5.49846e-06
100.112 1.33897e-09 0.15 0.578 -1.08781e-11 5.77451e-13 2.38874e-10 1 -0.24647 0.0431366 0.578 -4.68894e-09 3.45851e-09 0.642453 0.766325 0.00280942 -0.0305397 8.42176e-06 0.000375738 4.74209e-05 0.11396 1.67879e-06 4.7349e-07 -5.08628e-10 -1.68789e-09 4.10638e-09 -5.3022e-06
100.842 2.2223e-09 0.15 0.578 -1.04423e-11 2.98376e-12 3.94178e-10 1 -0.242416 0.0619889 0.578 -3.85841e-09 4.07617e-09 0.612447 0.790512 -0.00018234 -0.0172789 -4.68052e-06 0.000357634 -2.69307e-05 0.166793 1.65047e-06 2.29599e-07 4.64499e-11 -8.36858e-10 9.26926e-09 -8.12668e-06
101.582 2.3602e-09 0.15 0.578 -1.03477e-11 3.49348e-12 4.11648e-10 1 -0.239081 0.0738126 0.578 -3.3077e-09 4.31564e-09 0.592856 0.805308 -0.0197563 -0.0615579 3.77559e-06 0.000381101 -0.000112315 0.0801413 2.56231e-06 1.80695e-08 -2.7565e-10 -9.81852e-10 -1.03863e-08 -3.51411e-06
