17.441 -2.83933e-298 0.15 0.578 -3.72313e-298 -5.05587e-297 5.3384e-302 1 -0.143 0.046 0.578 -2.39311e-294 -1.67558e-294 0.587528 0.809204 -1.58732e-293 -9.20859e-293 -2.10303e-289 2.59262e-289 5.82614e-289 -6.31753e-294 -2.18702e-297 -2.96006e-295 8.895e-294 -3.22771e-293 5.57511e-295 8.56784e-298
18.169 -9.20201e-310 0.15 0.578 -8.54943e-309 -1.65161e-308 4.41713e-313 1 -0.143 0.046 0.578 -9.9289e-306 -6.94988e-306 0.587528 0.809204 2.74281e-305 1.6346e-304 -1.31677e-300 -2.88295e-302 -1.14621e-300 1.14227e-305 2.63599e-309 4.72379e-307 6.64096e-305 5.11811e-305 -8.77382e-307 -1.54462e-309
18.629 -4.27188e-318 0.15 0.578 -2.8809e-316 -8.10884e-317 1.11412e-320 1 -0.143 0.046 0.578 -1.19605e-313 -8.36666e-314 0.587528 0.809204 2.93416e-312 1.72603e-311 -5.33681e-308 -2.49122e-308 -1.15354e-307 1.1956e-312 3.41515e-316 5.25698e-314 2.84555e-312 5.71431e-312 -9.83361e-314 -1.61898e-316
18.981 1.58101e-322 0.15 0.578 1.43279e-321 2.81123e-321 -4.94066e-324 1 -0.143 0.046 0.578 1.68635e-318 1.18039e-318 0.587528 0.809204 5.34287e-318 2.53308e-317 1.2024e-313 -8.73356e-314 -1.56402e-313 1.83344e-318 -7.85564e-322 -1.26777e-319 -1.08062e-317 -1.37645e-317 2.36559e-319 4.00193e-322
19.396 0 0.15 0.578 0 -4.94066e-324 -4.94066e-324 1 -0.143 0.046 0.578 -4.94066e-324 4.94066e-324 0.587528 0.809204 9.7825e-322 -3.45846e-323 -2.47033e-323 3.42387e-321 3.30036e-321 1.23516e-322 0 0 -9.88131e-324 9.88131e-324 0 0
19.97 0 0.15 0.578 0 -4.94066e-324 -4.94066e-324 1 -0.143 0.046 0.578 -4.94066e-324 4.94066e-324 0.587528 0.809204 9.7825e-322 -3.45846e-323 4.94066e-324 3.40905e-321 3.43376e-321 1.23516e-322 0 0 -9.88131e-324 9.88131e-324 0 0
20.512 0 0.15 0.578 0 -4.94066e-324 -4.94066e-324 1 -0.143 0.046 0.578 -4.94066e-324 4.94066e-324 0.587528 0.809204 9.7825e-322 -3.45846e-323 4.94066e-324 3.40905e-321 3.43376e-321 1.23516e-322 0 0 -9.88131e-324 9.88131e-324 0 0
21.042 0 0.15 0.578 0 -4.94066e-324 -4.94066e-324 1 -0.143 0.046 0.578 -4.94066e-324 4.94066e-324 0.587528 0.809204 9.7825e-322 -3.45846e-323 4.94066e-324 3.40905e-321 3.43376e-321 1.23516e-322 0 0 -9.88131e-324 9.88131e-324 0 0
21.627 0 0.15 0.578 0 -4.94066e-324 -4.94066e-324 1 -0.143 0.046 0.578 -4.94066e-324 4.94066e-324 0.587528 0.809204 9.7825e-322 -3.45846e-323 4.94066e-324 3.40905e-321 3.43376e-321 1.23516e-322 0 0 -9.88131e-324 9.88131e-324 0 0
22.219 1.00865e-11 0.15 0.578 -3.96683e-14 1.28357e-14 1.75295e-12 1 -0.143 0.0459999 0.578 -1.06563e-11 1.46149e-11 0.587528 0.809204 -3.1873e-05 -9.78785e-05 3.15023e-12 9.31847e-07 -3.00957e-07 0.000475873 6.44181e-09 -4.46952e-12 -2.13002e-16 -5.66545e-17 -3.51837e-13 -2.34888e-08
22.986 4.6397e-10 0.15 0.578 -1.82396e-12 5.88514e-13 8.06339e-11 1 -0.143037 0.0458839 0.578 -4.8951e-10 6.70686e-10 0.587856 0.808965 -0.00388501 -0.0121468 7.57126e-08 5.02049e-05 -1.61616e-05 0.0248626 5.71051e-07 -4.87395e-11 -1.85275e-12 -4.2762e-13 -3.40997e-09 -1.20623e-06
23.772 1.42769e-09 0.15 0.578 -6.19505e-12 1.92891e-12 2.48104e-10 1 -0.143491 0.0444684 0.578 -1.72164e-09 2.33122e-09 0.591851 0.806047 -0.00740526 -0.0237504 7.58159e-08 0.000175367 -5.44643e-05 0.0877938 1.3752e-06 7.52796e-09 -1.98912e-12 -4.69508e-13 -2.68601e-09 -4.31329e-06
24.564 2.11646e-09 0.15 0.578 -9.68998e-12 2.60823e-12 3.6772e-10 1 -0.145132 0.0391513 0.578 -2.65387e-09 3.43557e-09 0.606673 0.794952 -0.0213658 -0.0797596 6.91516e-07 0.000312179 -8.36484e-05 0.0876656 3.20268e-06 6.48142e-08 -1.99836e-11 -1.60477e-11 -2.28396e-08 -4.09454e-06
25.318 1.27499e-09 0.15 0.578 -9.50413e-12 1.77951e-12 2.21435e-10 1 -0.148137 0.0285842 0.578 -2.9075e-09 3.44568e-09 0.635235 0.772319 0.0235232 0.122379 -2.29313e-06 0.00013689 -2.33239e-05 0.274955 -2.10451e-06 1.91856e-07 6.83564e-11 5.42128e-11 6.49661e-08 -1.42922e-05
26.098 4.98747e-10 0.15 0.578 -8.14874e-12 5.08225e-13 8.65842e-11 1 -0.152292 0.011775 0.578 -2.57946e-09 2.65506e-09 0.678016 0.735047 -0.0064197 -0.0839743 5.38441e-07 0.00023811 -1.24108e-05 0.103968 3.33895e-06 3.66927e-07 -1.17243e-11 -9.8106e-12 -2.77971e-08 -4.67803e-06
26.862 -3.5902e-10 0.15 0.578 -8.89212e-12 -7.56688e-13 -6.23184e-11 1 -0.156641 -0.0100836 0.578 -3.17551e-09 2.79989e-09 0.728296 0.685263 0.00200277 -0.0243692 -7.56329e-09 0.000287887 2.70863e-05 0.0953627 1.40605e-06 5.42007e-07 -7.00005e-13 3.86202e-13 2.82905e-09 -4.55689e-06
27.639 -1.67873e-09 0.15 0.578 -1.11276e-11 -2.94025e-12 -2.91461e-10 1 -0.160405 -0.0384984 0.578 -4.4559e-09 3.28161e-09 0.784289 0.620396 0.0388933 -0.168152 1.78284e-06 0.000525448 0.000136839 -0.0235183 3.13638e-06 7.54991e-07 -1.48636e-11 -1.72197e-11 -1.73763e-08 -4.64419e-06
28.418 -3.1792e-09 0.15 0.578 -1.49998e-11 -7.37879e-12 -5.52281e-10 1 -0.161733 -0.0754571 0.578 -7.48308e-09 4.48119e-09 0.842638 0.538481 0.25206 -0.559478 4.86727e-06 0.000647227 0.000319611 0.017981 1.8733e-05 1.01232e-06 -1.11044e-10 -1.4331e-10 -2.51752e-07 7.84096e-06
29.188 -4.21234e-09 0.15 0.578 -1.52711e-11 -1.24617e-11 -7.31837e-10 1 -0.157435 -0.122803 0.578 -9.82794e-09 4.46722e-09 0.898032 0.439931 0.157261 -0.206534 1.95052e-06 0.000732632 0.000592317 -0.0495088 3.11199e-06 1.25851e-06 -1.16436e-12 -2.03106e-12 7.00902e-10 -3.20445e-06
29.929 -4.69158e-09 0.15 0.578 -1.39306e-11 -1.82281e-11 -8.13911e-10 1 -0.143575 -0.179955 0.578 -1.25545e-08 4.04792e-09 0.943461 0.331483 0.0728455 -0.0571538 3.12796e-07 0.000566439 0.000738724 0.0684896 5.58473e-06 1.39407e-06 -9.21043e-12 -1.74012e-11 -3.04741e-08 -5.62689e-07
30.701 7.80197e-10 0.15 0.578 1.93344e-13 -9.79253e-13 1.3516e-10 1 -0.100777 -0.225688 0.578 -7.62709e-10 -1.94984e-10 0.977808 0.209505 0.109633 -0.0487191 1.10707e-06 7.89566e-05 0.000240958 -0.134404 2.52575e-06 1.47686e-06 -3.66067e-11 -6.72631e-11 -4.28017e-08 9.68591e-06
31.477 7.91594e-10 0.15 0.578 1.8196e-11 -1.55568e-12 1.37034e-10 1 -0.0398596 -0.247021 0.578 -2.44821e-10 -1.06495e-08 0.996716 0.0809744 -0.216017 0.131527 5.07447e-06 -0.000782582 -0.000127365 0.111318 -5.0576e-07 4.20142e-06 -4.23e-10 -6.36557e-10 5.27898e-09 5.7468e-07
32.194 2.45583e-09 0.15 0.578 1.64103e-11 5.48331e-12 4.24868e-10 1 0.0191214 -0.249485 0.578 2.66136e-09 -9.73064e-09 0.999309 -0.0371663 -0.0865804 0.0732596 -4.90287e-06 -0.000733052 -2.74946e-05 -0.256818 -4.08408e-06 3.9847e-06 2.56204e-10 7.77747e-10 3.97205e-08 1.06732e-05
32.98 4.67477e-09 0.15 0.578 1.12745e-11 1.20607e-11 8.09569e-10 1 0.0792971 -0.237319 0.578 5.51748e-09 -7.6753e-09 0.987201 -0.159481 -0.388839 -0.0739634 -2.58108e-05 -0.000472119 -0.000701234 -0.0136453 -1.13419e-05 2.8784e-06 -3.1255e-10 -8.4532e-09 1.56449e-07 -9.4664e-06
33.71 6.12684e-09 0.15 0.578 6.36309e-12 1.3751e-11 1.06325e-09 1 0.127054 -0.215558 0.578 6.03575e-09 -5.66075e-09 0.965032 -0.26213 -0.0499779 0.0470221 1.23055e-05 -0.000312414 -0.00051302 -0.0999649 -1.18629e-06 3.14691e-06 3.08681e-10 5.08409e-09 -5.1081e-09 4.07752e-06
34.51 4.17178e-09 0.15 0.578 3.87139e-13 1.38765e-11 7.26291e-10 1 0.168408 -0.185059 0.578 6.73071e-09 -3.19276e-09 0.933016 -0.359834 0.0470761 0.162492 7.60169e-05 -0.000210121 -0.000414761 -0.223669 5.71485e-07 3.40698e-06 3.88079e-09 1.68981e-08 -3.97866e-08 1.27443e-05
35.281 5.01412e-09 0.15 0.578 -5.06248e-12 1.26926e-11 8.76497e-10 1 0.197277 -0.153915 0.578 6.70818e-09 -8.19031e-10 0.899115 -0.437712 0.065729 0.0864038 0.000162595 9.68911e-05 -0.000493558 -0.0996728 2.52161e-06 5.3936e-07 -6.95747e-09 -1.25812e-08 -7.11568e-08 7.20775e-06
36.04 4.93511e-09 0.15 0.578 -9.11552e-12 1.03078e-11 8.58452e-10 1 0.216282 -0.125818 0.578 6.55023e-09 1.27176e-09 0.867378 -0.49765 -0.128894 -0.166327 -4.8887e-05 0.000370837 -0.00041587 -0.0777363 -6.66374e-06 1.24517e-06 2.19898e-09 4.36665e-09 7.13729e-08 -4.20053e-07
36.809 3.85045e-09 0.15 0.578 -1.12931e-11 6.70659e-12 6.64852e-10 1 0.22802 -0.10303 0.578 5.84561e-09 2.42323e-09 0.840749 -0.541425 -0.0681972 -0.152675 -6.36031e-05 0.000428616 -0.000281275 -0.0835641 -5.55455e-06 1.55019e-07 1.36611e-09 -4.90924e-09 5.3548e-08 1.22222e-06
37.532 2.52655e-09 0.15 0.578 -1.01117e-11 4.79538e-12 4.39274e-10 1 0.234202 -0.0880775 0.578 4.77944e-09 2.76372e-09 0.822804 -0.568326 -0.00769413 -0.0197404 1.06477e-05 0.000333433 -0.000145878 -0.116873 -1.42962e-06 6.65736e-08 -4.39348e-10 -6.9213e-10 -8.11436e-09 5.48178e-06
38.241 1.89037e-09 0.15 0.578 -8.59812e-12 3.03323e-12 3.26313e-10 1 0.237285 -0.0793965 0.578 3.79865e-09 2.55256e-09 0.812202 -0.583376 -0.0125656 -0.0372781 6.38683e-07 0.000275906 -9.26433e-05 -0.0976623 -1.5927e-06 6.03441e-07 2.12221e-09 8.28768e-09 4.48689e-10 4.31662e-06
38.965 -5.97703e-10 0.15 0.578 2.65955e-12 -8.90333e-13 -1.03484e-10 1 0.23726 -0.0790498 0.578 -1.13305e-09 -8.1824e-10 0.811828 -0.583897 0.00490519 0.0147518 -4.07715e-08 -8.39719e-05 2.79599e-05 0.0291266 6.65431e-07 4.19816e-09 1.7265e-12 -3.07508e-13 -2.88966e-09 -1.20146e-06
39.727 -1.64595e-09 0.15 0.578 6.8553e-12 -2.34656e-12 -2.84985e-10 1 0.236578 -0.0804033 0.578 -2.89506e-09 -2.07469e-09 0.813577 -0.581457 0.00815894 0.0238355 -1.93638e-11 -0.000226323 7.7108e-05 0.0766341 1.27752e-06 -3.90189e-10 7.81126e-15 1.70104e-14 1.24386e-11 -3.41581e-06
40.502 -2.64673e-11 0.15 0.578 1.10971e-13 -3.45106e-14 -4.5825e-12 1 0.237279 -0.0776715 0.578 -4.50209e-11 -3.4168e-11 0.81029 -0.586029 0.000130996 0.000414205 3.96238e-11 -3.93758e-06 1.19463e-06 0.00139327 2.2514e-08 5.14286e-09 -3.51499e-16 -2.24931e-14 -2.44993e-13 -6.26303e-08
