66.491 2.97931e-11 -1.46549e-14 0.55 -6.39256e-17 3.88337e-14 4.91452e-12 1 5.33287e-10 -3.97571e-13 0.55 1.5611e-11 4.02378e-14 1 0.000286919 -0.000104191 -4.28239e-08 3.08049e-11 2.74185e-09 -9.98476e-07 -0.000518348 -6.51462e-09 1.81169e-12 -2.02075e-15 -4.25287e-17 -1.06725e-14 2.37327e-08
66.964 5.07177e-11 -2.10387e-14 0.55 -1.21186e-16 6.61062e-14 8.36614e-12 1 9.07832e-10 -5.56832e-13 0.55 2.65741e-11 7.44232e-14 1 0.000248997 -0.000178205 -1.26492e-07 6.88169e-12 5.22138e-09 -1.7077e-06 -0.000886578 -1.1115e-08 6.35646e-13 -2.39464e-16 6.677e-17 -1.50664e-14 4.0492e-08
67.63 2.98961e-11 -1.34615e-14 0.55 -6.81354e-17 3.89661e-14 4.93152e-12 1 5.35132e-10 -3.62071e-13 0.55 1.56638e-11 4.22629e-14 1 0.000267578 -0.000106438 -6.17052e-08 8.51406e-12 2.9836e-09 -1.01993e-06 -0.000529536 -6.65518e-09 1.00018e-12 -2.30046e-16 -3.96963e-18 -6.9928e-15 2.4245e-08
68.251 -1.48242e-11 8.02136e-15 0.55 3.71501e-17 -1.93229e-14 -2.44532e-12 1 -2.65348e-10 2.0009e-13 0.55 -7.76785e-12 -2.35598e-14 1 0.000330226 4.86104e-05 4.56489e-08 1.03633e-11 -1.53653e-09 4.65858e-07 0.000241834 3.18521e-09 9.87915e-13 1.85888e-15 -5.31111e-17 6.05532e-15 -1.16036e-08
68.92 -3.93479e-11 2.49523e-14 0.55 8.51525e-17 -5.12866e-14 -6.49064e-12 1 -7.04316e-10 6.47898e-13 0.55 -2.06167e-11 -5.57444e-14 1 0.00037347 0.000138192 6.64499e-08 -9.74982e-13 -3.74729e-09 1.32427e-06 0.000687512 8.64065e-09 -3.17107e-13 7.43374e-17 -2.28075e-17 1.15113e-14 -3.14779e-08
69.633 -1.71394e-11 1.0103e-14 0.55 3.97446e-17 -2.23389e-14 -2.82722e-12 1 -3.06789e-10 2.566e-13 0.55 -8.97984e-12 -2.56083e-14 1 0.000350141 6.10027e-05 4.08349e-08 2.35884e-11 -1.77522e-09 5.84543e-07 0.000303494 3.8143e-09 4.04354e-13 7.89755e-16 -4.89713e-17 3.52138e-15 -1.38956e-08
70.347 2.06088e-11 -1.03528e-14 0.55 -4.60052e-17 2.68623e-14 3.39953e-12 1 3.68891e-10 -2.73948e-13 0.55 1.07985e-11 2.89923e-14 1 0.000294993 -7.13309e-05 -3.75828e-08 1.15964e-11 1.96096e-09 -6.83569e-07 -0.000354871 -4.46004e-09 6.48869e-13 1.34125e-15 2.61762e-18 -6.99564e-15 1.62479e-08
71.033 2.85639e-11 -1.32394e-14 0.55 -6.6992e-17 3.72303e-14 4.71175e-12 1 5.11284e-10 -3.47222e-13 0.55 1.49662e-11 4.16842e-14 1 0.000276196 -0.000100501 -6.71097e-08 -6.32296e-12 2.90831e-09 -9.6307e-07 -0.000499999 -6.28398e-09 2.76377e-13 -1.81634e-15 2.66196e-17 -7.85655e-15 2.28926e-08
71.776 2.15372e-12 -1.16573e-15 0.55 -3.39836e-18 2.80657e-15 3.55267e-13 1 3.85509e-11 -3.54716e-14 0.55 1.12807e-12 2.21337e-15 1 0.000309369 -9.75388e-06 9.9973e-10 -1.78596e-11 2.17915e-10 -9.34445e-08 -4.8529e-05 -5.12255e-10 4.53265e-13 8.17146e-16 -1.27871e-16 5.61068e-16 1.86623e-09
72.484 -2.14544e-11 1.25733e-14 0.55 4.77924e-17 -2.79641e-14 -3.53901e-12 1 -3.84026e-10 3.26322e-13 0.55 -1.12414e-11 -3.0834e-14 1 0.000346497 7.52926e-05 4.16031e-08 -6.1047e-12 -2.0899e-09 7.21519e-07 0.000374583 4.67297e-09 -8.24604e-14 4.37859e-16 -2.21914e-17 6.62934e-15 -1.70236e-08
73.21 -1.62656e-11 9.49241e-15 0.55 3.64493e-17 -2.12004e-14 -2.68309e-12 1 -2.91149e-10 2.45887e-13 0.55 -8.52227e-12 -2.34564e-14 1 0.000345003 5.7627e-05 3.23261e-08 -1.11597e-11 -1.60215e-09 5.52211e-07 0.000286698 3.60321e-09 -4.37995e-14 -1.39131e-15 1.57779e-17 4.03296e-15 -1.31266e-08
73.883 5.42743e-12 -2.94209e-15 0.55 -1.1483e-17 7.07462e-15 8.95282e-13 1 9.71494e-11 -7.87148e-14 0.55 2.84403e-12 7.33322e-15 1 0.000315206 -1.84201e-05 -7.02684e-09 -8.56254e-12 4.8595e-10 -1.76533e-07 -9.16386e-05 -1.15173e-09 2.90682e-13 6.72436e-16 3.74358e-17 -2.39122e-15 4.19569e-09
74.54 1.77692e-11 -8.74301e-15 0.55 -4.10273e-17 2.31607e-14 2.93113e-12 1 3.18064e-10 -2.3026e-13 0.55 9.31039e-12 2.57719e-14 1 0.000294104 -6.24239e-05 -3.93341e-08 1.93206e-12 1.78106e-09 -5.98195e-07 -0.000310561 -3.89443e-09 1.84626e-13 -1.25363e-16 1.59361e-17 -5.26699e-15 1.41874e-08
75.231 9.66175e-12 -4.94049e-15 0.55 -2.18621e-17 1.25929e-14 1.59375e-12 1 1.72942e-10 -1.29785e-13 0.55 5.06216e-12 1.37892e-14 1 0.000301724 -3.38728e-05 -1.93594e-08 1.07488e-11 9.43055e-10 -3.24582e-07 -0.00016852 -2.17458e-09 1.87166e-13 6.77658e-16 5.58464e-17 -2.22486e-15 7.92204e-09
75.959 -8.19716e-12 4.4964e-15 0.55 1.88845e-17 -1.06846e-14 -1.35216e-12 1 -1.46727e-10 1.16712e-13 0.55 -4.29515e-12 -1.19971e-14 1 0.000327329 2.89461e-05 1.8154e-08 1.78299e-11 -8.34222e-10 2.77395e-07 0.000144007 1.80989e-09 3.15022e-14 -3.42707e-16 -5.18913e-17 2.93661e-15 -6.5934e-09
76.651 -1.33572e-11 7.68829e-15 0.55 2.97786e-17 -1.74099e-14 -2.20334e-12 1 -2.3909e-10 1.99063e-13 0.55 -6.9986e-12 -1.9125e-14 1 0.000338023 4.71292e-05 2.57723e-08 2.30311e-12 -1.30858e-09 4.51625e-07 0.00023447 2.94681e-09 -1.20328e-13 -1.19499e-16 4.92688e-18 3.7545e-15 -1.07353e-08
77.349 -3.04505e-12 1.66533e-15 0.55 7.17934e-18 -3.96867e-15 -5.02296e-13 1 -5.45054e-11 4.24938e-14 0.55 -1.5953e-12 -4.55013e-15 1 0.000325595 1.12684e-05 7.80406e-09 8.53034e-12 -3.32154e-10 1.07972e-07 5.60624e-05 7.04584e-10 5.54779e-14 -5.9965e-16 -1.29515e-17 3.69569e-16 -2.56684e-09
78.019 8.49673e-12 -4.38538e-15 0.55 -1.92412e-17 1.10749e-14 1.40158e-12 1 1.52089e-10 -1.15824e-13 0.55 4.45204e-12 1.21987e-14 1 0.000308122 -2.96688e-05 -1.73116e-08 5.47397e-12 8.30737e-10 -2.84315e-07 -0.000147603 -1.85508e-09 1.2054e-13 -3.04515e-16 -3.6713e-17 -2.76115e-15 6.75803e-09
78.709 9.21184e-12 -4.77396e-15 0.55 -2.11199e-17 1.20067e-14 1.51954e-12 1 1.64889e-10 -1.23596e-13 0.55 4.82656e-12 1.33107e-14 1 0.000304442 -3.25217e-05 -1.97676e-08 -3.85456e-12 9.23844e-10 -3.11643e-07 -0.000161798 -2.03347e-09 9.49299e-14 2.31389e-16 4.41604e-17 -2.45624e-15 7.40795e-09
79.4 -1.29455e-13 2.77556e-17 0.55 5.24302e-19 -1.68947e-16 -2.13542e-14 1 -2.31719e-12 1.05471e-15 0.55 -6.7965e-14 -3.00388e-16 1 0.000316592 1.85846e-07 1.0289e-09 7.25263e-13 -1.39151e-11 1.78943e-09 9.23543e-07 1.16133e-11 5.60827e-14 1.64179e-16 1.9236e-17 4.4385e-16 -4.22802e-11
80.123 -7.83148e-12 4.30211e-15 0.55 1.76102e-17 -1.02077e-14 -1.29184e-12 1 -1.40181e-10 1.13465e-13 0.55 -4.10341e-12 -1.12632e-14 1 0.000328998 2.74294e-05 1.56038e-08 -1.78769e-12 -7.66493e-10 2.62852e-07 0.000136462 1.71506e-09 -6.41465e-14 9.26889e-17 -1.95565e-17 2.37637e-15 -6.24796e-09
80.841 -5.06851e-12 2.83107e-15 0.55 1.14763e-17 -6.60623e-15 -8.36077e-13 1 -9.07249e-11 7.28029e-14 0.55 -2.65561e-12 -7.31338e-15 1 0.000327028 1.79185e-05 1.04167e-08 -1.74956e-11 -4.95031e-10 1.71703e-07 8.91459e-05 1.12038e-09 -2.8528e-14 -9.7269e-16 6.20863e-17 1.20317e-15 -4.08157e-09
81.567 3.10391e-12 -1.60982e-15 0.55 -6.98899e-18 4.04582e-15 5.12006e-13 1 5.55591e-11 -4.35207e-14 0.55 1.62641e-12 4.42346e-15 1 0.000315517 -1.08065e-05 -5.96302e-09 4.24487e-12 2.98559e-10 -1.03562e-07 -5.37623e-05 -6.54205e-10 5.58278e-14 1.23882e-15 8.21879e-17 -1.13914e-15 2.38326e-09
82.236 6.23039e-12 -3.21965e-15 0.55 -1.42275e-17 8.12076e-15 1.02773e-12 1 1.11522e-10 -8.49876e-14 0.55 3.26446e-12 9.00126e-15 1 0.000309655 -2.19193e-05 -1.32089e-08 -2.54714e-13 6.20179e-10 -2.10047e-07 -0.000109049 -1.37053e-09 5.82651e-14 1.58347e-17 3.58925e-18 -1.78811e-15 4.99286e-09
82.917 2.35487e-12 -1.27676e-15 0.55 -5.32889e-18 3.06924e-15 3.88448e-13 1 4.21515e-11 -3.27793e-14 0.55 1.23378e-12 3.36122e-15 1 0.000313997 -8.4943e-06 -4.77065e-09 -4.13386e-12 2.3934e-10 -8.13939e-08 -4.22601e-05 -5.31121e-10 3.79711e-14 2.44051e-16 3.59087e-17 -4.55338e-16 1.93489e-09
83.643 -3.5943e-12 1.91513e-15 0.55 8.14782e-18 -4.68494e-15 -5.92898e-13 1 -6.43369e-11 5.0987e-14 0.55 -1.88332e-12 -5.1912e-15 1 0.000322802 1.2593e-05 7.37234e-09 1.40112e-11 -3.61476e-10 1.20679e-07 6.26503e-05 7.87391e-10 -2.30382e-14 -2.6294e-15 -6.69218e-17 1.19769e-15 -2.86846e-09
84.335 -4.36395e-12 2.44249e-15 0.55 9.84817e-18 -5.68798e-15 -7.19856e-13 1 -7.81134e-11 6.24778e-14 0.55 -2.28651e-12 -6.27423e-15 1 0.000325109 1.54732e-05 8.84616e-09 1.39861e-12 -4.33839e-10 1.48274e-07 7.698e-05 9.67483e-10 -3.94225e-14 -7.54854e-17 -1.54989e-17 1.19119e-15 -3.52455e-09
85 -4.69015e-13 3.05311e-16 0.55 1.12658e-18 -6.11222e-16 -7.73665e-14 1 -8.39523e-12 6.46705e-15 0.55 -2.45682e-13 -6.99367e-16 1 0.000320167 1.77248e-06 1.2032e-09 2.87829e-12 -5.29535e-11 1.69813e-08 8.81863e-06 1.1083e-10 6.29984e-15 -1.78736e-16 -1.76779e-17 -5.08564e-17 -4.03766e-10
85.707 3.36301e-12 -1.72085e-15 0.55 -7.6317e-18 4.38342e-15 5.54745e-13 1 6.01968e-11 -4.65739e-14 0.55 1.7621e-12 4.845e-15 1 0.000314178 -1.17152e-05 -6.88399e-09 -1.40759e-13 3.29734e-10 -1.12265e-07 -5.82832e-05 -7.32504e-10 3.504e-14 -1.74843e-17 4.17684e-19 -1.04516e-15 2.66851e-09
86.426 2.69294e-12 -1.47105e-15 0.55 -6.12522e-18 3.50995e-15 4.44214e-13 1 4.82028e-11 -3.72757e-14 0.55 1.41095e-12 3.87762e-15 1 0.000314194 -9.59105e-06 -5.58369e-09 -1.60995e-12 2.70994e-10 -9.19066e-08 -4.77162e-05 -5.99695e-10 2.93231e-14 1.16888e-16 4.36596e-17 -6.82091e-16 2.1847e-09
87.118 -8.28734e-13 3.88578e-16 0.55 1.92137e-18 -1.08025e-15 -1.36704e-13 1 -1.48341e-11 1.15741e-14 0.55 -4.34267e-13 -1.20818e-15 1 0.000319008 2.87782e-06 1.76924e-09 -2.10911e-12 -8.09968e-11 2.75802e-08 1.4317e-05 1.79937e-10 -2.20228e-15 1.36363e-16 -8.1511e-18 3.76608e-16 -6.55504e-10
87.813 -2.83917e-12 1.4988e-15 0.55 6.41282e-18 -3.70062e-15 -4.68336e-13 1 -5.08203e-11 4.03289e-14 0.55 -1.48761e-12 -4.08608e-15 1 0.000322468 9.97586e-06 5.82001e-09 -2.11291e-13 -2.79718e-10 9.55965e-08 4.96303e-05 6.23754e-10 -2.38579e-14 1.28372e-17 1.86818e-17 8.3416e-16 -2.27234e-09
88.505 -1.4146e-12 8.04912e-16 0.55 3.10557e-18 -1.84376e-15 -2.33346e-13 1 -2.53209e-11 1.99563e-14 0.55 -7.4116e-13 -2.04168e-15 1 0.000321046 5.14594e-06 3.03539e-09 2.01936e-12 -1.45964e-10 4.93102e-08 2.56015e-05 3.13378e-10 -1.13326e-14 -1.14277e-16 -6.26241e-18 3.0766e-16 -1.14164e-09
89.184 1.25015e-12 -6.10623e-16 0.55 -2.83469e-18 1.62951e-15 2.06219e-13 1 2.23773e-11 -1.7486e-14 0.55 6.55056e-13 1.79476e-15 1 0.000317217 -4.37132e-06 -2.55172e-09 -2.05981e-11 1.32261e-10 -4.18911e-08 -2.17473e-05 -2.6627e-10 1.61407e-14 -9.90399e-17 4.1539e-18 -4.41759e-16 9.70019e-10
89.883 2.13205e-12 -1.11022e-15 0.55 -4.84712e-18 2.77892e-15 3.51692e-13 1 3.8163e-11 -2.96152e-14 0.55 1.1171e-12 3.07436e-15 1 0.000315428 -7.51519e-06 -4.44241e-09 -4.11618e-13 2.11928e-10 -7.20158e-08 -3.73884e-05 -4.69897e-10 2.02246e-14 2.06028e-17 3.13368e-18 -5.99648e-16 1.71184e-09
90.604 4.42132e-13 -2.77556e-16 0.55 -9.96459e-19 5.76235e-16 7.29318e-14 1 7.91403e-12 -6.18949e-15 0.55 2.3163e-13 6.352e-16 1 0.000317466 -1.59897e-06 -8.30262e-10 2.16063e-11 3.45448e-11 -1.53207e-08 -7.95514e-06 -9.9979e-11 7.64413e-15 7.79125e-16 -3.70583e-17 -4.2399e-17 3.6423e-10
91.294 -1.406e-12 7.21645e-16 0.55 3.18003e-18 -1.83262e-15 -2.31927e-13 1 -2.51669e-11 1.97897e-14 0.55 -7.36701e-13 -2.02766e-15 1 0.000320283 4.86149e-06 2.82672e-09 -8.77995e-13 -1.36078e-10 4.65874e-08 2.4186e-05 3.07557e-10 -1.29998e-14 3.84628e-17 -8.07987e-18 4.51424e-16 -1.12043e-09
92.035 -1.33935e-12 7.77156e-16 0.55 3.03787e-18 -1.74571e-15 -2.20933e-13 1 -2.3974e-11 1.89293e-14 0.55 -7.01753e-13 -1.92955e-15 1 0.000320636 4.72997e-06 2.7594e-09 8.20195e-13 -1.33254e-10 4.53252e-08 2.35319e-05 2.95748e-10 -1.23705e-14 -4.04811e-17 -1.20327e-18 3.45845e-16 -1.07741e-09
92.759 2.99059e-13 -1.11022e-16 0.55 -7.04217e-19 3.8983e-16 4.93314e-14 1 5.35308e-12 -4.2466e-15 0.55 1.56716e-13 4.25764e-16 1 0.00031843 -1.01862e-06 -5.78934e-10 9.16833e-13 2.81379e-11 -9.7625e-09 -5.06753e-06 -6.36896e-11 2.66591e-15 -4.93093e-17 4.43623e-18 -1.48546e-16 2.32018e-10
93.451 1.283e-12 -6.38378e-16 0.55 -2.91026e-18 1.67229e-15 2.11638e-13 1 2.29654e-11 -1.79301e-14 0.55 6.72245e-13 1.84937e-15 1 0.00031677 -4.50501e-06 -2.64692e-09 1.84231e-13 1.26743e-10 -4.31706e-08 -2.24126e-05 -2.81682e-10 1.20832e-14 -8.89163e-18 3.92666e-19 -3.80629e-16 1.02617e-09
94.136 7.18848e-13 -4.44089e-16 0.55 -1.63263e-18 9.36932e-16 1.18578e-13 1 1.28672e-11 -1.00475e-14 0.55 3.76632e-13 1.03371e-15 1 0.00031729 -2.54994e-06 -1.49851e-09 -7.8716e-13 7.19599e-11 -2.44346e-08 -1.26862e-05 -1.59439e-10 6.24868e-15 4.05396e-17 -3.33773e-18 -1.63806e-16 5.80841e-10
94.832 -5.28562e-13 2.22045e-16 0.55 1.19492e-18 -6.88955e-16 -8.7189e-14 1 -9.46109e-12 7.38298e-15 0.55 -2.76958e-13 -7.62931e-16 1 0.000319065 1.82065e-06 1.06783e-09 -3.79053e-13 -5.11848e-11 1.74477e-08 9.05769e-06 1.13838e-10 -4.38393e-15 4.68785e-17 -4.73759e-18 1.92567e-16 -4.14709e-10
95.518 -9.82164e-13 4.71845e-16 0.55 2.22318e-18 -1.28016e-15 -1.62013e-13 1 -1.75804e-11 1.38778e-14 0.55 -5.14612e-13 -1.41396e-15 1 0.000319945 3.4589e-06 2.00229e-09 1.22113e-13 -9.72309e-11 3.31457e-08 1.72082e-05 2.1571e-10 -8.5927e-15 -5.03511e-18 2.47652e-18 2.7782e-16 -7.85835e-10
96.193 -3.25889e-13 2.22045e-16 0.55 6.86299e-19 -4.24747e-16 -5.3757e-14 1 -5.8333e-12 4.63518e-15 0.55 -1.7074e-13 -4.71381e-16 1 0.000319186 1.1604e-06 6.91074e-10 4.54949e-13 -3.28612e-11 1.1119e-08 5.77313e-06 7.25561e-11 -2.35289e-15 -4.99096e-17 1.43376e-18 5.61382e-17 -2.64325e-10
96.877 5.64403e-13 -2.498e-16 0.55 -1.27576e-18 7.35663e-16 9.31012e-14 1 1.01027e-11 -7.91034e-15 0.55 2.95732e-13 8.13302e-16 1 0.000317863 -1.96131e-06 -1.16095e-09 4.9758e-13 5.49073e-11 -1.87953e-08 -9.75754e-06 -1.22633e-10 7.13031e-15 -2.51471e-17 -7.18009e-18 -1.87571e-16 4.46752e-10
97.566 6.9946e-13 -3.60822e-16 0.55 -1.58796e-18 9.11678e-16 1.1538e-13 1 1.25201e-11 -9.76996e-15 0.55 3.66484e-13 1.00772e-15 1 0.00031748 -2.46702e-06 -1.46047e-09 1.43332e-13 6.93855e-11 -2.36406e-08 -1.22736e-05 -1.54254e-10 6.63659e-15 2.12572e-17 -3.73861e-18 -1.90266e-16 5.61948e-10
98.284 -2.1139e-11 1.13798e-14 0.55 3.60924e-17 -2.25457e-14 -3.48699e-12 1 -3.78382e-10 2.96513e-13 0.55 -7.88737e-12 -2.38465e-14 1 0.000318325 0.000114692 -9.09046e-08 1.51658e-10 -4.84434e-10 2.14132e-07 4.09282e-05 3.38265e-09 -9.29088e-14 2.40666e-15 2.16871e-14 -3.80717e-12 -1.35376e-08
98.96 -1.72195e-08 -7.42171e-11 0.55 2.16175e-13 -2.26053e-11 -2.84045e-09 1 -3.08217e-07 -2.14364e-09 0.55 -9.12516e-09 -1.00318e-10 0.999997 -0.00231821 0.0517392 0.000668077 -4.63306e-08 -8.00212e-06 0.000552165 0.291318 3.46146e-06 2.34889e-08 6.56061e-13 -1.91148e-12 2.75497e-09 -1.34826e-05
99.689 -4.98595e-08 -4.29221e-09 0.55 9.89376e-12 -6.44839e-11 -8.22539e-09 1 -8.84156e-07 -1.22768e-07 0.55 -2.5937e-08 -4.34048e-09 0.998964 -0.0454984 0.284802 0.0522988 4.44369e-06 -0.000400626 0.00180759 0.717356 1.32507e-05 1.59504e-06 -4.49412e-12 9.9297e-10 -4.48766e-08 -2.98371e-05
100.354 -2.59049e-08 -9.21375e-09 0.55 2.91912e-11 -2.79675e-11 -4.27954e-09 1 -3.92359e-07 -2.79891e-07 0.55 -1.18051e-08 -1.46638e-08 0.985976 -0.166885 0.101979 0.150447 2.25369e-05 -0.00120881 0.000562843 0.479293 7.55184e-06 6.49034e-06 -8.13452e-11 4.6948e-09 -2.30114e-08 -2.15005e-05
101.007 4.59799e-08 2.49232e-08 0.55 -1.42317e-11 7.09007e-11 7.62283e-09 1 6.1128e-07 5.92129e-07 0.55 2.78749e-08 -2.50329e-09 0.947379 -0.320113 -0.181129 -0.034376 2.86186e-06 0.000327672 -0.00173465 -0.82737 -1.0337e-05 5.12224e-06 -1.15747e-10 -1.78759e-10 1.546e-10 3.7685e-05
101.67 7.39728e-08 5.72714e-08 0.55 -6.55089e-11 1.05709e-10 1.23105e-08 1 7.45168e-07 1.36035e-06 0.55 4.38761e-08 1.64248e-08 0.918794 -0.394737 -0.214832 -0.226467 -7.11494e-08 0.00217517 -0.00205343 -1.52622 -1.95179e-05 1.81466e-08 5.45218e-12 1.66808e-11 -2.57715e-11 7.11039e-05
102.365 -1.63919e-08 -1.09884e-08 0.55 1.13818e-11 -9.761e-12 -2.72051e-09 1 -1.74315e-07 -2.82321e-07 0.55 -1.38471e-09 -5.22424e-09 0.942593 -0.333945 0.0231936 0.0704597 -1.06252e-06 -0.000825822 0.000413878 0.299471 4.11544e-06 2.46368e-06 3.51298e-10 1.05796e-09 -3.14906e-08 -1.4991e-05
103.06 -4.8967e-08 -2.34397e-08 0.55 2.5899e-11 -6.50154e-11 -8.10587e-09 1 -6.76358e-07 -5.89733e-07 0.55 -2.6347e-08 -6.73931e-09 0.963162 -0.268923 0.143189 0.0896594 1.46966e-06 -0.000918119 0.00145282 0.925131 1.11748e-05 1.30137e-07 -4.49912e-11 -3.59424e-11 4.79709e-09 -4.3073e-05
103.759 -4.7792e-09 -2.58361e-09 0.55 4.01687e-12 -5.80525e-12 -7.91661e-10 1 -6.05619e-08 -6.71675e-08 0.55 -2.44436e-09 -1.53604e-09 0.958079 -0.286503 -0.0899789 -0.043804 -4.0311e-05 -0.000138799 4.42217e-05 0.155752 -1.89064e-06 5.96696e-07 1.60919e-09 1.9096e-09 5.21353e-08 -9.77531e-06
104.441 5.13906e-08 2.88883e-08 0.55 -3.26436e-11 7.06341e-11 8.51875e-09 1 6.50165e-07 7.17359e-07 0.55 2.91243e-08 8.34455e-09 0.950502 -0.31072 -0.229725 -0.181174 -3.4709e-05 0.00120867 -0.00167365 -0.864205 -1.44575e-05 -3.27487e-07 4.17948e-10 -5.47659e-09 3.6107e-08 3.79127e-05
105.123 6.19881e-08 2.51814e-08 0.55 -1.4993e-11 8.77889e-11 1.02529e-08 1 9.30096e-07 6.06462e-07 0.55 3.48814e-08 -1.30909e-09 0.970439 -0.241348 -0.224085 -0.0566156 1.41541e-05 0.000460031 -0.00219814 -1.11362 -1.40064e-05 3.83526e-06 -1.12774e-09 -4.88687e-09 -1.95725e-10 5.09823e-05
105.814 8.01266e-09 -1.14456e-09 0.55 3.45763e-11 1.37992e-11 1.3214e-09 1 1.58675e-07 -1.19331e-07 0.55 5.02112e-09 -2.05407e-08 0.998123 -0.0612384 -0.452574 0.103472 -3.44061e-05 -0.0014901 -0.000638884 -0.0749537 -1.32372e-05 1.00749e-05 1.0386e-09 -7.74579e-10 1.82556e-07 -5.71386e-06
106.471 -4.84257e-08 9.09538e-09 0.55 1.13586e-11 -6.74623e-11 -7.99293e-09 1 -8.42214e-07 1.79982e-07 0.55 -2.65436e-08 -1.05219e-08 0.992023 0.126054 0.188835 0.0602965 7.4253e-07 -0.000588439 0.0017825 0.842495 1.05155e-05 6.55817e-06 -2.09028e-11 1.79513e-11 -1.30539e-09 -3.83139e-05
107.118 -5.60489e-08 2.28202e-08 0.55 -2.15619e-11 -7.54371e-11 -9.26934e-09 1 -8.31736e-07 5.71675e-07 0.55 -3.03152e-08 4.24978e-09 0.972102 0.234559 0.155203 -0.0449389 3.28549e-05 0.000726702 0.001818 1.00192 1.13474e-05 1.47511e-06 -2.01487e-10 6.36041e-09 2.14359e-08 -4.68258e-05
107.758 -2.66668e-08 1.17635e-08 0.55 -1.20963e-11 -3.44653e-11 -4.41228e-09 1 -3.80383e-07 2.99161e-07 0.55 -1.36452e-08 2.98646e-09 0.967303 0.253622 -0.00575198 0.0493294 4.91678e-05 0.000383211 0.000718008 0.525385 2.60739e-06 1.3105e-06 9.11105e-10 1.86193e-08 5.4181e-08 -2.65883e-05
108.437 9.22045e-09 -3.78367e-09 0.55 4.45643e-12 1.18369e-11 1.52479e-09 1 1.3594e-07 -9.65294e-08 0.55 4.7575e-09 -1.29399e-09 0.973325 0.229433 -0.024063 0.0178177 -7.75333e-06 -0.000154072 -0.000257232 -0.153513 -1.89901e-06 2.45583e-07 4.13728e-10 1.18633e-09 -8.15993e-10 7.13255e-06
109.108 1.67675e-08 -6.41852e-09 0.55 6.87542e-12 2.21243e-11 2.77203e-09 1 2.53804e-07 -1.62486e-07 0.55 8.92752e-09 -1.72525e-09 0.976042 0.217584 -0.0551475 0.0258276 2.89772e-08 -0.000246084 -0.000528834 -0.301033 -3.80529e-06 2.30986e-09 -3.92235e-13 3.86207e-12 7.87671e-12 1.38538e-05
109.804 3.3678e-09 -1.43198e-09 0.55 1.97167e-12 4.27314e-12 5.57005e-10 1 4.87172e-08 -3.71711e-08 0.55 1.74806e-09 -6.72091e-10 0.972265 0.233883 -0.0107389 0.00807084 1.99209e-09 -7.70988e-05 -0.000103074 -0.0651346 -8.27212e-07 1.4582e-07 -1.00094e-13 -4.76415e-13 -3.76662e-13 3.01358e-06
110.533 -1.15138e-08 5.21994e-09 0.55 -5.48249e-12 -1.53867e-11 -1.90529e-09 1 -1.6325e-07 1.31316e-07 0.55 -6.21541e-09 1.319e-09 0.966396 0.257056 0.0369193 -0.0200899 -5.31019e-10 0.000191689 0.000354248 0.207663 2.62755e-06 5.22188e-08 4.6641e-14 4.36901e-14 3.83077e-12 -9.57216e-06
111.23 6.82982e-10 -3.14814e-10 0.55 -3.72583e-12 -6.02398e-12 1.13029e-10 1 9.59069e-09 -7.96113e-09 0.55 -4.5673e-09 1.2621e-09 0.965746 0.259491 -0.00199358 0.00121392 -1.1168e-06 0.000224385 0.000382341 -0.012912 -1.49725e-07 2.89432e-09 -7.68067e-12 -2.89025e-11 -9.17369e-09 5.5357e-07
111.958 -5.03487e-09 2.31946e-09 0.55 -2.4532e-12 -6.75098e-12 -8.33172e-10 1 -7.13901e-08 5.77372e-08 0.55 -2.73409e-09 6.04563e-10 0.966819 0.255463 0.0323771 -0.017248 -2.24796e-06 9.54489e-05 0.000184054 0.0537697 1.44247e-06 3.32452e-08 1.18391e-10 2.49373e-10 -6.95657e-09 -1.97205e-06
112.641 -2.30317e-08 9.80331e-09 0.55 -9.70933e-12 -3.05625e-11 -3.80968e-09 1 -3.372e-07 2.44258e-07 0.55 -1.22283e-08 2.09779e-09 0.970734 0.240156 0.0748196 -0.0351283 -4.17319e-08 0.000338738 0.000724631 0.408799 5.12938e-06 2.12113e-07 1.39334e-10 -1.56104e-10 -5.91744e-10 -1.85916e-05
113.284 -3.46126e-08 1.09821e-08 0.55 -6.17497e-12 -4.62027e-11 -5.71858e-09 1 -5.55568e-07 2.65546e-07 0.55 -1.81429e-08 -5.31506e-10 0.982189 0.187896 0.220285 -0.0458746 -2.10216e-05 0.000167629 0.00117516 0.621796 1.06537e-05 2.05327e-06 1.42294e-09 5.10402e-09 -4.74289e-08 -2.64369e-05
113.942 -2.28678e-08 2.24984e-09 0.55 1.24962e-11 -3.18059e-11 -3.77291e-09 1 -4.10227e-07 1.71513e-08 0.55 -1.25163e-08 -8.48695e-09 0.996843 0.0794023 0.0831475 0.059661 2.17261e-06 -0.000552508 0.000888819 0.399241 4.76673e-06 4.50504e-06 -2.83061e-11 3.18587e-10 4.71904e-09 -1.82986e-05
114.653 1.04277e-08 6.24165e-11 0.55 1.8305e-11 1.46051e-11 1.72011e-09 1 1.94533e-07 -4.28872e-08 0.55 5.29343e-09 -1.10316e-08 0.99696 -0.0779095 0.120432 0.107542 1.87939e-05 -0.000796931 -0.000402763 -0.0971543 3.34802e-06 5.5489e-06 -6.10459e-10 -8.70005e-11 -7.70861e-08 7.52551e-06
115.35 2.55504e-08 8.66438e-09 0.55 2.5518e-12 3.82075e-11 4.22345e-09 1 4.08321e-07 1.95409e-07 0.55 1.48092e-08 -5.37012e-09 0.974978 -0.222302 -0.104417 0.0215209 1.22263e-06 -0.000206222 -0.000995025 -0.427994 -5.30879e-06 4.02906e-06 -3.26608e-11 4.51187e-11 3.0778e-10 1.9351e-05
116.075 6.86013e-08 3.89513e-08 0.55 -4.18056e-11 9.24616e-11 1.1373e-08 1 8.6279e-07 9.65738e-07 0.55 3.73026e-08 1.02327e-08 0.949353 -0.314211 -0.208865 -0.149368 -1.05845e-06 0.00143786 -0.00200234 -1.26375 -1.60503e-05 3.00781e-07 2.5539e-11 -6.79506e-11 -2.32936e-10 5.84624e-05
116.753 8.63824e-08 4.11993e-08 0.55 -3.50193e-11 1.23512e-10 1.43002e-08 1 1.21703e-06 9.97483e-07 0.55 5.00899e-08 4.03839e-09 0.962594 -0.270948 -0.177405 0.0151687 4.19416e-05 0.00103973 -0.00274445 -1.80381 -1.61673e-05 5.29514e-06 1.56434e-09 2.18302e-08 -7.41992e-08 8.67698e-05
117.45 4.49079e-08 1.22863e-09 0.55 5.52258e-11 6.16992e-11 7.40806e-09 1 8.22542e-07 -1.1865e-07 0.55 2.32871e-08 -3.39166e-08 0.99812 -0.0612868 -0.158641 0.25557 2.92435e-06 -0.00240573 -0.00174168 -0.729902 -8.46032e-06 1.709e-05 -1.56555e-11 5.9121e-10 -1.07685e-08 3.34227e-05
118.149 -5.94144e-08 1.903e-08 0.55 2.5136e-11 -9.69541e-11 -9.82009e-09 1 -9.84483e-07 3.75869e-07 0.55 -3.71276e-08 -2.4604e-08 0.975194 0.22135 0.283886 0.141619 3.13866e-06 -0.0013517 0.00274051 1.01205 1.23983e-05 1.54878e-05 -8.62537e-11 8.83458e-11 1.33989e-09 -4.52687e-05
118.835 -2.57997e-08 1.83747e-08 0.55 -8.46574e-12 -4.37344e-11 -4.29253e-09 1 -3.02134e-07 4.16747e-07 0.55 -1.60855e-08 -3.75026e-09 0.917823 0.39699 0.0990662 0.0238457 4.96526e-05 0.000107947 0.001054 0.439517 4.33769e-06 4.97848e-06 -4.80817e-10 8.33151e-09 1.6233e-08 -2.02503e-05
119.435 -3.87943e-08 4.30842e-08 0.55 -5.00107e-11 -6.39884e-11 -6.49566e-09 1 -2.9886e-07 9.5047e-07 0.55 -2.77798e-08 1.08956e-08 0.877689 0.47923 0.125547 -0.131603 1.92198e-05 0.00148622 0.00115909 0.964267 1.17709e-05 1.5817e-06 5.04878e-10 8.29128e-09 8.4926e-09 -4.51947e-05
120.075 -3.51687e-08 4.16043e-08 0.55 -4.97202e-11 -5.74217e-11 -5.8949e-09 1 -2.53701e-07 9.10065e-07 0.55 -2.53709e-08 1.16388e-08 0.871734 0.489979 0.100853 -0.153866 8.50736e-06 0.00150112 0.000975169 0.905218 1.15854e-05 3.3899e-07 -1.89939e-10 6.25214e-10 1.47164e-09 -4.2547e-05
120.703 8.97531e-09 -8.31069e-09 0.55 1.11627e-11 9.64588e-12 1.49778e-09 1 6.70241e-08 -1.99687e-07 0.55 3.92681e-09 -4.23533e-09 0.899989 0.435913 0.000380517 0.0129003 -3.69675e-05 -0.00036941 -7.00022e-05 -0.1745 -1.47216e-06 8.42543e-07 5.18522e-10 -5.04992e-09 -1.21543e-08 8.66233e-06
121.338 2.52799e-09 -1.46356e-09 0.55 1.53753e-12 -3.49032e-13 4.20099e-10 1 2.0781e-08 -4.60283e-08 0.55 -8.76869e-10 -1.25827e-09 0.923652 0.383233 0.00697941 0.010162 -4.83662e-07 -6.30666e-05 9.87061e-05 -0.00760397 -1.34034e-07 7.55317e-07 2.39784e-11 6.8654e-11 2.34401e-09 4.59767e-07
121.991 -1.60765e-08 9.0904e-09 0.55 -6.68981e-12 -2.44287e-11 -2.6662e-09 1 -2.07288e-07 2.17789e-07 0.55 -9.75368e-09 5.88991e-11 0.945079 0.326842 0.0694815 -0.0420603 -1.89449e-06 0.000208494 0.000590934 0.301398 4.98185e-06 6.80668e-07 -5.13603e-10 -9.30515e-09 -1.69597e-08 -1.34106e-05
122.641 7.30397e-09 -3.70146e-09 0.55 9.24575e-12 6.34663e-12 1.20876e-09 1 9.23016e-08 -1.06957e-07 0.55 2.66451e-09 -4.64345e-09 0.968772 0.247953 0.00613236 0.0267006 -1.05349e-05 -0.000365096 -5.44307e-05 -0.109093 -9.72684e-07 1.79006e-06 4.51855e-11 -2.19739e-09 -7.53673e-09 5.48808e-06
123.343 3.78771e-08 -1.16042e-08 0.55 1.41641e-11 4.90503e-11 6.25658e-09 1 6.0847e-07 -2.97317e-07 0.55 1.9798e-08 -4.20212e-09 0.985209 0.171355 -0.12263 0.0546575 2.14797e-08 -0.00052188 -0.00117884 -0.662924 -8.44499e-06 5.96058e-07 9.4703e-13 2.78183e-12 3.03557e-12 3.07654e-05
124.033 4.14983e-08 -1.18783e-08 0.55 1.34123e-11 5.42471e-11 6.8536e-09 1 6.76077e-07 -3.02834e-07 0.55 2.18799e-08 -3.61797e-09 0.986767 0.162145 -0.103621 0.039002 -5.76793e-06 -0.000477034 -0.00131261 -0.757212 -8.31045e-06 2.37458e-07 2.15651e-10 1.17867e-10 -1.63976e-08 3.56472e-05
124.672 2.04577e-08 -8.44901e-09 0.55 1.45179e-11 2.45841e-11 3.38266e-09 1 2.97201e-07 -2.26933e-07 0.55 1.01183e-08 -5.85309e-09 0.975358 0.220628 -0.101011 0.0897453 5.60083e-06 -0.000600945 -0.000637465 -0.29366 -1.93442e-06 1.86098e-06 1.24282e-09 1.49355e-10 -4.15299e-08 1.75417e-05
125.364 -3.28149e-09 4.43702e-10 0.55 8.06136e-12 -6.41006e-12 -5.42938e-10 1 -6.43209e-08 3.85311e-09 0.55 -1.29238e-09 -5.30816e-09 0.947842 0.318742 0.216122 -0.117544 -9.74106e-05 -0.000247697 0.000418562 -0.0769496 6.58612e-08 2.64308e-06 -6.31113e-11 2.03257e-10 -2.04067e-09 -2.32449e-07
126.046 -1.81119e-09 4.6595e-10 0.55 4.44e-12 -8.08394e-12 -3.00907e-10 1 -4.24164e-08 1.08777e-09 0.55 -2.9063e-09 -4.11394e-09 0.909958 0.4147 0.0328353 0.0205731 1.69931e-07 -0.000215 0.000299585 0.0378287 2.72997e-06 2.22731e-06 6.87114e-09 -2.38648e-09 -3.44993e-08 -7.79187e-07
126.729 2.47599e-09 -4.69684e-09 0.55 1.01931e-11 -2.26154e-12 4.16801e-10 1 -1.58122e-08 -1.09797e-07 0.55 7.18434e-12 -6.06877e-09 0.862847 0.505466 0.145921 -0.100897 -0.000131514 -0.00035202 0.000338148 -0.0375515 -2.62129e-05 6.47813e-07 -2.42177e-08 -2.10842e-08 3.89005e-07 -1.1312e-05
127.409 -1.79081e-09 1.04375e-09 0.55 3.22206e-12 -1.09264e-11 -3.01774e-10 1 -4.83366e-08 1.60213e-08 0.55 -3.31812e-09 -5.19912e-09 0.802518 0.596628 0.0446169 0.0172905 7.11883e-08 -0.000175353 0.000424579 -0.00397503 1.00867e-05 1.36113e-06 2.4539e-09 -2.55705e-08 -1.68261e-07 2.05654e-05
128.107 -1.733e-09 1.07485e-08 0.55 -1.31363e-11 -1.12455e-11 -2.94977e-10 1 -3.9556e-08 2.06015e-07 0.55 -7.49944e-09 -2.43622e-10 0.730532 0.682878 0.0404811 0.0528792 1.06273e-05 0.000182887 0.000396025 0.33057 8.79205e-07 2.73776e-06 -5.79983e-11 2.67235e-09 1.97662e-08 -8.4745e-06
128.761 1.30548e-09 1.5637e-08 0.55 -2.27921e-11 -7.41256e-13 2.24663e-10 1 -1.67116e-08 3.02901e-07 0.55 -8.43411e-09 5.22051e-09 0.667862 0.744285 0.0163168 -0.113786 5.11389e-05 0.000601031 0.000161548 0.297819 5.43282e-06 1.60106e-06 -1.29622e-09 2.60219e-09 -2.31399e-08 -1.38697e-05
129.432 4.04707e-09 1.49925e-08 0.55 -1.95789e-11 7.30412e-12 6.89468e-10 1 7.49039e-09 2.9472e-07 0.55 -5.89262e-09 6.26818e-09 0.622271 0.782802 -0.0206031 -0.212991 6.07643e-05 0.000658647 -0.000100747 0.184937 7.9008e-06 1.13173e-06 -6.64056e-10 9.81831e-09 -6.60006e-08 -8.04491e-06
130.146 3.08021e-09 8.36479e-09 0.55 -1.05584e-11 6.04438e-12 5.22941e-10 1 1.10486e-08 1.66365e-07 0.55 -2.95271e-09 3.97338e-09 0.597028 0.80222 -0.0045457 -0.0013223 -9.54388e-06 0.000273093 -5.74235e-05 0.207094 1.46633e-06 -9.091e-08 -4.15057e-11 -2.66935e-09 1.21708e-08 -1.03855e-05
130.825 -3.58883e-10 4.25486e-08 0.55 -2.40061e-10 8.65873e-11 -5.2981e-08 1 1.3958e-06 4.91467e-06 0.55 -9.424e-08 1.27865e-07 0.587488 0.809233 -2.44747 -5.93131 0.00210304 0.0106335 -0.00443738 -0.542684 1.70055e-05 -1.43052e-05 -1.7018e-09 -2.02464e-07 1.63809e-07 -0.0002662
131.447 -1.14527e-09 -2.89424e-09 0.55 3.54729e-12 -2.29603e-12 -1.94264e-10 1 -4.71642e-09 -5.77297e-08 0.55 9.4448e-10 -1.40613e-09 0.591034 0.806646 0.00638218 0.0191202 -5.65095e-06 -0.000104446 3.66049e-05 -0.0475957 -9.58525e-07 1.08361e-08 1.95573e-10 6.60794e-11 3.95579e-09 2.3263e-06
132.12 -9.59752e-10 -2.42893e-09 0.55 3.00395e-12 -1.93346e-12 -1.62798e-10 1 -3.95271e-09 -4.8441e-08 0.55 8.02804e-10 -1.19347e-09 0.591053 0.806633 0.00294229 0.00924703 3.80113e-11 -8.86764e-05 2.7987e-05 -0.0447994 -6.06744e-07 2.02314e-09 -2.1344e-15 -1.77509e-14 -6.99368e-13 2.21038e-06
132.791 -6.3524e-09 2.84435e-08 0.55 -9.25495e-11 3.7039e-11 -5.81953e-08 1 1.48581e-06 4.95974e-06 0.55 -3.73941e-08 5.1162e-08 0.587485 0.809235 -0.160217 0.501988 -0.000554876 -0.0012158 0.000462306 3.58979 1.08102e-05 -1.00062e-05 -1.03819e-09 -1.41699e-07 1.22531e-07 -0.000184501
133.451 -6.25167e-10 -1.55814e-09 0.55 1.92331e-12 -1.25212e-12 -1.06022e-10 1 -2.58565e-09 -3.11106e-08 0.55 5.15451e-10 -7.66635e-10 0.589435 0.807816 0.00188073 0.00587397 9.92371e-13 -5.63316e-05 1.78909e-05 -0.0284713 -3.85644e-07 3.96901e-10 -1.06792e-15 -1.38495e-14 -5.33299e-13 1.4049e-06
