538.759 1.12555e-12 -5.62078e-13 0.55 2.1722e-15 8.52351e-16 1.86057e-13 1 -3.48378e-05 -6.542e-05 0.55 4.33035e-13 -1.06784e-12 0.970219 0.24223 -3.74704e-07 8.76282e-06 -1.24746e-11 -8.22133e-08 -4.53098e-09 -2.10151e-05 -2.78213e-10 2.52137e-10 -8.86547e-16 3.69525e-17 -6.07315e-16 1.01353e-09
539.583 4.2232e-12 -2.1089e-12 0.55 4.57704e-15 4.90641e-15 6.98112e-13 1 -4.05082e-05 -7.60704e-05 0.55 2.13597e-12 -1.63991e-12 0.97022 0.242224 -1.04163e-05 1.54413e-05 -1.41421e-11 -1.45707e-07 -1.01017e-07 -8.01451e-05 -1.02839e-09 2.91819e-10 -8.08874e-16 3.72541e-17 -1.35522e-15 3.74529e-09
540.435 3.36954e-13 -1.68254e-13 0.55 2.01571e-15 -3.96789e-16 5.56996e-14 1 -4.53926e-05 -8.52405e-05 0.55 -6.5182e-14 -1.22378e-12 0.970219 0.242229 3.04902e-06 9.42867e-06 -3.28541e-11 -8.81504e-08 2.80552e-08 -7.33002e-06 -1.08763e-10 3.25247e-10 3.9858e-16 9.26455e-17 5.14866e-17 3.9594e-10
541.246 -3.31124e-12 1.65359e-12 0.55 -4.26891e-16 -5.35736e-15 -5.47362e-13 1 -4.90138e-05 -9.20378e-05 0.55 -2.12636e-12 -8.07997e-13 0.970217 0.242236 1.57878e-05 3.48939e-06 4.87754e-12 -3.13733e-08 1.5019e-07 6.20931e-05 7.6851e-10 3.49483e-10 -1.84486e-15 -2.33513e-17 1.07241e-15 -2.79867e-09
542.102 -1.49684e-12 7.47485e-13 0.55 9.52399e-16 -2.96895e-15 -2.47434e-13 1 -5.16622e-05 -9.70118e-05 0.55 -1.12481e-12 -1.12377e-12 0.970218 0.242234 1.01194e-05 7.11194e-06 3.5892e-12 -6.58358e-08 9.57338e-08 2.90333e-05 3.38255e-10 3.67705e-10 8.95137e-16 5.13643e-17 3.08775e-16 -1.23173e-09
542.956 2.07419e-12 -1.03578e-12 0.55 3.52387e-15 1.80042e-15 3.42872e-13 1 -5.30436e-05 -9.96089e-05 0.55 8.66986e-13 -1.65033e-12 0.970219 0.242228 -1.97416e-06 1.38566e-05 2.47847e-11 -1.30138e-07 -2.03305e-08 -3.93144e-05 -5.16002e-10 3.77097e-10 6.83627e-16 -1.04362e-16 -7.62465e-16 1.87904e-09
543.807 1.611e-12 -8.04495e-13 0.55 3.19463e-15 1.17969e-15 2.66305e-13 1 -5.31383e-05 -9.97866e-05 0.55 6.07981e-13 -1.58485e-12 0.970219 0.242228 -4.8012e-07 1.30501e-05 -2.05336e-11 -1.22424e-07 -5.99593e-09 -3.09298e-05 -4.17027e-10 3.76766e-10 1.95374e-15 -2.68619e-17 -4.69174e-16 1.51863e-09
544.651 -1.30692e-12 6.52617e-13 0.55 1.08185e-15 -2.71188e-15 -2.16039e-13 1 -5.19694e-05 -9.75894e-05 0.55 -1.01789e-12 -1.14691e-12 0.970218 0.242232 9.22788e-06 7.56673e-06 -1.38283e-11 -7.01678e-08 8.7184e-08 2.40883e-05 2.86781e-10 3.66997e-10 1.66765e-15 1.36988e-17 4.5939e-16 -1.04429e-09
545.51 -1.77351e-12 8.85653e-13 0.55 6.51821e-16 -3.28999e-15 -2.93168e-13 1 -4.95205e-05 -9.29902e-05 0.55 -1.26462e-12 -1.01589e-12 0.970218 0.242234 1.06415e-05 6.1913e-06 -4.63789e-11 -5.71337e-08 1.0081e-07 3.33766e-05 4.05197e-10 3.48595e-10 1.70682e-15 1.22484e-16 4.92731e-16 -1.47559e-09
546.345 3.86161e-13 -1.92818e-13 0.55 2.03604e-15 -3.23894e-16 6.38337e-14 1 -4.59826e-05 -8.6348e-05 0.55 -3.55948e-14 -1.22113e-12 0.970219 0.242231 3.0742e-06 9.34558e-06 2.99417e-11 -8.74001e-08 2.83053e-08 -7.03807e-06 -1.1123e-10 3.22839e-10 -8.8587e-16 -1.3022e-17 -2.22325e-16 4.05e-10
547.177 1.42036e-12 -7.09294e-13 0.55 2.58524e-15 1.15059e-15 2.34792e-13 1 -4.14078e-05 -7.7758e-05 0.55 5.6904e-13 -1.24408e-12 0.970219 0.242229 -9.55751e-07 1.03611e-05 2.74701e-12 -9.72566e-08 -1.02395e-08 -2.71004e-05 -3.57152e-10 2.90104e-10 4.97503e-16 -2.32209e-17 -4.69532e-16 1.30069e-09
548.001 8.64336e-14 -4.31322e-14 0.55 1.42715e-15 -5.36726e-16 1.42877e-14 1 -3.59504e-05 -6.75093e-05 0.55 -1.46817e-13 -9.16663e-13 0.970219 0.24223 3.01464e-06 6.89855e-06 -2.98062e-11 -6.4427e-08 2.79996e-08 -1.90519e-06 -3.63799e-11 2.50216e-10 -8.69801e-18 8.1275e-17 1.8591e-17 1.32577e-10
548.836 -1.18836e-12 5.93414e-13 0.55 2.7742e-16 -2.12838e-15 -1.96441e-13 1 -2.96088e-05 -5.56e-05 0.55 -8.24578e-13 -5.75181e-13 0.970218 0.242233 6.72078e-06 3.37992e-06 1.40103e-11 -3.1129e-08 6.37303e-08 2.2254e-05 2.71514e-10 2.04551e-10 -1.57553e-15 -3.79703e-17 3.74662e-16 -9.88872e-10
549.675 -5.19689e-13 2.59515e-13 0.55 4.74515e-16 -1.09932e-15 -8.5907e-14 1 -2.25641e-05 -4.23714e-05 0.55 -4.10929e-13 -4.85377e-13 0.970218 0.242232 3.86749e-06 3.20052e-06 -1.52058e-11 -2.96783e-08 3.65343e-08 1.00377e-05 1.15099e-10 1.53989e-10 -5.9721e-16 2.0782e-18 1.0601e-16 -4.19301e-10
550.538 7.45387e-13 -3.7223e-13 0.55 1.06523e-15 7.43032e-16 1.23216e-13 1 -1.47898e-05 -2.7773e-05 0.55 3.40212e-13 -4.59911e-13 0.970219 0.24223 -1.19875e-06 3.99384e-06 -1.99445e-11 -3.75513e-08 -1.18685e-08 -1.41207e-05 -1.83504e-10 9.88457e-11 1.55136e-15 5.77132e-17 -2.71821e-16 6.68385e-10
551.363 5.963e-13 -2.9779e-13 0.55 6.58325e-16 6.86847e-16 9.8571e-14 1 -7.03377e-06 -1.32084e-05 0.55 2.99739e-13 -2.3958e-13 0.970219 0.24223 -1.45268e-06 2.2648e-06 1.18809e-11 -2.13707e-08 -1.40987e-08 -1.14295e-05 -1.46736e-10 4.39737e-11 -1.70778e-15 -3.64701e-17 -1.64993e-16 5.34573e-10
552.169 -3.77249e-13 1.88488e-13 0.55 -1.09806e-15 -4.82722e-17 -6.2361e-14 1 -1.44768e-07 -2.71836e-07 0.55 -4.97919e-14 5.42754e-13 0.970219 0.242231 1.26427e-06 -5.93229e-07 -4.33409e-06 1.31174e-05 -6.54651e-06 6.90901e-06 8.73319e-11 8.36108e-12 2.26069e-10 6.4893e-10 -9.37383e-12 -3.18001e-10
552.887 -6.72346e-13 3.35731e-13 0.55 -4.00162e-16 -9.37973e-16 -1.11142e-13 1 -1.72467e-06 -3.23861e-06 0.55 -3.86878e-13 4.35007e-14 0.970218 0.242232 2.45407e-06 -8.44307e-07 -1.67535e-11 8.13678e-09 2.34946e-08 1.27206e-05 1.60249e-10 1.34977e-11 8.55816e-16 5.08889e-17 2.03124e-16 -5.83779e-10
553.047 -6.09375e-13 3.04312e-13 0.55 -3.42164e-16 -8.59911e-16 -1.00732e-13 1 -2.07318e-06 -3.89305e-06 0.55 -3.53568e-13 2.58684e-14 0.970218 0.242232 2.27769e-06 -6.65564e-07 -1.31362e-11 6.44339e-09 2.17932e-08 1.15454e-05 1.45261e-10 1.60042e-11 7.36463e-16 3.61032e-17 1.77368e-16 -5.29177e-10
