93.446 3.10609e-13 1.82049e-13 0.55 7.60245e-16 9.91996e-16 5.13669e-14 1 3.07105e-05 -4.92168e-05 0.55 3.52413e-13 -6.43123e-13 0.961349 -0.275331 -3.93593e-06 4.38498e-06 -2.92314e-13 -4.07708e-08 -3.69378e-08 -5.86356e-06 -6.36305e-11 1.93497e-10 1.36075e-17 -1.34801e-17 -1.00546e-16 2.31758e-10
94.238 4.1527e-13 2.43389e-13 0.55 6.62988e-16 1.1278e-15 6.86751e-14 1 3.04998e-05 -4.88791e-05 0.55 4.10833e-13 -6.19272e-13 0.961349 -0.275332 -4.28031e-06 4.10632e-06 6.38618e-12 -3.81065e-08 -4.02399e-08 -8.02415e-06 -9.11196e-11 1.91712e-10 1.91913e-15 -1.56932e-17 -1.1449e-16 3.31879e-10
95.033 -6.60666e-16 -3.60822e-16 0.55 9.80733e-16 5.49403e-16 -1.09112e-16 1 2.96493e-05 -4.75161e-05 0.55 1.66875e-13 -6.67198e-13 0.961349 -0.275331 -2.81074e-06 4.81902e-06 6.99659e-12 -4.50046e-08 -2.61999e-08 1.01008e-08 1.04074e-11 1.85865e-10 -4.22288e-16 -2.25097e-17 3.49226e-17 -3.79007e-11
95.805 -2.71943e-13 -1.59345e-13 0.55 1.15861e-15 1.55658e-16 -4.49722e-14 1 2.82293e-05 -4.52406e-05 0.55 2.74683e-15 -6.78411e-13 0.96135 -0.275331 -1.75112e-06 5.15343e-06 1.58818e-11 -4.82924e-08 -1.60968e-08 5.35706e-06 7.77949e-11 1.76433e-10 1.08909e-15 6.62752e-17 1.10946e-16 -2.83351e-10
96.561 -9.09282e-14 -5.33185e-14 0.55 9.40495e-16 3.62636e-16 -1.50371e-14 1 2.63004e-05 -4.21493e-05 0.55 9.53335e-14 -6.03346e-13 0.96135 -0.275331 -2.14884e-06 4.46147e-06 -8.91993e-12 -4.17167e-08 -1.99469e-08 1.94154e-06 3.36816e-11 1.64055e-10 -8.92461e-17 2.46761e-17 2.93249e-17 -1.22692e-10
97.302 2.14422e-13 1.25622e-13 0.55 6.03873e-16 7.29233e-16 3.546e-14 1 2.39295e-05 -3.83495e-05 0.55 2.56791e-13 -4.97852e-13 0.961349 -0.275331 -2.94802e-06 3.42416e-06 3.05888e-11 -3.18671e-08 -2.7655e-08 -4.04422e-06 -4.37575e-11 1.48655e-10 -1.28784e-15 -7.56334e-17 -6.92093e-17 1.59378e-10
98.05 2.4451e-13 1.43274e-13 0.55 4.83013e-16 7.16058e-16 4.04358e-14 1 2.10991e-05 -3.38135e-05 0.55 2.57701e-13 -4.2769e-13 0.961349 -0.275332 -2.78972e-06 2.87606e-06 -5.65889e-12 -2.67118e-08 -2.62046e-08 -4.73351e-06 -5.27809e-11 1.30592e-10 1.82877e-15 1.39664e-17 -7.11573e-17 1.92258e-10
98.815 -1.86078e-17 0 0.55 5.77042e-16 3.23909e-16 -2.99179e-18 1 1.78062e-05 -2.85363e-05 0.55 9.84402e-14 -3.92686e-13 0.961349 -0.275331 -1.64713e-06 2.83993e-06 2.02624e-11 -2.65304e-08 -1.53534e-08 4.54758e-08 6.62565e-12 1.09369e-10 -1.22378e-15 -5.7653e-17 1.83442e-17 -2.41267e-11
99.566 -1.64447e-13 -9.63396e-14 0.55 5.9521e-16 3.4975e-17 -2.71952e-14 1 1.42444e-05 -2.28282e-05 0.55 -1.63087e-14 -3.38545e-13 0.96135 -0.275331 -7.60981e-07 2.60254e-06 -1.93623e-11 -2.43919e-08 -6.95401e-09 3.2315e-06 4.57718e-11 8.69919e-11 1.80051e-17 5.18492e-17 5.89571e-17 -1.66725e-10
100.35 -6.09993e-14 -3.57769e-14 0.55 3.7504e-16 9.95565e-17 -1.00877e-14 1 1.02519e-05 -1.64298e-05 0.55 2.02662e-14 -2.30493e-13 0.961349 -0.275331 -7.18711e-07 1.727e-06 2.07782e-11 -1.61736e-08 -6.64917e-09 1.23389e-06 1.90383e-11 6.15037e-11 -6.12357e-16 -5.09433e-17 1.98208e-17 -6.93616e-11
101.132 1.21386e-13 7.1082e-14 0.55 8.25293e-17 2.67229e-16 2.00741e-14 1 6.07138e-06 -9.73003e-06 0.55 1.01115e-13 -1.05355e-13 0.961349 -0.275331 -9.33274e-07 6.60591e-07 -6.13139e-11 -6.07148e-09 -8.79207e-09 -2.33379e-06 -2.76385e-11 3.5167e-11 1.32474e-15 1.68983e-16 -3.22594e-17 1.00674e-10
101.889 1.21072e-13 7.09155e-14 0.55 -5.54865e-17 1.8915e-16 2.00222e-14 1 1.91638e-06 -3.07119e-06 0.55 7.73243e-14 -1.12896e-14 0.961349 -0.275331 -5.49935e-07 -1.85124e-08 -6.25201e-12 2.47753e-10 -5.22695e-09 -2.39015e-06 -2.97858e-11 9.20079e-12 -4.80165e-16 2.62536e-17 -3.82102e-17 1.08512e-10
