327.619 1.23909e-19 0 0.55 7.42696e-24 -9.34383e-25 3.10465e-19 1 -2.77556e-17 1.38778e-17 0.55 2.4722e-24 -1.13108e-23 0.970219 0.242231 -7.79926e-16 1.16535e-14 -7.0919e-21 -3.10696e-20 -5.66399e-21 -1.48232e-15 -1.6011e-18 8.30783e-19 -3.37537e-25 5.41648e-25 -4.62155e-25 6.78383e-18
327.626 1.52289e-19 0 0.55 6.94914e-24 -4.81586e-25 3.75878e-19 1 -2.77556e-17 1.38778e-17 0.55 3.10648e-24 -1.02588e-23 0.970219 0.242231 -1.92008e-15 1.04112e-14 -4.47599e-21 -2.84266e-20 -8.29826e-21 -1.79729e-15 -1.6011e-18 8.30783e-19 -3.37537e-25 5.41648e-25 -4.62155e-25 6.78383e-18
327.634 1.78537e-19 0 0.55 6.43885e-24 -5.20792e-26 4.36371e-19 1 -2.77556e-17 1.38778e-17 0.55 3.67827e-24 -9.17753e-24 0.970219 0.242231 -1.92008e-15 1.04112e-14 -4.47599e-21 -2.84266e-20 -8.29826e-21 -1.79729e-15 -1.54154e-18 6.93141e-19 -4.05878e-25 4.6307e-25 -2.85389e-25 6.17108e-18
327.639 1.9231e-19 0 0.55 6.14114e-24 1.77958e-25 4.68111e-19 1 -2.77556e-17 1.38778e-17 0.55 3.97203e-24 -8.56346e-24 0.970219 0.242231 -2.78267e-15 9.3182e-15 -2.52042e-21 -2.60328e-20 -1.03562e-20 -2.0354e-15 -1.54154e-18 6.93141e-19 -4.05878e-25 4.6307e-25 -2.85389e-25 6.17108e-18
327.644 2.04436e-19 0 0.55 5.86019e-24 3.83405e-25 4.96055e-19 1 -2.77556e-17 1.38778e-17 0.55 4.22686e-24 -7.99392e-24 0.970219 0.242231 -2.78267e-15 9.3182e-15 -2.52042e-21 -2.60328e-20 -1.03562e-20 -2.0354e-15 -1.49921e-18 5.47304e-19 -4.50997e-25 3.75989e-25 -1.55302e-25 5.73552e-18
327.652 2.21011e-19 0 0.55 5.44524e-24 6.68975e-25 5.34249e-19 1 -2.77556e-17 1.38778e-17 0.55 4.56915e-24 -7.16879e-24 0.970219 0.242231 -3.62032e-15 8.11762e-15 -7.26141e-22 -2.3318e-20 -1.24188e-20 -2.26647e-15 -1.49921e-18 5.47304e-19 -4.50997e-25 3.75989e-25 -1.55302e-25 5.73552e-18
327.658 2.3156e-19 0 0.55 5.16109e-24 8.53776e-25 5.58556e-19 1 -2.77556e-17 1.38778e-17 0.55 4.78328e-24 -6.61403e-24 0.970219 0.242231 -3.62032e-15 8.11762e-15 -7.26141e-22 -2.3318e-20 -1.24188e-20 -2.26647e-15 -1.47807e-18 4.31908e-19 -4.61784e-25 3.04297e-25 -8.65722e-26 5.51805e-18
327.662 2.37841e-19 0 0.55 4.98401e-24 9.65002e-25 5.73028e-19 1 -2.77556e-17 1.38778e-17 0.55 4.90937e-24 -6.27227e-24 0.970219 0.242231 -4.23771e-15 7.14233e-15 4.45771e-22 -2.10321e-20 -1.39856e-20 -2.43668e-15 -1.47807e-18 4.31908e-19 -4.61784e-25 3.04297e-25 -8.65722e-26 5.51805e-18
327.67 2.48872e-19 0 0.55 4.65787e-24 1.16261e-24 5.98446e-19 1 -2.77556e-17 1.38778e-17 0.55 5.12827e-24 -5.65061e-24 0.970219 0.242231 -4.60643e-15 6.52449e-15 1.0387e-21 -1.95371e-20 -1.49424e-20 -2.53829e-15 -1.46938e-18 3.59897e-19 -4.54388e-25 2.58243e-25 -5.62399e-26 5.42867e-18
327.675 2.54873e-19 0 0.55 4.47193e-24 1.27137e-24 6.12272e-19 1 -2.77556e-17 1.38778e-17 0.55 5.24599e-24 -5.3006e-24 0.970219 0.242231 -4.60643e-15 6.52449e-15 1.0387e-21 -1.95371e-20 -1.49424e-20 -2.53829e-15 -1.46434e-18 2.99849e-19 -4.3786e-25 2.18993e-25 -3.71313e-26 5.37674e-18
327.682 2.62297e-19 0 0.55 4.23301e-24 1.40723e-24 6.29376e-19 1 -2.77556e-17 1.38778e-17 0.55 5.39028e-24 -4.85559e-24 0.970219 0.242231 -4.90584e-15 6.00479e-15 1.43262e-21 -1.82446e-20 -1.57321e-20 -2.62078e-15 -1.46434e-18 2.99849e-19 -4.3786e-25 2.18993e-25 -3.71313e-26 5.37674e-18
327.69 2.6959e-19 0 0.55 3.98815e-24 1.54215e-24 6.46177e-19 1 -2.77556e-17 1.38778e-17 0.55 5.53059e-24 -4.40502e-24 0.970219 0.242231 -4.90584e-15 6.00479e-15 1.43262e-21 -1.82446e-20 -1.57321e-20 -2.62078e-15 -1.46142e-18 2.49794e-19 -4.15275e-25 1.85617e-25 -2.49066e-26 5.34675e-18
327.698 2.75814e-19 0 0.55 3.77048e-24 1.65856e-24 6.60517e-19 1 -2.77556e-17 1.38778e-17 0.55 5.64922e-24 -4.00934e-24 0.970219 0.242231 -5.15066e-15 5.56893e-15 1.67601e-21 -1.71302e-20 -1.63871e-20 -2.68822e-15 -1.45976e-18 2.08082e-19 -3.88958e-25 1.57278e-25 -1.69397e-26 5.32962e-18
327.704 2.79886e-19 0 0.55 3.62339e-24 1.73538e-24 6.69898e-19 1 -2.77556e-17 1.38778e-17 0.55 5.72626e-24 -3.74463e-24 0.970219 0.242231 -5.35188e-15 5.20415e-15 1.8068e-21 -1.61715e-20 -1.69324e-20 -2.74364e-15 -1.45976e-18 2.08082e-19 -3.88958e-25 1.57278e-25 -1.69397e-26 5.32962e-18
327.71 2.83513e-19 0 0.55 3.48892e-24 1.80431e-24 6.78255e-19 1 -2.77556e-17 1.38778e-17 0.55 5.79452e-24 -3.50462e-24 0.970219 0.242231 -5.35188e-15 5.20415e-15 1.8068e-21 -1.61715e-20 -1.69324e-20 -2.74364e-15 -1.45882e-18 1.73327e-19 -3.60649e-25 1.3324e-25 -1.16503e-26 5.31996e-18
327.716 2.86749e-19 0 0.55 3.36604e-24 1.8662e-24 6.8571e-19 1 -2.77556e-17 1.38778e-17 0.55 5.85509e-24 -3.28701e-24 0.970219 0.242231 -5.51788e-15 4.8993e-15 1.85463e-21 -1.53478e-20 -1.73874e-20 -2.78935e-15 -1.4583e-18 1.44374e-19 -3.31628e-25 1.12865e-25 -8.07261e-27 5.31465e-18
327.725 2.90964e-19 0 0.55 3.20137e-24 1.94745e-24 6.9542e-19 1 -2.77556e-17 1.38778e-17 0.55 5.93354e-24 -2.99814e-24 0.970219 0.242231 -5.6552e-15 4.64479e-15 1.8425e-21 -1.46409e-20 -1.77679e-20 -2.82717e-15 -1.45803e-18 1.20255e-19 -3.02823e-25 9.56015e-26 -5.60475e-27 5.31184e-18
327.734 2.94524e-19 0 0.55 3.05769e-24 2.01672e-24 7.03622e-19 1 -2.77556e-17 1.38778e-17 0.55 5.99937e-24 -2.74884e-24 0.970219 0.242231 -5.6552e-15 4.64479e-15 1.8425e-21 -1.46409e-20 -1.77679e-20 -2.82717e-15 -1.45789e-18 1.00166e-19 -2.74885e-25 8.09786e-26 -3.87619e-27 5.31044e-18
327.741 2.96909e-19 0 0.55 2.95877e-24 2.06348e-24 7.09115e-19 1 -2.77556e-17 1.38778e-17 0.55 6.04322e-24 -2.57882e-24 0.970219 0.242231 -5.76901e-15 4.43246e-15 1.78818e-21 -1.40346e-20 -1.80865e-20 -2.85851e-15 -1.45789e-18 1.00166e-19 -2.74885e-25 8.09786e-26 -3.87619e-27 5.31044e-18
327.749 2.9928e-19 0 0.55 2.85792e-24 2.11033e-24 7.14577e-19 1 -2.77556e-17 1.38778e-17 0.55 6.08663e-24 -2.40696e-24 0.970219 0.242231 -5.86347e-15 4.25541e-15 1.7053e-21 -1.35149e-20 -1.83536e-20 -2.88452e-15 -1.45783e-18 8.34327e-20 -2.48256e-25 6.85946e-26 -2.64879e-27 5.30984e-18
327.756 3.01085e-19 0 0.55 2.77924e-24 2.14625e-24 7.18737e-19 1 -2.77556e-17 1.38778e-17 0.55 6.11953e-24 -2.27399e-24 0.970219 0.242231 -5.94195e-15 4.10783e-15 1.60424e-21 -1.30697e-20 -1.85776e-20 -2.90613e-15 -1.45782e-18 6.94962e-20 -2.23215e-25 5.81075e-26 -1.76942e-27 5.30967e-18
327.763 3.02672e-19 0 0.55 2.70855e-24 2.17804e-24 7.22393e-19 1 -2.77556e-17 1.38778e-17 0.55 6.14833e-24 -2.15544e-24 0.970219 0.242231 -6.00719e-15 3.98485e-15 1.49278e-21 -1.26884e-20 -1.87656e-20 -2.92409e-15 -1.45782e-18 6.94962e-20 -2.23215e-25 5.81075e-26 -1.76942e-27 5.30967e-18
327.77 3.04067e-19 0 0.55 2.64506e-24 2.20616e-24 7.25606e-19 1 -2.77556e-17 1.38778e-17 0.55 6.17353e-24 -2.04974e-24 0.970219 0.242231 -6.00719e-15 3.98485e-15 1.49278e-21 -1.26884e-20 -1.87656e-20 -2.92409e-15 -1.45782e-18 5.78889e-20 -1.9992e-25 4.9228e-26 -1.1323e-27 5.30973e-18
327.778 3.05456e-19 0 0.55 2.58037e-24 2.23436e-24 7.28806e-19 1 -2.77556e-17 1.38778e-17 0.55 6.19853e-24 -1.9429e-24 0.970219 0.242231 -6.06146e-15 3.88238e-15 1.37673e-21 -1.23619e-20 -1.89234e-20 -2.93903e-15 -1.45784e-18 4.82217e-20 -1.78443e-25 4.17054e-26 -6.7292e-28 5.30988e-18
327.785 3.06515e-19 0 0.55 2.52994e-24 2.25601e-24 7.31245e-19 1 -2.77556e-17 1.38778e-17 0.55 6.21749e-24 -1.86023e-24 0.970219 0.242231 -6.10662e-15 3.79702e-15 1.26029e-21 -1.20824e-20 -1.9056e-20 -2.95147e-15 -1.45786e-18 4.01705e-20 -1.58783e-25 3.53367e-26 -3.42431e-28 5.31008e-18
327.791 3.0732e-19 0 0.55 2.49084e-24 2.27258e-24 7.331e-19 1 -2.77556e-17 1.38778e-17 0.55 6.23187e-24 -1.79654e-24 0.970219 0.242231 -6.10662e-15 3.79702e-15 1.26029e-21 -1.20824e-20 -1.9056e-20 -2.95147e-15 -1.45786e-18 4.01705e-20 -1.58783e-25 3.53367e-26 -3.42431e-28 5.31008e-18
327.799 3.08265e-19 0 0.55 2.44401e-24 2.29214e-24 7.35277e-19 1 -2.77556e-17 1.38778e-17 0.55 6.24866e-24 -1.7208e-24 0.970219 0.242231 -6.14421e-15 3.72591e-15 1.14646e-21 -1.18432e-20 -1.91674e-20 -2.96182e-15 -1.45788e-18 3.34652e-20 -1.40905e-25 2.99439e-26 -1.05914e-28 5.31029e-18
327.807 3.09081e-19 0 0.55 2.40262e-24 2.30916e-24 7.37156e-19 1 -2.77556e-17 1.38778e-17 0.55 6.26309e-24 -1.65436e-24 0.970219 0.242231 -6.1755e-15 3.66668e-15 1.0373e-21 -1.16385e-20 -1.9261e-20 -2.97043e-15 -1.4579e-18 2.78808e-20 -1.24731e-25 2.53724e-26 6.05827e-29 5.31049e-18
327.816 3.09867e-19 0 0.55 2.36177e-24 2.32569e-24 7.38966e-19 1 -2.77556e-17 1.38778e-17 0.55 6.27692e-24 -1.58932e-24 0.970219 0.242231 -6.20155e-15 3.61735e-15 9.34169e-22 -1.14634e-20 -1.93397e-20 -2.9776e-15 -1.45791e-18 2.32299e-20 -1.10167e-25 2.15041e-26 1.75654e-28 5.31066e-18
327.825 3.10533e-19 0 0.55 2.32623e-24 2.33983e-24 7.40501e-19 1 -2.77556e-17 1.38778e-17 0.55 6.28858e-24 -1.53318e-24 0.970219 0.242231 -6.20155e-15 3.61735e-15 9.34169e-22 -1.14634e-20 -1.93397e-20 -2.9776e-15 -1.45793e-18 1.93566e-20 -9.71051e-26 1.82269e-26 2.50048e-28 5.31082e-18
327.831 3.1092e-19 0 0.55 2.30514e-24 2.3481e-24 7.41393e-19 1 -2.77556e-17 1.38778e-17 0.55 6.29533e-24 -1.5001e-24 0.970219 0.242231 -6.22324e-15 3.57626e-15 8.37863e-22 -1.13135e-20 -1.94058e-20 -2.98358e-15 -1.45793e-18 1.93566e-20 -9.71051e-26 1.82269e-26 2.50048e-28 5.31082e-18
327.836 3.11211e-19 0 0.55 2.289e-24 2.35436e-24 7.42064e-19 1 -2.77556e-17 1.38778e-17 0.55 6.30039e-24 -1.4749e-24 0.970219 0.242231 -6.2413e-15 3.54204e-15 7.48785e-22 -1.11853e-20 -1.94614e-20 -2.98855e-15 -1.45794e-18 1.61307e-20 -8.5434e-26 1.54512e-26 2.96633e-28 5.31095e-18
327.842 3.11528e-19 0 0.55 2.27121e-24 2.3612e-24 7.42793e-19 1 -2.77556e-17 1.38778e-17 0.55 6.30586e-24 -1.44726e-24 0.970219 0.242231 -6.25634e-15 3.51354e-15 6.67042e-22 -1.10757e-20 -1.95082e-20 -2.99269e-15 -1.45794e-18 1.61307e-20 -8.5434e-26 1.54512e-26 2.96633e-28 5.31095e-18
327.849 3.11855e-19 0 0.55 2.25244e-24 2.36833e-24 7.43548e-19 1 -2.77556e-17 1.38778e-17 0.55 6.31151e-24 -1.41827e-24 0.970219 0.242231 -6.25634e-15 3.51354e-15 6.67042e-22 -1.10757e-20 -1.95082e-20 -2.99269e-15 -1.45795e-18 1.34442e-20 -7.50383e-26 1.30974e-26 3.21744e-28 5.31107e-18
327.857 3.12182e-19 0 0.55 2.23334e-24 2.37548e-24 7.44301e-19 1 -2.77556e-17 1.38778e-17 0.55 6.31711e-24 -1.38895e-24 0.970219 0.242231 -6.26886e-15 3.4898e-15 5.92528e-22 -1.0982e-20 -1.95476e-20 -2.99614e-15 -1.45796e-18 1.12068e-20 -6.58043e-26 1.11041e-26 3.31439e-28 5.31117e-18
327.863 3.12398e-19 0 0.55 2.22049e-24 2.38023e-24 7.44797e-19 1 -2.77556e-17 1.38778e-17 0.55 6.32079e-24 -1.36935e-24 0.970219 0.242231 -6.26886e-15 3.4898e-15 5.92528e-22 -1.0982e-20 -1.95476e-20 -2.99614e-15 -1.45796e-18 1.12068e-20 -6.58043e-26 1.11041e-26 3.31439e-28 5.31117e-18
327.867 3.12529e-19 0 0.55 2.21257e-24 2.38314e-24 7.45099e-19 1 -2.77556e-17 1.38778e-17 0.55 6.32302e-24 -1.3573e-24 0.970219 0.242231 -6.27929e-15 3.47004e-15 5.24987e-22 -1.09018e-20 -1.95806e-20 -2.99901e-15 -1.45797e-18 9.34346e-21 -5.76228e-26 9.41293e-27 3.30256e-28 5.31125e-18
327.873 3.12708e-19 0 0.55 2.20157e-24 2.38714e-24 7.45512e-19 1 -2.77556e-17 1.38778e-17 0.55 6.32606e-24 -1.34065e-24 0.970219 0.242231 -6.28798e-15 3.45357e-15 4.64068e-22 -1.08333e-20 -1.96085e-20 -3.0014e-15 -1.45797e-18 9.34346e-21 -5.76228e-26 9.41293e-27 3.30256e-28 5.31125e-18
327.88 3.12894e-19 0 0.55 2.18997e-24 2.39131e-24 7.4594e-19 1 -2.77556e-17 1.38778e-17 0.55 6.32919e-24 -1.32318e-24 0.970219 0.242231 -6.29521e-15 3.43986e-15 4.09354e-22 -1.07746e-20 -1.96319e-20 -3.00339e-15 -1.45798e-18 7.79163e-21 -5.03909e-26 7.9826e-27 3.19455e-28 5.31132e-18
327.888 3.13079e-19 0 0.55 2.17818e-24 2.3955e-24 7.46367e-19 1 -2.77556e-17 1.38778e-17 0.55 6.3323e-24 -1.30552e-24 0.970219 0.242231 -6.30123e-15 3.42844e-15 3.60399e-22 -1.07246e-20 -1.96516e-20 -3.00505e-15 -1.45798e-18 6.49923e-21 -4.40138e-26 6.76876e-27 3.05748e-28 5.31138e-18
327.892 3.13162e-19 0 0.55 2.1728e-24 2.39738e-24 7.46558e-19 1 -2.77556e-17 1.38778e-17 0.55 6.33369e-24 -1.29751e-24 0.970219 0.242231 -6.30123e-15 3.42844e-15 3.60399e-22 -1.07246e-20 -1.96516e-20 -3.00505e-15 -1.45798e-18 6.49923e-21 -4.40138e-26 6.76876e-27 3.05748e-28 5.31138e-18
327.899 3.13293e-19 0 0.55 2.16417e-24 2.40039e-24 7.4686e-19 1 -2.77556e-17 1.38778e-17 0.55 6.33587e-24 -1.2847e-24 0.970219 0.242231 -6.3067e-15 3.41807e-15 3.1265e-22 -1.06778e-20 -1.96697e-20 -3.00656e-15 -1.45799e-18 5.3257e-21 -3.78766e-26 5.64677e-27 2.84766e-28 5.31143e-18
327.907 3.13424e-19 0 0.55 2.15539e-24 2.40341e-24 7.47162e-19 1 -2.77556e-17 1.38778e-17 0.55 6.33804e-24 -1.27174e-24 0.970219 0.242231 -6.3067e-15 3.41807e-15 3.1265e-22 -1.06778e-20 -1.96697e-20 -3.00656e-15 -1.45799e-18 4.5265e-21 -3.34631e-26 4.86765e-27 2.68203e-28 5.31146e-18
327.914 3.13524e-19 0 0.55 2.14856e-24 2.40573e-24 7.47392e-19 1 -2.77556e-17 1.38778e-17 0.55 6.33968e-24 -1.26172e-24 0.970219 0.242231 -6.31043e-15 3.41101e-15 2.77924e-22 -1.06451e-20 -1.96822e-20 -3.00758e-15 -1.458e-18 3.77997e-21 -2.91342e-26 4.12935e-27 2.46956e-28 5.3115e-18
327.923 3.13635e-19 0 0.55 2.14081e-24 2.40833e-24 7.47647e-19 1 -2.77556e-17 1.38778e-17 0.55 6.34149e-24 -1.25039e-24 0.970219 0.242231 -6.31391e-15 3.40441e-15 2.43501e-22 -1.06139e-20 -1.96939e-20 -3.00854e-15 -1.458e-18 3.77997e-21 -2.91342e-26 4.12935e-27 2.46956e-28 5.3115e-18
327.929 3.13699e-19 0 0.55 2.13621e-24 2.40985e-24 7.47796e-19 1 -2.77556e-17 1.38778e-17 0.55 6.34254e-24 -1.24372e-24 0.970219 0.242231 -6.31681e-15 3.39892e-15 2.13048e-22 -1.05871e-20 -1.97038e-20 -3.00934e-15 -1.458e-18 3.15824e-21 -2.53402e-26 3.502e-27 2.25131e-28 5.31153e-18
327.937 3.13775e-19 0 0.55 2.13071e-24 2.41165e-24 7.4797e-19 1 -1.38778e-17 1.38778e-17 0.55 6.34376e-24 -1.23578e-24 0.970219 0.242231 -6.31681e-15 3.39892e-15 2.13048e-22 -1.05871e-20 -1.97038e-20 -3.00934e-15 -1.39368e-18 1.57033e-20 9.98097e-23 7.59731e-22 5.45453e-22 4.63449e-18
327.945 7.77089e-19 0 0.55 -1.73181e-24 8.96375e-24 1.85678e-18 1 -1.38778e-17 1.38778e-17 0.55 2.39756e-23 1.26302e-23 0.970219 0.242231 -8.6571e-15 3.64843e-15 1.79399e-19 3.37256e-20 -3.99201e-20 -3.58493e-15 3.27512e-18 -1.9404e-18 4.34172e-25 9.26391e-23 -1.74024e-22 -4.33883e-17
327.952 1.42203e-18 0 0.55 -3.45954e-24 2.2632e-23 3.27246e-18 1 -1.38778e-17 1.38778e-17 0.55 3.70744e-23 1.74775e-23 0.970219 0.242231 -4.84784e-14 -4.06211e-15 3.42845e-20 1.27996e-20 -1.14738e-19 -1.34837e-14 3.27512e-18 -1.9404e-18 4.34172e-25 9.26391e-23 -1.74024e-22 -4.33883e-17
327.954 1.36158e-18 0 0.55 -4.03007e-24 2.10514e-23 3.13751e-18 1 -1.38778e-17 1.38778e-17 0.55 3.4731e-23 1.75101e-23 0.970219 0.242231 -4.84784e-14 -4.06211e-15 3.42845e-20 1.27996e-20 -1.14738e-19 -1.34837e-14 3.27512e-18 -1.9404e-18 4.34172e-25 9.26391e-23 -1.74024e-22 -4.33883e-17
327.967 8.75503e-19 0 0.55 -5.31135e-24 1.09366e-23 2.04378e-18 1 -1.38778e-17 1.38778e-17 0.55 1.97952e-23 1.48705e-23 0.970219 0.242231 -4.84784e-14 -4.06211e-15 3.42845e-20 1.27996e-20 -1.14738e-19 -1.34837e-14 -4.5849e-20 -1.41866e-18 8.79971e-25 -5.24275e-26 3.91977e-24 -9.21796e-18
327.973 7.72894e-19 0 0.55 -5.24539e-24 9.6205e-24 1.80651e-18 1 -1.38778e-17 1.38778e-17 0.55 1.70716e-23 1.39078e-23 0.970219 0.242231 -1.81839e-14 -6.25896e-15 5.59398e-21 1.70501e-20 -4.71098e-20 -6.28883e-15 -4.5849e-20 -1.41866e-18 8.79971e-25 -5.24275e-26 3.91977e-24 -9.21796e-18
327.982 6.5772e-19 0 0.55 -4.82777e-24 8.0402e-24 1.54077e-18 1 -1.38778e-17 1.38778e-17 0.55 1.40908e-23 1.22876e-23 0.970219 0.242231 -1.81839e-14 -6.25896e-15 5.59398e-21 1.70501e-20 -4.71098e-20 -6.28883e-15 -6.23767e-19 -1.19351e-18 9.90856e-25 -7.02295e-25 2.34659e-24 -3.27174e-18
327.987 6.09079e-19 0 0.55 -4.52169e-24 7.34509e-24 1.42863e-18 1 -1.38778e-17 1.38778e-17 0.55 1.28616e-23 1.13962e-23 0.970219 0.242231 -1.49829e-14 -5.45531e-15 2.21884e-21 1.48304e-20 -4.05599e-20 -5.40369e-15 -9.67215e-19 -1.00108e-18 1.01429e-24 -6.58256e-25 1.42748e-24 2.61949e-19
327.994 5.55055e-19 0 0.55 -4.05415e-24 6.55632e-24 1.30406e-18 1 -1.38778e-17 1.38778e-17 0.55 1.15264e-23 1.02023e-23 0.970219 0.242231 -1.28163e-14 -4.46015e-15 -1.2061e-22 1.22419e-20 -3.59597e-20 -4.80397e-15 -9.67215e-19 -1.00108e-18 1.01429e-24 -6.58256e-25 1.42748e-24 2.61949e-19
328 5.1864e-19 0 0.55 -3.63975e-24 6.00968e-24 1.2201e-18 1 -1.38778e-17 1.38778e-17 0.55 1.06486e-23 9.23951e-24 0.970219 0.242231 -1.28163e-14 -4.46015e-15 -1.2061e-22 1.22419e-20 -3.59597e-20 -4.80397e-15 -1.16952e-18 -8.37882e-19 1.01014e-24 -5.69851e-25 8.46486e-25 2.34343e-18
328.01 4.72435e-19 0 0.55 -2.95875e-24 5.29171e-24 1.11359e-18 1 -1.38778e-17 1.38778e-17 0.55 9.56807e-24 7.77337e-24 0.970219 0.242231 -1.13105e-14 -3.434e-15 -1.73559e-21 9.59721e-21 -3.26257e-20 -4.38723e-15 -1.2887e-18 -7.00261e-19 9.81128e-25 -4.92698e-25 5.0939e-25 3.56967e-18
328.017 4.47906e-19 0 0.55 -2.50564e-24 4.89631e-24 1.05704e-18 1 -1.38778e-17 1.38778e-17 0.55 9.01359e-24 6.85246e-24 0.970219 0.242231 -1.02289e-14 -2.46333e-15 -2.81603e-21 7.07953e-21 -3.01286e-20 -4.08821e-15 -1.35887e-18 -5.84636e-19 9.35967e-25 -4.22736e-25 3.07791e-25 4.29163e-18
328.023 4.30628e-19 0 0.55 -2.13871e-24 4.61041e-24 1.01722e-18 1 -1.38778e-17 1.38778e-17 0.55 8.63271e-24 6.13044e-24 0.970219 0.242231 -1.02289e-14 -2.46333e-15 -2.81603e-21 7.07953e-21 -3.01286e-20 -4.08821e-15 -1.35887e-18 -5.84636e-19 9.35967e-25 -4.22736e-25 3.07791e-25 4.29163e-18
328.03 4.13862e-19 0 0.55 -1.7385e-24 4.32619e-24 9.7858e-19 1 -1.38778e-17 1.38778e-17 0.55 8.27182e-24 5.36291e-24 0.970219 0.242231 -9.43024e-15 -1.58644e-15 -3.49969e-21 4.77395e-21 -2.82116e-20 -3.8676e-15 -1.40015e-18 -4.87744e-19 8.80563e-25 -3.61228e-25 1.87083e-25 4.7163e-18
328.036 4.01803e-19 0 0.55 -1.4202e-24 4.1171e-24 9.50789e-19 1 -1.38778e-17 1.38778e-17 0.55 8.01806e-24 4.76535e-24 0.970219 0.242231 -8.82541e-15 -8.15722e-16 -3.8903e-21 2.71109e-21 -2.67078e-20 -3.70065e-15 -1.42439e-18 -4.06699e-19 8.19341e-25 -3.07805e-25 1.14453e-25 4.96578e-18
328.044 3.88339e-19 0 0.55 -1.03112e-24 3.87854e-24 9.19763e-19 1 -1.38778e-17 1.38778e-17 0.55 7.74093e-24 4.04864e-24 0.970219 0.242231 -8.82541e-15 -8.15722e-16 -3.8903e-21 2.71109e-21 -2.67078e-20 -3.70065e-15 -1.42439e-18 -4.06699e-19 8.19341e-25 -3.07805e-25 1.14453e-25 4.96578e-18
328.051 3.78517e-19 0 0.55 -7.22651e-25 3.70079e-24 8.9713e-19 1 -1.38778e-17 1.38778e-17 0.55 7.54309e-24 3.49024e-24 0.970219 0.242231 -8.35726e-15 -1.5001e-16 -4.06651e-21 8.92256e-22 -2.55076e-20 -3.5715e-15 -1.43861e-18 -3.38995e-19 7.5555e-25 -2.61786e-25 7.04911e-26 5.11208e-18
328.059 3.69068e-19 0 0.55 -4.04499e-25 3.5266e-24 8.75357e-19 1 -1.38778e-17 1.38778e-17 0.55 7.35636e-24 2.92284e-24 0.970219 0.242231 -7.98835e-15 4.18478e-16 -4.0881e-21 -6.96159e-22 -2.45365e-20 -3.46978e-15 -1.44693e-18 -2.82488e-19 6.91542e-25 -2.22361e-25 4.36971e-26 5.19765e-18
328.067 3.61146e-19 0 0.55 -1.20326e-25 3.37799e-24 8.57106e-19 1 -1.38778e-17 1.38778e-17 0.55 7.20255e-24 2.42309e-24 0.970219 0.242231 -7.6935e-15 9.00228e-16 -4.00057e-21 -2.07454e-21 -2.37427e-20 -3.38851e-15 -1.45178e-18 -2.35355e-19 6.28979e-25 -1.88713e-25 2.72258e-26 5.24751e-18
328.074 3.55237e-19 0 0.55 1.02788e-25 3.2655e-24 8.43492e-19 1 -1.38778e-17 1.38778e-17 0.55 7.08948e-24 2.03534e-24 0.970219 0.242231 -7.6935e-15 9.00228e-16 -4.00057e-21 -2.07454e-21 -2.37427e-20 -3.38851e-15 -1.45178e-18 -2.35355e-19 6.28979e-25 -1.88713e-25 2.72258e-26 5.24751e-18
328.08 3.5081e-19 0 0.55 2.76635e-25 3.18025e-24 8.33291e-19 1 -1.38778e-17 1.38778e-17 0.55 7.00567e-24 1.73604e-24 0.970219 0.242231 -7.45524e-15 1.30634e-15 -3.83844e-21 -3.26552e-21 -2.30887e-20 -3.32286e-15 -1.45458e-18 -1.96059e-19 5.69005e-25 -1.60063e-25 1.70065e-26 5.27641e-18
328.087 3.46279e-19 0 0.55 4.60862e-25 3.09209e-24 8.22852e-19 1 -1.38778e-17 1.38778e-17 0.55 6.92073e-24 1.42163e-24 0.970219 0.242231 -7.45524e-15 1.30634e-15 -3.83844e-21 -3.26552e-21 -2.30887e-20 -3.32286e-15 -1.45632e-18 -1.60349e-19 5.0689e-25 -1.33494e-25 1.0098e-26 5.29423e-18
328.095 3.41814e-19 0 0.55 6.49109e-25 3.00427e-24 8.12566e-19 1 -1.38778e-17 1.38778e-17 0.55 6.83785e-24 1.1034e-24 0.970219 0.242231 -7.26113e-15 1.64744e-15 -3.62778e-21 -4.29153e-21 -2.2547e-20 -3.26938e-15 -1.45632e-18 -1.60349e-19 5.0689e-25 -1.33494e-25 1.0098e-26 5.29423e-18
328.099 3.3983e-19 0 0.55 7.35071e-25 2.96492e-24 8.07995e-19 1 -1.38778e-17 1.38778e-17 0.55 6.80128e-24 9.59143e-25 0.970219 0.242231 -7.08774e-15 1.9591e-15 -3.36318e-21 -5.25466e-21 -2.20555e-20 -3.22163e-15 -1.45712e-18 -1.36017e-19 4.59468e-25 -1.15046e-25 6.52487e-27 5.30247e-18
328.107 3.36292e-19 0 0.55 8.92152e-25 2.89421e-24 7.99845e-19 1 -1.38778e-17 1.38778e-17 0.55 6.73649e-24 6.97345e-25 0.970219 0.242231 -6.97099e-15 2.17224e-15 -3.13401e-21 -5.93087e-21 -2.17202e-20 -3.18947e-15 -1.45712e-18 -1.36017e-19 4.59468e-25 -1.15046e-25 6.52487e-27 5.30247e-18
328.112 3.34341e-19 0 0.55 9.81069e-25 2.85489e-24 7.95349e-19 1 -1.38778e-17 1.38778e-17 0.55 6.70098e-24 5.50234e-25 0.970219 0.242231 -6.97099e-15 2.17224e-15 -3.13401e-21 -5.93087e-21 -2.17202e-20 -3.18947e-15 -1.45763e-18 -1.1328e-19 4.10563e-25 -9.75107e-26 3.91722e-27 5.30774e-18
328.119 3.31901e-19 0 0.55 1.09471e-24 2.8054e-24 7.89728e-19 1 -1.38778e-17 1.38778e-17 0.55 6.65683e-24 3.63438e-25 0.970219 0.242231 -6.86277e-15 2.37189e-15 -2.87598e-21 -6.58029e-21 -2.14058e-20 -3.15967e-15 -1.45791e-18 -9.4339e-20 3.65699e-25 -8.26442e-26 2.22736e-27 5.3106e-18
328.125 3.30051e-19 0 0.55 1.18289e-24 2.76759e-24 7.85466e-19 1 -1.38778e-17 1.38778e-17 0.55 6.62353e-24 2.19471e-25 0.970219 0.242231 -6.77315e-15 2.53851e-15 -2.62161e-21 -7.13682e-21 -2.11424e-20 -3.13499e-15 -1.45805e-18 -7.85615e-20 3.24812e-25 -7.00413e-26 1.12862e-27 5.31208e-18
328.134 3.27638e-19 0 0.55 1.30086e-24 2.71786e-24 7.79907e-19 1 -1.38778e-17 1.38778e-17 0.55 6.58036e-24 2.83306e-26 0.970219 0.242231 -6.69883e-15 2.67748e-15 -2.37618e-21 -7.61348e-21 -2.09216e-20 -3.11452e-15 -1.45805e-18 -7.85615e-20 3.24812e-25 -7.00413e-26 1.12862e-27 5.31208e-18
328.14 3.2624e-19 0 0.55 1.37092e-24 2.68881e-24 7.76685e-19 1 -1.38778e-17 1.38778e-17 0.55 6.55549e-24 -8.43385e-26 0.970219 0.242231 -6.69883e-15 2.67748e-15 -2.37618e-21 -7.61348e-21 -2.09216e-20 -3.11452e-15 -1.45812e-18 -6.54199e-20 2.87758e-25 -5.93634e-26 4.11385e-28 5.31278e-18
328.148 3.24601e-19 0 0.55 1.45482e-24 2.65454e-24 7.72912e-19 1 -1.38778e-17 1.38778e-17 0.55 6.5265e-24 -2.1836e-25 0.970219 0.242231 -6.63712e-15 2.79334e-15 -2.14317e-21 -8.02157e-21 -2.07363e-20 -3.09753e-15 -1.45812e-18 -6.54199e-20 2.87758e-25 -5.93634e-26 4.11385e-28 5.31278e-18
328.149 3.24413e-19 0 0.55 1.4646e-24 2.65058e-24 7.72478e-19 1 -1.38778e-17 1.38778e-17 0.55 6.52318e-24 -2.33914e-25 0.970219 0.242231 -6.63712e-15 2.79334e-15 -2.14317e-21 -8.02157e-21 -2.07363e-20 -3.09753e-15 -1.45815e-18 -5.44742e-20 2.54342e-25 -5.03141e-26 -5.58822e-29 5.31304e-18
328.154 3.23523e-19 0 0.55 1.5113e-24 2.6318e-24 7.70426e-19 1 -1.38778e-17 1.38778e-17 0.55 6.5075e-24 -3.07978e-25 0.970219 0.242231 -6.58583e-15 2.8899e-15 -1.92477e-21 -8.37085e-21 -2.05807e-20 -3.08341e-15 -1.45815e-18 -5.44742e-20 2.54342e-25 -5.03141e-26 -5.58822e-29 5.31304e-18
328.155 3.23354e-19 0 0.55 1.52021e-24 2.62823e-24 7.70038e-19 1 -1.38778e-17 1.38778e-17 0.55 6.50454e-24 -3.22078e-25 0.970219 0.242231 -6.58583e-15 2.8899e-15 -1.92477e-21 -8.37085e-21 -2.05807e-20 -3.08341e-15 -1.45815e-18 -5.44742e-20 2.54342e-25 -5.03141e-26 -5.58822e-29 5.31304e-18
328.159 3.2271e-19 0 0.55 1.55453e-24 2.61458e-24 7.68555e-19 1 -1.38778e-17 1.38778e-17 0.55 6.49325e-24 -3.76228e-25 0.970219 0.242231 -6.58583e-15 2.8899e-15 -1.92477e-21 -8.37085e-21 -2.05807e-20 -3.08341e-15 -1.45815e-18 -5.44742e-20 2.54342e-25 -5.03141e-26 -5.58822e-29 5.31304e-18
328.163 3.22112e-19 0 0.55 1.58679e-24 2.60184e-24 7.67177e-19 1 -1.38778e-17 1.38778e-17 0.55 6.4828e-24 -4.26949e-25 0.970219 0.242231 -6.58583e-15 2.8899e-15 -1.92477e-21 -8.37085e-21 -2.05807e-20 -3.08341e-15 -1.45815e-18 -4.53579e-20 2.24337e-25 -4.26462e-26 -3.55732e-28 5.31308e-18
328.167 3.21557e-19 0 0.55 1.61712e-24 2.58997e-24 7.65898e-19 1 -1.38778e-17 1.38778e-17 0.55 6.47311e-24 -4.74459e-25 0.970219 0.242231 -6.54317e-15 2.97037e-15 -1.72215e-21 -8.66971e-21 -2.045e-20 -3.07166e-15 -1.45814e-18 -3.77652e-20 1.97492e-25 -3.61508e-26 -5.38067e-28 5.313e-18
328.173 3.20797e-19 0 0.55 1.65923e-24 2.57363e-24 7.64146e-19 1 -1.38778e-17 1.38778e-17 0.55 6.4599e-24 -5.40145e-25 0.970219 0.242231 -6.54317e-15 2.97037e-15 -1.72215e-21 -8.66971e-21 -2.045e-20 -3.07166e-15 -1.45814e-18 -3.77652e-20 1.97492e-25 -3.61508e-26 -5.38067e-28 5.313e-18
328.182 3.19802e-19 0 0.55 1.71551e-24 2.5521e-24 7.61856e-19 1 -1.38778e-17 1.38778e-17 0.55 6.44271e-24 -6.27348e-25 0.970219 0.242231 -6.50769e-15 3.0374e-15 -1.53573e-21 -8.92538e-21 -2.03401e-20 -3.06189e-15 -1.45813e-18 -3.14417e-20 1.73555e-25 -3.0645e-26 -6.45923e-28 5.31287e-18
328.192 3.18874e-19 0 0.55 1.76949e-24 2.5318e-24 7.59717e-19 1 -1.38778e-17 1.38778e-17 0.55 6.42676e-24 -7.10322e-25 0.970219 0.242231 -6.47816e-15 3.09324e-15 -1.36544e-21 -9.14406e-21 -2.02477e-20 -3.05376e-15 -1.45811e-18 -2.61752e-20 1.52277e-25 -2.59797e-26 -6.99734e-28 5.31272e-18
328.2 5.49099e-19 0 0.55 -1.7206e-24 8.33747e-24 1.33598e-18 1 0 1.38778e-17 0.55 2.29364e-23 1.44421e-23 0.970219 0.242231 -6.45358e-15 3.13976e-15 -1.21081e-21 -9.33108e-21 -2.01701e-20 -3.047e-15 4.58082e-18 -2.02261e-18 -2.5656e-23 -1.76663e-22 1.06254e-22 -5.67826e-17
328.21 1.38994e-18 0 0.55 -4.10247e-24 2.16036e-23 3.20111e-18 1 0 1.38778e-17 0.55 3.54621e-23 1.77694e-23 0.970219 0.242231 -4.3327e-14 -2.12717e-15 -3.07279e-21 4.34739e-21 -8.97588e-20 -1.30354e-14 1.93064e-18 -1.83119e-18 3.19587e-24 4.62564e-24 1.68018e-24 -2.95509e-17
328.216 1.0924e-18 0 0.55 -5.00066e-24 1.45695e-23 2.53819e-18 1 0 1.38778e-17 0.55 2.59763e-23 1.62282e-23 0.970219 0.242231 -2.83887e-14 -5.8537e-15 1.47349e-20 1.72359e-20 -6.72574e-20 -9.05283e-15 1.93064e-18 -1.83119e-18 3.19587e-24 4.62564e-24 1.68018e-24 -2.95509e-17
328.222 9.07244e-19 0 0.55 -5.3676e-24 1.136e-23 2.11705e-18 1 0 1.38778e-17 0.55 2.06382e-23 1.51876e-23 0.970219 0.242231 -2.83887e-14 -5.8537e-15 1.47349e-20 1.72359e-20 -6.72574e-20 -9.05283e-15 4.35459e-19 -1.56175e-18 5.2253e-25 -3.00588e-24 1.16154e-23 -1.41697e-17
328.231 7.51491e-19 0 0.55 -5.26286e-24 9.34704e-24 1.75705e-18 1 0 1.38778e-17 0.55 1.65047e-23 1.37279e-23 0.970219 0.242231 -2.01972e-14 -6.53625e-15 7.42483e-21 1.80699e-20 -5.08536e-20 -6.88147e-15 -3.42166e-19 -1.31482e-18 1.02185e-24 -3.61096e-25 2.74068e-24 -6.16913e-18
328.241 6.32524e-19 0 0.55 -4.73619e-24 7.68883e-24 1.48268e-18 1 0 1.38778e-17 0.55 1.3446e-23 1.19078e-23 0.970219 0.242231 -1.66182e-14 -5.94931e-15 3.46652e-21 1.63402e-20 -4.39797e-20 -5.85419e-15 -8.0056e-19 -1.10462e-18 1.04524e-24 -7.23148e-25 1.91748e-24 -1.45275e-18
328.244 6.0503e-19 0 0.55 -4.54412e-24 7.29367e-24 1.41929e-18 1 0 1.38778e-17 0.55 1.27555e-23 1.13747e-23 0.970219 0.242231 -1.66182e-14 -5.94931e-15 3.46652e-21 1.63402e-20 -4.39797e-20 -5.85419e-15 -1.07137e-18 -9.25524e-19 1.05266e-24 -6.17813e-25 1.12299e-24 1.33358e-18
328.253 5.39182e-19 0 0.55 -3.9294e-24 6.32588e-24 1.26747e-18 1 0 1.38778e-17 0.55 1.11374e-23 9.85104e-24 0.970219 0.242231 -1.39115e-14 -5.03281e-15 6.70502e-22 1.38745e-20 -3.83347e-20 -5.10733e-15 -1.07137e-18 -9.25524e-19 1.05266e-24 -6.17813e-25 1.12299e-24 1.33358e-18
328.258 5.10907e-19 0 0.55 -3.57993e-24 5.89714e-24 1.20228e-18 1 0 1.38778e-17 0.55 1.04614e-23 9.06112e-24 0.970219 0.242231 -1.2081e-14 -4.00658e-15 -1.25841e-21 1.12029e-20 -3.43726e-20 -4.60039e-15 -1.23088e-18 -7.74082e-19 1.0307e-24 -5.37054e-25 6.73079e-25 2.97479e-18
328.266 4.74595e-19 0 0.55 -3.03067e-24 5.33079e-24 1.11857e-18 1 0 1.38778e-17 0.55 9.61463e-24 7.88889e-24 0.970219 0.242231 -1.07866e-14 -2.99652e-15 -2.56561e-21 8.57678e-21 -3.14482e-20 -4.24236e-15 -1.23088e-18 -7.74082e-19 1.0307e-24 -5.37054e-25 6.73079e-25 2.97479e-18
328.273 4.49656e-19 0 0.55 -2.57177e-24 4.92913e-24 1.06108e-18 1 0 1.38778e-17 0.55 9.05008e-24 6.9569e-24 0.970219 0.242231 -1.07866e-14 -2.99652e-15 -2.56561e-21 8.57678e-21 -3.14482e-20 -4.24236e-15 -1.32484e-18 -6.46606e-19 9.89111e-25 -4.62322e-25 4.05518e-25 3.94147e-18
328.278 4.34821e-19 0 0.55 -2.26042e-24 4.68425e-24 1.02688e-18 1 0 1.38778e-17 0.55 8.72202e-24 6.34356e-24 0.970219 0.242231 -9.84513e-15 -2.06374e-15 -3.41187e-21 6.12828e-21 -2.92326e-20 -3.98218e-15 -1.38013e-18 -5.39644e-19 9.34877e-25 -3.95856e-25 2.4555e-25 4.51039e-18
328.285 4.17321e-19 0 0.55 -1.85029e-24 4.3888e-24 9.86551e-19 1 0 1.38778e-17 0.55 8.3435e-24 5.55505e-24 0.970219 0.242231 -9.14169e-15 -1.23285e-15 -3.91742e-21 3.91342e-21 -2.75139e-20 -3.78793e-15 -1.38013e-18 -5.39644e-19 9.34877e-25 -3.95856e-25 2.4555e-25 4.51039e-18
328.292 4.02853e-19 0 0.55 -1.47148e-24 4.13847e-24 9.53209e-19 1 0 1.38778e-17 0.55 8.03819e-24 4.8437e-24 0.970219 0.242231 -9.14169e-15 -1.23285e-15 -3.91742e-21 3.91342e-21 -2.75139e-20 -3.78793e-15 -1.41264e-18 -4.50093e-19 8.73101e-25 -3.37783e-25 1.49581e-25 4.84487e-18
328.3 3.89204e-19 0 0.55 -1.07685e-24 3.89664e-24 9.21757e-19 1 0 1.38778e-17 0.55 7.75702e-24 4.1178e-24 0.970219 0.242231 -8.6034e-15 -5.08975e-16 -4.17296e-21 1.9469e-21 -2.61543e-20 -3.63939e-15 -1.43173e-18 -3.75236e-19 8.07565e-25 -2.87553e-25 9.1705e-26 5.04122e-18
328.309 3.76696e-19 0 0.55 -6.79847e-25 3.6697e-24 8.92935e-19 1 0 1.38778e-17 0.55 7.50556e-24 3.4016e-24 0.970219 0.242231 -8.18316e-15 1.12696e-16 -4.24729e-21 2.21651e-22 -2.50619e-20 -3.52349e-15 -1.44291e-18 -3.12729e-19 7.41019e-25 -2.44405e-25 5.65852e-26 5.15624e-18
328.317 3.67548e-19 0 0.55 -3.65955e-25 3.50021e-24 8.71856e-19 1 0 1.38778e-17 0.55 7.32555e-24 2.84469e-24 0.970219 0.242231 -7.84973e-15 6.41538e-16 -4.1927e-21 -1.28005e-21 -2.41735e-20 -3.43157e-15 -1.44291e-18 -3.12729e-19 7.41019e-25 -2.44405e-25 5.65852e-26 5.15624e-18
328.321 3.63544e-19 0 0.55 -2.21836e-25 3.42502e-24 8.6263e-19 1 0 1.38778e-17 0.55 7.2478e-24 2.59166e-24 0.970219 0.242231 -7.84973e-15 6.41538e-16 -4.1927e-21 -1.28005e-21 -2.41735e-20 -3.43157e-15 -1.44943e-18 -2.60576e-19 6.75423e-25 -2.07512e-25 3.51082e-26 5.22341e-18
328.326 3.58997e-19 0 0.55 -5.29633e-26 3.33889e-24 8.52154e-19 1 0 1.38778e-17 0.55 7.16031e-24 2.29729e-24 0.970219 0.242231 -7.58181e-15 1.08852e-15 -4.04886e-21 -2.58026e-21 -2.34444e-20 -3.35773e-15 -1.44943e-18 -2.60576e-19 6.75423e-25 -2.07512e-25 3.51082e-26 5.22341e-18
328.334 3.52642e-19 0 0.55 1.92904e-25 3.21706e-24 8.37512e-19 1 0 1.38778e-17 0.55 7.03942e-24 1.87281e-24 0.970219 0.242231 -7.58181e-15 1.08852e-15 -4.04886e-21 -2.58026e-21 -2.34444e-20 -3.35773e-15 -1.45377e-18 -2.09296e-19 5.99847e-25 -1.70358e-25 1.98861e-26 5.26803e-18
328.347 3.4428e-19 0 0.55 5.35303e-25 3.05406e-24 8.18248e-19 1 0 1.38778e-17 0.55 6.88286e-24 1.28995e-24 0.970219 0.242231 -7.15532e-15 1.83682e-15 -3.55521e-21 -4.84336e-21 -2.22528e-20 -3.24024e-15 -1.45573e-18 -1.74339e-19 5.40499e-25 -1.44463e-25 1.23673e-26 5.28823e-18
328.351 3.42112e-19 0 0.55 6.2795e-25 3.01123e-24 8.13252e-19 1 0 1.38778e-17 0.55 6.84272e-24 1.13396e-24 0.970219 0.242231 -7.15532e-15 1.83682e-15 -3.55521e-21 -4.84336e-21 -2.22528e-20 -3.24024e-15 -1.45685e-18 -1.45208e-19 4.85e-25 -1.22469e-25 7.6239e-27 5.29976e-18
328.359 3.38249e-19 0 0.55 7.97295e-25 2.93434e-24 8.04352e-19 1 0 1.38778e-17 0.55 6.7717e-24 8.50831e-25 0.970219 0.242231 -7.01495e-15 2.09165e-15 -3.29315e-21 -5.64767e-21 -2.1851e-20 -3.20158e-15 -1.45748e-18 -1.20937e-19 4.33612e-25 -1.03808e-25 4.59882e-27 5.30624e-18
328.366 3.35323e-19 0 0.55 9.29541e-25 2.87554e-24 7.97611e-19 1 0 1.38778e-17 0.55 6.71833e-24 6.31617e-25 0.970219 0.242231 -6.89911e-15 2.3046e-15 -3.02552e-21 -6.33763e-21 -2.15153e-20 -3.16968e-15 -1.45748e-18 -1.20937e-19 4.33612e-25 -1.03808e-25 4.59882e-27 5.30624e-18
328.374 3.32423e-19 0 0.55 1.0644e-24 2.81673e-24 7.9093e-19 1 0 1.38778e-17 0.55 6.6658e-24 4.09895e-25 0.970219 0.242231 -6.89911e-15 2.3046e-15 -3.02552e-21 -6.33763e-21 -2.15153e-20 -3.16968e-15 -1.45783e-18 -1.00717e-19 3.86412e-25 -8.79833e-26 2.64796e-27 5.3098e-18
328.383 3.29642e-19 0 0.55 1.19766e-24 2.75981e-24 7.84524e-19 1 0 1.38778e-17 0.55 6.61581e-24 1.92738e-25 0.970219 0.242231 -6.80327e-15 2.48237e-15 -2.76063e-21 -6.92903e-21 -2.12342e-20 -3.14328e-15 -1.45801e-18 -8.38745e-20 3.43353e-25 -7.45694e-26 1.38311e-27 5.31168e-18
328.386 3.28814e-19 0 0.55 1.23815e-24 2.74275e-24 7.82618e-19 1 0 1.38778e-17 0.55 6.601e-24 1.27164e-25 0.970219 0.242231 -6.72382e-15 2.63066e-15 -2.50428e-21 -7.43562e-21 -2.09987e-20 -3.12141e-15 -1.4581e-18 -6.98451e-20 3.04302e-25 -6.32004e-26 5.59944e-28 5.3126e-18
328.395 3.26592e-19 0 0.55 1.34901e-24 2.69665e-24 7.77498e-19 1 0 1.38778e-17 0.55 6.56143e-24 -5.13287e-26 0.970219 0.242231 -6.65788e-15 2.75432e-15 -2.26035e-21 -7.86939e-21 -2.0801e-20 -3.10325e-15 -1.4581e-18 -6.98451e-20 3.04302e-25 -6.32004e-26 5.59944e-28 5.3126e-18
328.405 3.24522e-19 0 0.55 1.45547e-24 2.65327e-24 7.72728e-19 1 0 1.38778e-17 0.55 6.52481e-24 -2.21162e-25 0.970219 0.242231 -6.65788e-15 2.75432e-15 -2.26035e-21 -7.86939e-21 -2.0801e-20 -3.10325e-15 -1.45814e-18 -5.816e-20 2.69058e-25 -5.35669e-26 2.75415e-29 5.31299e-18
328.413 3.2312e-19 0 0.55 1.52958e-24 2.62363e-24 7.69499e-19 1 0 1.38778e-17 0.55 6.50018e-24 -3.38391e-25 0.970219 0.242231 -6.60308e-15 2.85738e-15 -2.0313e-21 -8.24066e-21 -2.06351e-20 -3.08816e-15 -1.45815e-18 -4.84276e-20 2.37391e-25 -4.54028e-26 -3.13953e-28 5.31309e-18
328.419 3.22196e-19 0 0.55 1.57945e-24 2.60395e-24 7.67371e-19 1 0 1.38778e-17 0.55 6.48403e-24 -4.16779e-25 0.970219 0.242231 -6.55753e-15 2.94327e-15 -1.81847e-21 -8.55837e-21 -2.04957e-20 -3.07562e-15 -1.45814e-18 -4.03219e-20 2.09046e-25 -3.84871e-26 -5.2597e-28 5.31304e-18
328.427 3.21113e-19 0 0.55 1.63915e-24 2.58072e-24 7.64876e-19 1 0 1.38778e-17 0.55 6.46518e-24 -5.10024e-25 0.970219 0.242231 -6.51963e-15 3.01483e-15 -1.62243e-21 -8.83017e-21 -2.03785e-20 -3.06518e-15 -1.45814e-18 -4.03219e-20 2.09046e-25 -3.84871e-26 -5.2597e-28 5.31304e-18
328.433 3.20399e-19 0 0.55 1.67932e-24 2.56529e-24 7.63231e-19 1 0 1.38778e-17 0.55 6.45282e-24 -5.72375e-25 0.970219 0.242231 -6.51963e-15 3.01483e-15 -1.62243e-21 -8.83017e-21 -2.03785e-20 -3.06518e-15 -1.45813e-18 -3.3571e-20 1.83757e-25 -3.2625e-26 -6.52815e-28 5.31292e-18
328.44 3.1966e-19 0 0.55 1.7217e-24 2.54921e-24 7.61528e-19 1 0 1.38778e-17 0.55 6.44008e-24 -6.37796e-25 0.970219 0.242231 -6.4881e-15 3.07444e-15 -1.44317e-21 -9.06266e-21 -2.02801e-20 -3.0565e-15 -1.45812e-18 -2.79486e-20 1.61265e-25 -2.76587e-26 -7.17073e-28 5.31278e-18
328.448 3.18924e-19 0 0.55 1.76482e-24 2.53307e-24 7.59832e-19 1 0 1.38778e-17 0.55 6.42745e-24 -7.03948e-25 0.970219 0.242231 -6.46185e-15 3.1241e-15 -1.28024e-21 -9.26149e-21 -2.01973e-20 -3.04927e-15 -1.45811e-18 -2.3266e-20 1.41315e-25 -2.34508e-26 -7.39985e-28 5.31263e-18
328.457 3.18214e-19 0 0.55 1.80736e-24 2.51739e-24 7.58198e-19 1 0 1.38778e-17 0.55 6.41536e-24 -7.68731e-25 0.970219 0.242231 -6.44e-15 3.16546e-15 -1.13294e-21 -9.43151e-21 -2.01276e-20 -3.04326e-15 -1.45811e-18 -2.3266e-20 1.41315e-25 -2.34508e-26 -7.39985e-28 5.31263e-18
328.461 5.47142e-19 0 0.55 1.38072e-22 -4.66546e-23 1.33146e-18 1 -1.38778e-17 -4.16334e-17 0.55 -2.23411e-23 -2.10251e-22 0.970219 0.242231 -6.44e-15 3.16546e-15 -1.13294e-21 -9.43151e-21 -2.01276e-20 -3.04326e-15 -9.40554e-16 2.95343e-15 9.84615e-21 7.81216e-20 -2.83299e-21 -5.43975e-17
328.47 1.42698e-18 0 0.55 -4.31854e-23 4.74087e-23 3.28346e-18 1 0 -1.38778e-17 0.55 6.32844e-23 9.57823e-23 0.970219 0.242231 -4.85002e-14 -2.84361e-15 -1.195e-18 -5.13748e-19 -3.01136e-19 -1.38234e-14 -9.42935e-16 2.95362e-15 9.8316e-21 7.71926e-20 -2.63368e-21 -2.99127e-17
328.477 1.09241e-18 0 0.55 4.96013e-23 -1.27557e-23 2.53818e-18 1 -1.38778e-17 -4.16334e-17 0.55 -1.74625e-25 -7.98962e-23 0.970219 0.242231 -2.6441e-14 -6.00937e-15 -1.50333e-18 -5.11966e-19 -2.33841e-19 -8.60124e-15 -9.42935e-16 2.95362e-15 9.8316e-21 7.71926e-20 -2.63368e-21 -2.99127e-17
328.481 9.5599e-19 0 0.55 4.81053e-23 -1.50736e-23 2.22896e-18 1 -1.38778e-17 -4.16334e-17 0.55 -4.20969e-24 -7.92274e-23 0.970219 0.242231 -2.6441e-14 -6.00937e-15 -1.50333e-18 -5.11966e-19 -2.33841e-19 -8.60124e-15 -9.44341e-16 2.95389e-15 9.83017e-21 7.71482e-20 -2.64907e-21 -1.5453e-17
328.488 8.12628e-19 0 0.55 -5.43639e-23 3.67234e-23 1.89837e-18 1 0 -1.38778e-17 0.55 4.4655e-23 1.04382e-22 0.970219 0.242231 -1.98424e-14 -6.48132e-15 -1.519e-18 -5.11923e-19 -2.20719e-19 -6.77154e-15 -9.44341e-16 2.95389e-15 9.83017e-21 7.71482e-20 -2.64907e-21 -1.5453e-17
328.494 7.23644e-19 0 0.55 -5.44116e-23 3.55744e-23 1.6928e-18 1 0 -1.38778e-17 0.55 4.22998e-23 1.03583e-22 0.970219 0.242231 -1.62849e-14 -5.84594e-15 -1.5266e-18 -5.13327e-19 -2.14319e-19 -5.76266e-15 -6.8427e-16 2.46422e-15 9.83225e-21 7.71568e-20 -2.64625e-21 -7.25166e-18
328.501 6.42144e-19 0 0.55 4.73724e-23 -1.91705e-23 1.50486e-18 1 -1.38778e-17 -4.16334e-17 0.55 -1.26154e-23 -8.1292e-23 0.970219 0.242231 -1.62849e-14 -5.84594e-15 -1.5266e-18 -5.13327e-19 -2.14319e-19 -5.76266e-15 -6.8427e-16 2.46422e-15 9.83225e-21 7.71568e-20 -2.64625e-21 -7.25166e-18
328.506 5.96314e-19 0 0.55 -5.40098e-23 3.38102e-23 1.3992e-18 1 0 -1.38778e-17 0.55 3.90311e-23 1.01733e-22 0.970219 0.242231 -1.369e-14 -4.91333e-15 -1.53126e-18 -5.15103e-19 -2.09003e-19 -5.04605e-15 -6.84705e-16 2.46442e-15 9.83247e-21 7.71563e-20 -2.64725e-21 -2.77374e-18
328.512 5.51756e-19 0 0.55 -5.37178e-23 3.3172e-23 1.29646e-18 1 0 -1.38778e-17 0.55 3.7926e-23 1.00839e-22 0.970219 0.242231 -1.369e-14 -4.91333e-15 -1.53126e-18 -5.15103e-19 -2.09003e-19 -5.04605e-15 -6.84705e-16 2.46442e-15 9.83247e-21 7.71563e-20 -2.64725e-21 -2.77374e-18
328.513 5.45227e-19 0 0.55 4.79254e-23 -2.05479e-23 1.2814e-18 1 -1.38778e-17 -4.16334e-17 0.55 -1.504e-23 -8.3102e-23 0.970219 0.242231 -1.369e-14 -4.91333e-15 -1.53126e-18 -5.15103e-19 -2.09003e-19 -5.04605e-15 -6.84962e-16 2.4646e-15 9.83265e-21 7.71563e-20 -2.64802e-21 -1.30805e-19
328.519 5.10692e-19 0 0.55 4.82409e-23 -2.10564e-23 1.20178e-18 1 -1.38778e-17 -4.16334e-17 0.55 -1.58748e-23 -8.3943e-23 0.970219 0.242231 -1.19254e-14 -3.88676e-15 -1.53475e-18 -5.17156e-19 -2.05266e-19 -4.55741e-15 -6.85113e-16 2.46475e-15 9.83277e-21 7.71564e-20 -2.64845e-21 1.42608e-18
328.527 4.74406e-19 0 0.55 4.86667e-23 -2.16058e-23 1.11813e-18 1 -1.38778e-17 -4.16334e-17 0.55 -1.67297e-23 -8.49819e-23 0.970219 0.242231 -1.06741e-14 -2.88445e-15 -1.53739e-18 -5.19237e-19 -2.0251e-19 -4.21133e-15 -6.85113e-16 2.46475e-15 9.83277e-21 7.71564e-20 -2.64845e-21 1.42608e-18
328.535 4.46346e-19 0 0.55 4.90805e-23 -2.2044e-23 1.05344e-18 1 -1.38778e-17 -4.16334e-17 0.55 -1.73714e-23 -8.59228e-23 0.970219 0.242231 -9.76157e-15 -1.9628e-15 -1.53937e-18 -5.21211e-19 -2.00425e-19 -3.95916e-15 -6.85202e-16 2.46487e-15 9.83285e-21 7.71565e-20 -2.6487e-21 2.34303e-18
328.543 4.24259e-19 0 0.55 4.94711e-23 -2.23992e-23 1.00254e-18 1 -1.38778e-17 -4.16334e-17 0.55 -1.78621e-23 -8.67673e-23 0.970219 0.242231 -9.07807e-15 -1.14395e-15 -1.54085e-18 -5.23015e-19 -1.9881e-19 -3.77043e-15 -6.85255e-16 2.46498e-15 9.8329e-21 7.71565e-20 -2.64886e-21 2.88264e-18
328.548 4.12796e-19 0 0.55 -5.18912e-23 3.10373e-23 9.7613e-19 1 0 -1.38778e-17 0.55 3.46953e-23 9.65475e-23 0.970219 0.242231 -9.07807e-15 -1.14395e-15 -1.54085e-18 -5.23015e-19 -1.9881e-19 -3.77043e-15 -6.85285e-16 2.46507e-15 9.83293e-21 7.71566e-20 -2.64895e-21 3.19984e-18
328.557 3.95575e-19 0 0.55 5.0084e-23 -2.28769e-23 9.36431e-19 1 -1.38778e-17 -4.16334e-17 0.55 -1.8477e-23 -8.80294e-23 0.970219 0.242231 -8.55395e-15 -4.31746e-16 -1.54194e-18 -5.24629e-19 -1.97534e-19 -3.62581e-15 -6.85285e-16 2.46507e-15 9.83293e-21 7.71566e-20 -2.64895e-21 3.19984e-18
328.562 3.87593e-19 0 0.55 -5.13121e-23 3.06113e-23 9.18051e-19 1 0 -1.38778e-17 0.55 3.41632e-23 9.53763e-23 0.970219 0.242231 -8.55395e-15 -4.31746e-16 -1.54194e-18 -5.24629e-19 -1.97534e-19 -3.62581e-15 -6.85303e-16 2.46514e-15 9.83294e-21 7.71566e-20 -2.64901e-21 3.38602e-18
328.566 3.81852e-19 0 0.55 -5.1164e-23 3.05117e-23 9.0482e-19 1 0 -1.38778e-17 0.55 3.40451e-23 9.50851e-23 0.970219 0.242231 -8.14407e-15 1.79245e-16 -1.54273e-18 -5.26051e-19 -1.96509e-19 -3.51277e-15 -6.85303e-16 2.46514e-15 9.83294e-21 7.71566e-20 -2.64901e-21 3.38602e-18
328.571 3.7537e-19 0 0.55 5.06025e-23 -2.32268e-23 8.89874e-19 1 -1.38778e-17 -4.16334e-17 0.55 -1.8893e-23 -8.90501e-23 0.970219 0.242231 -8.14407e-15 1.79245e-16 -1.54273e-18 -5.26051e-19 -1.96509e-19 -3.51277e-15 -6.85303e-16 2.46514e-15 9.83294e-21 7.71566e-20 -2.64901e-21 3.38602e-18
328.574 3.71851e-19 0 0.55 -5.08902e-23 3.03359e-23 8.81777e-19 1 0 -1.38778e-17 0.55 3.38424e-23 9.45546e-23 0.970219 0.242231 -7.81843e-15 6.98623e-16 -1.54328e-18 -5.27293e-19 -1.95677e-19 -3.423e-15 -6.85314e-16 2.4652e-15 9.83294e-21 7.71566e-20 -2.64904e-21 3.49506e-18
328.584 3.61613e-19 0 0.55 -5.05874e-23 3.01526e-23 8.58187e-19 1 0 -1.38778e-17 0.55 3.36388e-23 9.39792e-23 0.970219 0.242231 -7.55649e-15 1.13739e-15 -1.54366e-18 -5.28371e-19 -1.94995e-19 -3.35081e-15 -6.8532e-16 2.46525e-15 9.83293e-21 7.71567e-20 -2.64906e-21 3.55871e-18
328.591 3.55622e-19 0 0.55 5.11926e-23 -2.35813e-23 8.44373e-19 1 -1.38778e-17 -4.16334e-17 0.55 -1.92849e-23 -9.01681e-23 0.970219 0.242231 -7.34381e-15 1.50646e-15 -1.5439e-18 -5.29303e-19 -1.94432e-19 -3.29222e-15 -6.85324e-16 2.4653e-15 9.83291e-21 7.71567e-20 -2.64908e-21 3.5957e-18
328.6 3.49128e-19 0 0.55 -5.01839e-23 2.9924e-23 8.29423e-19 1 0 -1.38778e-17 0.55 3.33958e-23 9.32304e-23 0.970219 0.242231 -7.34381e-15 1.50646e-15 -1.5439e-18 -5.29303e-19 -1.94432e-19 -3.29222e-15 -6.85324e-16 2.4653e-15 9.83291e-21 7.71567e-20 -2.64908e-21 3.5957e-18
328.607 3.44798e-19 0 0.55 5.15572e-23 -2.37817e-23 8.19436e-19 1 -1.38778e-17 -4.16334e-17 0.55 -1.94934e-23 -9.08369e-23 0.970219 0.242231 -7.34381e-15 1.50646e-15 -1.5439e-18 -5.29303e-19 -1.94432e-19 -3.29222e-15 -6.85326e-16 2.46534e-15 9.83289e-21 7.71567e-20 -2.64909e-21 3.62008e-18
328.608 3.44272e-19 0 0.55 -4.99767e-23 2.98309e-23 8.18241e-19 1 0 -1.38778e-17 0.55 3.33114e-23 9.28751e-23 0.970219 0.242231 -7.13906e-15 1.87158e-15 -1.54406e-18 -5.30253e-19 -1.93881e-19 -3.23582e-15 9.43221e-16 -2.95557e-15 -9.83085e-21 -7.71456e-20 2.65965e-21 7.59578e-18
328.617 3.39741e-19 0 0.55 5.17321e-23 -2.388e-23 8.0778e-19 1 -1.38778e-17 -4.16334e-17 0.55 -1.95965e-23 -9.11594e-23 0.970219 0.242231 -7.0195e-15 2.0859e-15 1.54048e-18 5.17885e-19 1.49559e-19 -3.20261e-15 9.43221e-16 -2.95557e-15 -9.83085e-21 -7.71456e-20 2.65965e-21 7.59578e-18
328.621 3.379e-19 0 0.55 5.17973e-23 -2.39149e-23 8.0354e-19 1 -1.38778e-17 -4.16334e-17 0.55 -1.96317e-23 -9.12771e-23 0.970219 0.242231 -6.9006e-15 2.29848e-15 1.54046e-18 5.17296e-19 1.49888e-19 -3.17003e-15 9.4322e-16 -2.95555e-15 -9.83088e-21 -7.71457e-20 2.65965e-21 7.60462e-18
328.63 3.34261e-19 0 0.55 -4.96262e-23 2.96453e-23 7.95173e-19 1 0 -1.38778e-17 0.55 3.31234e-23 9.22425e-23 0.970219 0.242231 -6.9006e-15 2.29848e-15 1.54046e-18 5.17296e-19 1.49888e-19 -3.17003e-15 9.43219e-16 -2.95553e-15 -9.8309e-21 -7.71457e-20 2.65964e-21 7.60959e-18
328.638 3.31504e-19 0 0.55 -4.95183e-23 2.95922e-23 7.88821e-19 1 0 -1.38778e-17 0.55 3.3072e-23 9.20537e-23 0.970219 0.242231 -6.80432e-15 2.47617e-15 1.54048e-18 5.16794e-19 1.50155e-19 -3.1435e-15 9.43219e-16 -2.95551e-15 -9.83092e-21 -7.71457e-20 2.65964e-21 7.61223e-18
328.648 3.28596e-19 0 0.55 -4.94004e-23 2.95355e-23 7.82121e-19 1 0 -1.38778e-17 0.55 3.30182e-23 9.18498e-23 0.970219 0.242231 -6.72451e-15 2.62449e-15 1.54054e-18 5.16364e-19 1.5038e-19 -3.12152e-15 9.43219e-16 -2.95551e-15 -9.83092e-21 -7.71457e-20 2.65964e-21 7.61223e-18
