1812 -9.80973e-19 0 0.55 -4.84854e-23 1.25914e-22 -5.2677e-18 1 1.38778e-17 -5.55112e-17 0.55 7.49331e-23 1.6131e-22 0.994555 -0.104212 1.43622e-12 6.56745e-14 1.27697e-18 6.52795e-19 -6.05748e-18 -5.12456e-13 -2.2559e-15 2.22055e-15 1.0228e-20 8.0502e-20 -7.85313e-20 1.80436e-14
1812.01 -3.10061e-18 0 0.55 -6.03205e-23 7.91635e-23 -8.56874e-18 1 -3.46945e-18 -5.55112e-17 0.55 7.54359e-23 9.72097e-23 0.994555 -0.104212 1.43622e-12 6.56745e-14 1.27697e-18 6.52795e-19 -6.05748e-18 -5.12456e-13 2.58969e-16 2.22398e-15 1.41463e-20 1.09588e-19 -6.88498e-20 9.35026e-20
1812.01 -3.00281e-18 0 0.55 3.15801e-23 2.77539e-22 -1.00203e-17 1 6.93889e-18 -5.55112e-17 0.55 3.10709e-22 -9.89455e-23 0.994555 -0.104212 -5.28275e-13 9.66034e-14 6.28237e-19 3.35453e-20 -3.49749e-18 1.95934e-13 2.58969e-16 2.22398e-15 1.41463e-20 1.09588e-19 -6.88498e-20 9.35026e-20
1812.01 5.84238e-18 0 0.55 7.5576e-23 -5.02738e-22 2.10468e-17 1 2.08167e-17 -5.55112e-17 0.55 -4.91268e-22 -1.54849e-22 0.994555 -0.104212 -5.28275e-13 9.66034e-14 6.28237e-19 3.35453e-20 -3.49749e-18 1.95934e-13 2.58969e-16 2.22398e-15 1.41463e-20 1.09588e-19 -6.88498e-20 9.35026e-20
1812.01 -1.33996e-18 0 0.55 -4.69638e-23 1.15695e-22 -6.0204e-18 1 2.08167e-17 -5.55112e-17 0.55 6.8498e-23 1.57792e-22 0.994555 -0.104212 -5.28275e-13 9.66034e-14 6.28237e-19 3.35453e-20 -3.49749e-18 1.95934e-13 2.58969e-16 2.22398e-15 1.41463e-20 1.09588e-19 -6.88498e-20 9.35026e-20
1812.02 -2.5431e-18 0 0.55 -5.79743e-23 8.92729e-23 -7.27929e-18 1 6.93889e-18 -5.55112e-17 0.55 9.53599e-23 8.91723e-23 0.994555 -0.104212 -5.28275e-13 9.66034e-14 6.28237e-19 3.35453e-20 -3.49749e-18 1.95934e-13 -2.32152e-15 2.23503e-15 1.03251e-20 8.11795e-20 -7.67341e-20 1.80202e-14
1812.02 6.72309e-18 0 0.55 7.51862e-23 -4.87678e-22 2.3004e-17 1 2.08167e-17 -5.55112e-17 0.55 -4.74004e-22 -1.53267e-22 0.994555 -0.104212 1.44319e-12 6.45222e-14 1.30852e-18 6.74216e-19 -6.25935e-18 -5.11698e-13 2.6044e-16 2.22421e-15 1.41422e-20 1.09556e-19 -6.89632e-20 -1.50467e-17
1812.03 -2.69815e-18 0 0.55 -5.95742e-23 8.74482e-23 -7.66591e-18 1 -3.46945e-18 -5.55112e-17 0.55 8.69332e-23 9.4607e-23 0.994555 -0.104212 1.44319e-12 6.45222e-14 1.30852e-18 6.74216e-19 -6.25935e-18 -5.11698e-13 2.6044e-16 2.22421e-15 1.41422e-20 1.09556e-19 -6.89632e-20 -1.50467e-17
1812.04 -3.0784e-18 0 0.55 -5.9058e-23 8.23514e-23 -8.49584e-18 1 6.93889e-18 -5.55112e-17 0.55 8.43974e-23 9.07766e-23 0.994555 -0.104212 -5.42355e-13 9.74749e-14 6.21196e-19 2.97188e-20 -3.52889e-18 1.92655e-13 2.62852e-16 2.22444e-15 1.41423e-20 1.09548e-19 -6.91688e-20 -3.94779e-17
1812.05 -2.213e-18 0 0.55 -5.88608e-23 9.69773e-23 -6.5716e-18 1 0 -5.55112e-17 0.55 1.0106e-22 9.15422e-23 0.994555 -0.104212 1.47122e-12 6.36466e-14 1.24441e-18 6.64037e-19 -6.21301e-18 -5.05708e-13 2.62852e-16 2.22444e-15 1.41423e-20 1.09548e-19 -6.91688e-20 -3.94779e-17
1812.05 -2.72094e-18 0 0.55 -5.94959e-23 8.69051e-23 -7.71629e-18 1 -3.46945e-18 -5.55112e-17 0.55 8.62595e-23 9.45783e-23 0.994555 -0.104212 -5.65289e-13 9.76677e-14 6.21011e-19 2.79239e-20 -3.57551e-18 1.86969e-13 -2.32707e-15 2.23433e-15 1.03214e-20 8.11525e-20 -7.71908e-20 1.8082e-14
1812.06 -3.09176e-18 0 0.55 -5.90461e-23 8.21298e-23 -8.52619e-18 1 6.93889e-18 -5.55112e-17 0.55 8.4029e-23 9.08072e-23 0.994555 -0.104212 1.48431e-12 6.40196e-14 1.33395e-18 6.84638e-19 -6.17427e-18 -5.01443e-13 2.65536e-16 2.22465e-15 1.41387e-20 1.09505e-19 -6.86103e-20 -6.70397e-17
1812.07 -2.11518e-18 0 0.55 -5.83947e-23 9.77052e-23 -6.33134e-18 1 6.93889e-18 -5.55112e-17 0.55 1.05115e-22 8.96026e-23 0.994555 -0.104212 1.48431e-12 6.40196e-14 1.33395e-18 6.84638e-19 -6.17427e-18 -5.01443e-13 2.65536e-16 2.22465e-15 1.41387e-20 1.09505e-19 -6.86103e-20 -6.70397e-17
1812.08 -2.69815e-18 0 0.55 -5.95742e-23 8.74482e-23 -7.66591e-18 1 -3.46945e-18 -5.55112e-17 0.55 8.69332e-23 9.4607e-23 0.994555 -0.104212 -5.75314e-13 9.73077e-14 5.83277e-19 1.86249e-20 -3.58787e-18 1.83903e-13 -2.26077e-15 2.21999e-15 1.02223e-20 8.04766e-20 -7.83137e-20 1.80941e-14
1812.08 -2.98753e-18 0 0.55 3.15642e-23 2.77812e-22 -9.98574e-18 1 6.93889e-18 -5.55112e-17 0.55 3.11135e-22 -9.89771e-23 0.994555 -0.104212 1.47765e-12 6.45886e-14 1.27511e-18 6.56242e-19 -5.96639e-18 -5.02821e-13 1.97878e-16 2.23895e-15 1.42369e-20 1.10215e-19 -6.70991e-20 -6.95302e-17
1812.09 6.50217e-18 0 0.55 7.57906e-23 -4.91773e-22 2.25419e-17 1 2.77556e-17 -5.55112e-17 0.55 -4.74309e-22 -1.56869e-22 0.994555 -0.104212 -5.57812e-13 9.62847e-14 6.44663e-19 4.52573e-20 -3.77148e-18 1.87458e-13 -2.25932e-15 2.2202e-15 1.02204e-20 8.04556e-20 -7.84854e-20 1.80792e-14
1812.1 -2.45207e-18 0 0.55 3.19818e-23 2.86104e-22 -8.79677e-18 1 3.46945e-18 -5.55112e-17 0.55 3.19997e-22 -9.82266e-23 0.994555 -0.104212 1.45861e-12 6.53791e-14 1.27042e-18 6.53564e-19 -6.01014e-18 -5.07051e-13 -2.25932e-15 2.2202e-15 1.02204e-20 8.04556e-20 -7.84854e-20 1.80792e-14
1812.11 -3.00281e-18 0 0.55 3.15801e-23 2.77539e-22 -1.00203e-17 1 6.93889e-18 -5.55112e-17 0.55 3.10709e-22 -9.89455e-23 0.994555 -0.104212 1.45861e-12 6.53791e-14 1.27042e-18 6.53564e-19 -6.01014e-18 -5.07051e-13 1.93146e-16 2.23849e-15 1.42336e-20 1.10171e-19 -6.71332e-20 -2.12745e-17
1812.11 -2.53225e-18 0 0.55 3.29797e-23 2.8453e-22 -8.92978e-18 1 1.04083e-17 -5.55112e-17 0.55 3.25066e-22 -1.03663e-22 0.994555 -0.104212 -5.30942e-13 9.59808e-14 6.43624e-19 4.95663e-20 -3.72459e-18 1.94855e-13 -2.2557e-15 2.22055e-15 1.02308e-20 8.05198e-20 -7.84727e-20 1.80416e-14
1812.12 -2.11518e-18 0 0.55 -5.83947e-23 9.77052e-23 -6.33134e-18 1 6.93889e-18 -5.55112e-17 0.55 1.05115e-22 8.96026e-23 0.994555 -0.104212 1.43829e-12 6.54968e-14 1.27633e-18 6.54023e-19 -6.05106e-18 -5.12153e-13 -2.2557e-15 2.22055e-15 1.02308e-20 8.05198e-20 -7.84727e-20 1.80416e-14
1812.12 -2.43341e-18 0 0.55 3.18821e-23 2.86546e-22 -8.75552e-18 1 3.46945e-18 -5.55112e-17 0.55 3.2055e-22 -9.81524e-23 0.994555 -0.104212 1.43829e-12 6.54968e-14 1.27633e-18 6.54023e-19 -6.05106e-18 -5.12153e-13 2.59053e-16 2.22399e-15 1.41461e-20 1.09586e-19 -6.88567e-20 -7.67601e-19
1812.13 -1.65924e-18 0 0.55 -4.88445e-23 1.12577e-22 -6.78283e-18 1 1.38778e-17 -5.55112e-17 0.55 5.72704e-23 1.63279e-22 0.994555 -0.104212 -5.29121e-13 9.65744e-14 6.27877e-19 3.35198e-20 -3.49936e-18 1.95737e-13 2.59053e-16 2.22399e-15 1.41461e-20 1.09586e-19 -6.88567e-20 -7.67601e-19
1812.13 -2.51313e-18 0 0.55 3.2996e-23 2.84419e-22 -8.88252e-18 1 1.04083e-17 -5.55112e-17 0.55 3.25684e-22 -1.0386e-22 0.994555 -0.104212 -5.29121e-13 9.65744e-14 6.27877e-19 3.35198e-20 -3.49936e-18 1.95737e-13 -2.3193e-15 2.23519e-15 1.03221e-20 8.11369e-20 -7.68825e-20 1.80022e-14
1812.14 6.4836e-18 0 0.55 7.48435e-23 -4.90721e-22 2.24443e-17 1 2.08167e-17 -5.55112e-17 0.55 -4.81897e-22 -1.51181e-22 0.994555 -0.104212 1.43962e-12 6.53518e-14 1.29931e-18 6.70559e-19 -6.25869e-18 -5.13084e-13 2.60354e-16 2.22421e-15 1.41424e-20 1.09563e-19 -6.89434e-20 -1.41579e-17
1812.15 -1.45781e-18 0 0.55 -4.92358e-23 1.16082e-22 -6.33802e-18 1 6.93889e-18 -5.55112e-17 0.55 6.09563e-23 1.64366e-22 0.994555 -0.104212 -5.40607e-13 9.75248e-14 6.22168e-19 2.97701e-20 -3.52474e-18 1.9303e-13 2.60354e-16 2.22421e-15 1.41424e-20 1.09563e-19 -6.89434e-20 -1.41579e-17
1812.15 5.67636e-18 0 0.55 7.3397e-23 -5.04625e-22 2.06365e-17 1 1.38778e-17 -5.55112e-17 0.55 -5.00112e-22 -1.48502e-22 0.994555 -0.104212 -5.40607e-13 9.75248e-14 6.22168e-19 2.97701e-20 -3.52474e-18 1.9303e-13 2.60354e-16 2.22421e-15 1.41424e-20 1.09563e-19 -6.89434e-20 -1.41579e-17
1812.15 -3.00281e-18 0 0.55 3.15801e-23 2.77539e-22 -1.00203e-17 1 6.93889e-18 -5.55112e-17 0.55 3.10709e-22 -9.89455e-23 0.994555 -0.104212 1.47136e-12 6.36416e-14 1.24455e-18 6.64059e-19 -6.21282e-18 -5.05659e-13 -2.32297e-15 2.2348e-15 1.02452e-20 8.04766e-20 -7.81903e-20 1.80352e-14
1812.16 -7.7625e-19 0 0.55 -4.70341e-23 1.27128e-22 -4.75844e-18 1 2.08167e-17 -5.55112e-17 0.55 8.42949e-23 1.56097e-22 0.994555 -0.104212 1.47136e-12 6.36416e-14 1.24455e-18 6.64059e-19 -6.21282e-18 -5.05659e-13 2.62983e-16 2.22445e-15 1.41437e-20 1.0955e-19 -6.91685e-20 -4.08201e-17
1812.17 -2.00024e-18 0 0.55 3.23582e-23 2.93958e-22 -7.76773e-18 1 6.93889e-18 -5.55112e-17 0.55 3.32978e-22 -1.00707e-22 0.994555 -0.104212 -5.65829e-13 9.758e-14 6.19724e-19 2.8453e-20 -3.57637e-18 1.86811e-13 2.62983e-16 2.22445e-15 1.41437e-20 1.0955e-19 -6.91685e-20 -4.08201e-17
1812.17 -1.43312e-18 0 0.55 -4.9285e-23 1.16649e-22 -6.28325e-18 1 6.93889e-18 -5.55112e-17 0.55 6.16787e-23 1.64348e-22 0.994555 -0.104212 -5.65829e-13 9.758e-14 6.19724e-19 2.8453e-20 -3.57637e-18 1.86811e-13 -2.32699e-15 2.23434e-15 1.03213e-20 8.11516e-20 -7.71927e-20 1.80812e-14
1812.18 5.85408e-18 0 0.55 7.55678e-23 -5.02559e-22 2.10735e-17 1 2.08167e-17 -5.55112e-17 0.55 -4.9095e-22 -1.54879e-22 0.994555 -0.104212 1.48383e-12 6.40036e-14 1.33371e-18 6.84628e-19 -6.17522e-18 -5.01563e-13 -2.32699e-15 2.23434e-15 1.03213e-20 8.11516e-20 -7.71927e-20 1.80812e-14
1812.18 -2.48663e-18 0 0.55 -5.78226e-23 8.85127e-23 -7.13702e-18 1 6.93889e-18 -5.55112e-17 0.55 9.68434e-23 8.86112e-23 0.994555 -0.104212 1.48383e-12 6.40036e-14 1.33371e-18 6.84628e-19 -6.17522e-18 -5.01563e-13 2.65366e-16 2.22468e-15 1.41365e-20 1.09481e-19 -6.86852e-20 -6.5319e-17
1812.19 -1.97075e-18 0 0.55 3.26075e-23 2.9481e-22 -7.7036e-18 1 6.93889e-18 -5.55112e-17 0.55 3.33871e-22 -1.01183e-22 0.994555 -0.104212 -5.80383e-13 9.77055e-14 5.82781e-19 1.66898e-20 -3.60156e-18 1.82992e-13 -2.26085e-15 2.21999e-15 1.02226e-20 8.04813e-20 -7.83e-20 1.8095e-14
1812.2 -1.45781e-18 0 0.55 -4.92358e-23 1.16082e-22 -6.33802e-18 1 6.93889e-18 -5.55112e-17 0.55 6.09563e-23 1.64366e-22 0.994555 -0.104212 1.47898e-12 6.46296e-14 1.2757e-18 6.56293e-19 -5.96329e-18 -5.02528e-13 -2.26085e-15 2.21999e-15 1.02226e-20 8.04813e-20 -7.83e-20 1.8095e-14
1812.2 5.67636e-18 0 0.55 7.3397e-23 -5.04625e-22 2.06365e-17 1 1.38778e-17 -5.55112e-17 0.55 -5.00112e-22 -1.48502e-22 0.994555 -0.104212 1.47898e-12 6.46296e-14 1.2757e-18 6.56293e-19 -5.96329e-18 -5.02528e-13 1.98572e-16 2.23882e-15 1.42312e-20 1.10174e-19 -6.71729e-20 -7.22836e-17
1812.21 -7.7625e-19 0 0.55 -4.70341e-23 1.27128e-22 -4.75844e-18 1 2.08167e-17 -5.55112e-17 0.55 8.42949e-23 1.56097e-22 0.994555 -0.104212 -5.57579e-13 9.55688e-14 6.43537e-19 4.4748e-20 -3.76811e-18 1.87632e-13 1.98572e-16 2.23882e-15 1.42312e-20 1.10174e-19 -6.71729e-20 -7.22836e-17
1812.21 -6.14272e-19 0 0.55 -4.81563e-23 1.31155e-22 -4.42102e-18 1 1.38778e-17 -5.55112e-17 0.55 8.59348e-23 1.59054e-22 0.994555 -0.104212 -5.57579e-13 9.55688e-14 6.43537e-19 4.4748e-20 -3.76811e-18 1.87632e-13 -2.25923e-15 2.22021e-15 1.02206e-20 8.04494e-20 -7.85037e-20 1.80782e-14
1812.22 -2.86493e-18 0 0.55 3.11362e-23 2.77849e-22 -9.72558e-18 1 0 -5.55112e-17 0.55 3.07997e-22 -9.53025e-23 0.994555 -0.104212 1.45693e-12 6.53197e-14 1.26904e-18 6.53644e-19 -6.01407e-18 -5.07417e-13 1.93213e-16 2.2385e-15 1.42336e-20 1.10171e-19 -6.71324e-20 -2.19622e-17
1812.23 5.85408e-18 0 0.55 7.55678e-23 -5.02559e-22 2.10735e-17 1 2.08167e-17 -5.55112e-17 0.55 -4.9095e-22 -1.54879e-22 0.994555 -0.104212 -5.31192e-13 9.59766e-14 6.43453e-19 4.95543e-20 -3.72501e-18 1.94782e-13 1.93213e-16 2.2385e-15 1.42336e-20 1.10171e-19 -6.71324e-20 -2.19622e-17
1812.23 -1.92474e-18 0 0.55 3.37018e-23 2.94353e-22 -7.57512e-18 1 1.04083e-17 -5.55112e-17 0.55 3.36826e-22 -1.04201e-22 0.994555 -0.104212 1.43622e-12 6.56745e-14 1.27697e-18 6.52795e-19 -6.05748e-18 -5.12456e-13 -2.2559e-15 2.22055e-15 1.0228e-20 8.0502e-20 -7.85313e-20 1.80436e-14
1812.24 -2.72094e-18 0 0.55 -5.94959e-23 8.69051e-23 -7.71629e-18 1 -3.46945e-18 -5.55112e-17 0.55 8.62595e-23 9.45783e-23 0.994555 -0.104212 1.43622e-12 6.56745e-14 1.27697e-18 6.52795e-19 -6.05748e-18 -5.12456e-13 2.58969e-16 2.22398e-15 1.41463e-20 1.09588e-19 -6.88498e-20 9.35026e-20
1812.25 -3.10061e-18 0 0.55 -6.03205e-23 7.91635e-23 -8.56874e-18 1 -3.46945e-18 -5.55112e-17 0.55 7.54359e-23 9.72097e-23 0.994555 -0.104212 -5.28275e-13 9.66034e-14 6.28237e-19 3.35453e-20 -3.49749e-18 1.95934e-13 2.58969e-16 2.22398e-15 1.41463e-20 1.09588e-19 -6.88498e-20 9.35026e-20
1812.26 -2.5431e-18 0 0.55 -5.79743e-23 8.92729e-23 -7.27929e-18 1 6.93889e-18 -5.55112e-17 0.55 9.53599e-23 8.91723e-23 0.994555 -0.104212 -5.28275e-13 9.66034e-14 6.28237e-19 3.35453e-20 -3.49749e-18 1.95934e-13 2.58969e-16 2.22398e-15 1.41463e-20 1.09588e-19 -6.88498e-20 9.35026e-20
1812.26 6.41856e-18 0 0.55 7.54391e-23 -4.92016e-22 2.23422e-17 1 2.77556e-17 -5.55112e-17 0.55 -4.75907e-22 -1.56082e-22 0.994555 -0.104212 1.44319e-12 6.45222e-14 1.30852e-18 6.74216e-19 -6.25935e-18 -5.11698e-13 -2.32152e-15 2.23503e-15 1.03251e-20 8.11795e-20 -7.67341e-20 1.80202e-14
1812.26 -2.00024e-18 0 0.55 3.23582e-23 2.93958e-22 -7.76773e-18 1 6.93889e-18 -5.55112e-17 0.55 3.32978e-22 -1.00707e-22 0.994555 -0.104212 1.44319e-12 6.45222e-14 1.30852e-18 6.74216e-19 -6.25935e-18 -5.11698e-13 2.6044e-16 2.22421e-15 1.41422e-20 1.09556e-19 -6.89632e-20 -1.50467e-17
1812.27 -2.86493e-18 0 0.55 3.11362e-23 2.77849e-22 -9.72558e-18 1 0 -5.55112e-17 0.55 3.07997e-22 -9.53025e-23 0.994555 -0.104212 -5.42355e-13 9.74749e-14 6.21196e-19 2.97188e-20 -3.52889e-18 1.92655e-13 -2.32292e-15 2.23481e-15 1.02452e-20 8.04768e-20 -7.81886e-20 1.80346e-14
1812.28 -2.51313e-18 0 0.55 3.2996e-23 2.84419e-22 -8.88252e-18 1 1.04083e-17 -5.55112e-17 0.55 3.25684e-22 -1.0386e-22 0.994555 -0.104212 1.47122e-12 6.36466e-14 1.24441e-18 6.64037e-19 -6.21301e-18 -5.05708e-13 -2.32292e-15 2.23481e-15 1.02452e-20 8.04768e-20 -7.81886e-20 1.80346e-14
1812.29 -1.97075e-18 0 0.55 3.26075e-23 2.9481e-22 -7.7036e-18 1 6.93889e-18 -5.55112e-17 0.55 3.33871e-22 -1.01183e-22 0.994555 -0.104212 1.01957e-14 -6.78735e-14 1.60983e-18 4.69104e-19 -7.98382e-19 6.302e-14 -2.62496e-16 -2.22256e-15 -1.26866e-20 -1.01217e-19 -8.99844e-20 7.96488e-17
1812.29 5.98012e-18 0 0.55 7.41597e-23 -5.01102e-22 2.13137e-17 1 1.38778e-17 -5.55112e-17 0.55 -4.96689e-22 -1.48097e-22 0.994555 -0.104212 1.01957e-14 -6.78735e-14 1.60983e-18 4.69104e-19 -7.98382e-19 6.302e-14 -2.62496e-16 -2.22256e-15 -1.26866e-20 -1.01217e-19 -8.99844e-20 7.96488e-17
1812.3 5.67636e-18 0 0.55 7.3397e-23 -5.04625e-22 2.06365e-17 1 1.38778e-17 -5.55112e-17 0.55 -5.00112e-22 -1.48502e-22 0.994555 -0.104212 -9.09398e-13 -9.33477e-14 -3.53118e-18 -1.16972e-18 1.05824e-17 2.57247e-13 2.32185e-15 -2.23674e-15 -1.17759e-20 -8.94792e-20 2.35617e-19 -1.80675e-14
1812.3 6.41856e-18 0 0.55 7.54391e-23 -4.92016e-22 2.23422e-17 1 2.77556e-17 -5.55112e-17 0.55 -4.75907e-22 -1.56082e-22 0.994555 -0.104212 -9.09398e-13 -9.33477e-14 -3.53118e-18 -1.16972e-18 1.05824e-17 2.57247e-13 -2.6e-16 -2.22234e-15 -1.26827e-20 -1.01196e-19 -8.99118e-20 5.39891e-17
1812.31 -2.11518e-18 0 0.55 -5.83947e-23 9.77052e-23 -6.33134e-18 1 6.93889e-18 -5.55112e-17 0.55 1.05115e-22 8.96026e-23 0.994555 -0.104212 -6.08587e-15 -6.79679e-14 1.60619e-18 4.672e-19 -8.2922e-19 5.88272e-14 -2.6e-16 -2.22234e-15 -1.26827e-20 -1.01196e-19 -8.99118e-20 5.39891e-17
1812.31 -9.69346e-19 0 0.55 -4.86126e-23 1.26173e-22 -5.24188e-18 1 1.38778e-17 -5.55112e-17 0.55 7.52765e-23 1.61449e-22 0.994555 -0.104212 -6.08587e-15 -6.79679e-14 1.60619e-18 4.672e-19 -8.2922e-19 5.88272e-14 2.32128e-15 -2.23673e-15 -1.1704e-20 -8.88167e-20 2.37287e-19 -1.80617e-14
1812.32 -3.07882e-18 0 0.55 -6.03524e-23 7.96285e-23 -8.52009e-18 1 -3.46945e-18 -5.55112e-17 0.55 7.60637e-23 9.71774e-23 0.994555 -0.104212 -9.11903e-13 -9.27097e-14 -3.47468e-18 -1.16114e-18 1.05932e-17 2.56977e-13 2.32128e-15 -2.23673e-15 -1.1704e-20 -8.88167e-20 2.37287e-19 -1.80617e-14
1812.33 -2.51313e-18 0 0.55 3.2996e-23 2.84419e-22 -8.88252e-18 1 1.04083e-17 -5.55112e-17 0.55 3.25684e-22 -1.0386e-22 0.994555 -0.104212 4.25112e-15 -6.81303e-14 1.56807e-18 4.61789e-19 -8.21251e-19 6.02703e-14 -2.587e-16 -2.22211e-15 -1.27403e-20 -1.01721e-19 -9.13359e-20 3.59142e-17
1812.33 -2.03101e-18 0 0.55 -5.80343e-23 9.98288e-23 -6.14596e-18 1 6.93889e-18 -5.55112e-17 0.55 1.07603e-22 8.87365e-23 0.994555 -0.104212 4.25112e-15 -6.81303e-14 1.56807e-18 4.61789e-19 -8.21251e-19 6.02703e-14 2.32263e-15 -2.23652e-15 -1.17075e-20 -8.88451e-20 2.37138e-19 -1.80755e-14
1812.34 -2.72094e-18 0 0.55 -5.94959e-23 8.69051e-23 -7.71629e-18 1 -3.46945e-18 -5.55112e-17 0.55 8.62595e-23 9.45783e-23 0.994555 -0.104212 -9.27136e-13 -9.1823e-14 -3.48067e-18 -1.16449e-18 1.05583e-17 2.5354e-13 2.32263e-15 -2.23652e-15 -1.17075e-20 -8.88451e-20 2.37138e-19 -1.80755e-14
1812.35 -1.67666e-18 0 0.55 -4.88241e-23 1.12244e-22 -6.82202e-18 1 1.38778e-17 -5.55112e-17 0.55 5.67787e-23 1.63311e-22 0.994555 -0.104212 3.52129e-14 -6.97982e-14 1.61479e-18 4.88487e-19 -9.83372e-19 6.8012e-14 -3.29627e-16 -2.20831e-15 -1.26616e-20 -1.01185e-19 -9.02943e-20 7.1806e-17
1812.35 -2.53225e-18 0 0.55 3.29797e-23 2.8453e-22 -8.92978e-18 1 1.04083e-17 -5.55112e-17 0.55 3.25066e-22 -1.03663e-22 0.994555 -0.104212 3.52129e-14 -6.97982e-14 1.61479e-18 4.88487e-19 -9.83372e-19 6.8012e-14 -3.29627e-16 -2.20831e-15 -1.26616e-20 -1.01185e-19 -9.02943e-20 7.1806e-17
1812.35 -2.01935e-18 0 0.55 3.33302e-23 2.92283e-22 -7.7861e-18 1 1.04083e-17 -5.55112e-17 0.55 3.3418e-22 -1.03287e-22 0.994555 -0.104212 3.52129e-14 -6.97982e-14 1.61479e-18 4.88487e-19 -9.83372e-19 6.8012e-14 2.32664e-15 -2.23623e-15 -1.17054e-20 -8.88541e-20 2.36991e-19 -1.81167e-14
1812.36 -2.43341e-18 0 0.55 3.18821e-23 2.86546e-22 -8.75552e-18 1 3.46945e-18 -5.55112e-17 0.55 3.2055e-22 -9.81524e-23 0.994555 -0.104212 -9.50411e-13 -9.27016e-14 -3.4786e-18 -1.16483e-18 1.0512e-17 2.47545e-13 2.32664e-15 -2.23623e-15 -1.17054e-20 -8.88541e-20 2.36991e-19 -1.81167e-14
1812.37 -1.43312e-18 0 0.55 -4.9285e-23 1.16649e-22 -6.28325e-18 1 6.93889e-18 -5.55112e-17 0.55 6.16787e-23 1.64348e-22 0.994555 -0.104212 1.48383e-12 6.40036e-14 1.33371e-18 6.84628e-19 -6.17522e-18 -5.01563e-13 -2.32699e-15 2.23434e-15 1.03213e-20 8.11516e-20 -7.71927e-20 1.80812e-14
1812.37 5.85408e-18 0 0.55 7.55678e-23 -5.02559e-22 2.10735e-17 1 2.08167e-17 -5.55112e-17 0.55 -4.9095e-22 -1.54879e-22 0.994555 -0.104212 1.48383e-12 6.40036e-14 1.33371e-18 6.84628e-19 -6.17522e-18 -5.01563e-13 2.65366e-16 2.22468e-15 1.41365e-20 1.09481e-19 -6.86852e-20 -6.5319e-17
1812.38 -2.03101e-18 0 0.55 -5.80343e-23 9.98288e-23 -6.14596e-18 1 6.93889e-18 -5.55112e-17 0.55 1.07603e-22 8.87365e-23 0.994555 -0.104212 -5.80383e-13 9.77055e-14 5.82781e-19 1.66898e-20 -3.60156e-18 1.82992e-13 2.65366e-16 2.22468e-15 1.41365e-20 1.09481e-19 -6.86852e-20 -6.5319e-17
1812.38 -2.213e-18 0 0.55 -5.88608e-23 9.69773e-23 -6.5716e-18 1 0 -5.55112e-17 0.55 1.0106e-22 9.15422e-23 0.994555 -0.104212 -5.80383e-13 9.77055e-14 5.82781e-19 1.66898e-20 -3.60156e-18 1.82992e-13 -2.26085e-15 2.21999e-15 1.02226e-20 8.04813e-20 -7.83e-20 1.8095e-14
1812.39 -2.88852e-18 0 0.55 3.11758e-23 2.77325e-22 -9.77808e-18 1 0 -5.55112e-17 0.55 3.07312e-22 -9.52743e-23 0.994555 -0.104212 1.47898e-12 6.46296e-14 1.2757e-18 6.56293e-19 -5.96329e-18 -5.02528e-13 -2.26085e-15 2.21999e-15 1.02226e-20 8.04813e-20 -7.83e-20 1.8095e-14
1812.4 -1.33996e-18 0 0.55 -4.69638e-23 1.15695e-22 -6.0204e-18 1 2.08167e-17 -5.55112e-17 0.55 6.8498e-23 1.57792e-22 0.994555 -0.104212 -5.57579e-13 9.55688e-14 6.43537e-19 4.4748e-20 -3.76811e-18 1.87632e-13 1.98572e-16 2.23882e-15 1.42312e-20 1.10174e-19 -6.71729e-20 -7.22836e-17
1812.4 -6.14272e-19 0 0.55 -4.81563e-23 1.31155e-22 -4.42102e-18 1 1.38778e-17 -5.55112e-17 0.55 8.59348e-23 1.59054e-22 0.994555 -0.104212 -5.57579e-13 9.55688e-14 6.43537e-19 4.4748e-20 -3.76811e-18 1.87632e-13 -2.25923e-15 2.22021e-15 1.02206e-20 8.04494e-20 -7.85037e-20 1.80782e-14
1812.41 6.00472e-18 0 0.55 7.40978e-23 -5.00524e-22 2.13682e-17 1 1.38778e-17 -5.55112e-17 0.55 -4.95965e-22 -1.48098e-22 0.994555 -0.104212 1.45693e-12 6.53197e-14 1.26904e-18 6.53644e-19 -6.01407e-18 -5.07417e-13 -2.25923e-15 2.22021e-15 1.02206e-20 8.04494e-20 -7.85037e-20 1.80782e-14
1812.42 5.69601e-18 0 0.55 7.33713e-23 -5.04227e-22 2.06806e-17 1 1.38778e-17 -5.55112e-17 0.55 -4.99552e-22 -1.48535e-22 0.994555 -0.104212 3.50277e-14 -6.97974e-14 1.61464e-18 4.8847e-19 -9.83645e-19 6.79536e-14 -3.29565e-16 -2.2083e-15 -1.26616e-20 -1.01185e-19 -9.02929e-20 7.11694e-17
1812.42 -1.32966e-18 0 0.55 -4.69687e-23 1.1584e-22 -5.99678e-18 1 2.08167e-17 -5.55112e-17 0.55 6.87754e-23 1.57762e-22 0.994555 -0.104212 3.50277e-14 -6.97974e-14 1.61464e-18 4.8847e-19 -9.83645e-19 6.79536e-14 -3.29565e-16 -2.2083e-15 -1.26616e-20 -1.01185e-19 -9.02929e-20 7.11694e-17
1812.42 -6.80748e-19 0 0.55 -4.66564e-23 1.28564e-22 -4.53997e-18 1 2.08167e-17 -5.55112e-17 0.55 8.66083e-23 1.55207e-22 0.994555 -0.104212 -9.50998e-13 -9.25805e-14 -3.47765e-18 -1.16571e-18 1.05098e-17 2.47501e-13 2.32648e-15 -2.23624e-15 -1.17075e-20 -8.88632e-20 2.36968e-19 -1.81151e-14
1812.43 -9.80973e-19 0 0.55 -4.84854e-23 1.25914e-22 -5.2677e-18 1 1.38778e-17 -5.55112e-17 0.55 7.49331e-23 1.6131e-22 0.994555 -0.104212 -9.50998e-13 -9.25805e-14 -3.47765e-18 -1.16571e-18 1.05098e-17 2.47501e-13 2.32648e-15 -2.23624e-15 -1.17075e-20 -8.88632e-20 2.36968e-19 -1.81151e-14
1812.43 -2.45207e-18 0 0.55 3.19818e-23 2.86104e-22 -8.79677e-18 1 3.46945e-18 -5.55112e-17 0.55 3.19997e-22 -9.82266e-23 0.994555 -0.104212 4.25389e-14 -6.87085e-14 1.61928e-18 4.75721e-19 -7.31275e-19 7.04935e-14 -2.66369e-16 -2.22288e-15 -1.26782e-20 -1.01153e-19 -8.97811e-20 1.15136e-16
1812.44 -3.00281e-18 0 0.55 3.15801e-23 2.77539e-22 -1.00203e-17 1 6.93889e-18 -5.55112e-17 0.55 3.10709e-22 -9.89455e-23 0.994555 -0.104212 4.25389e-14 -6.87085e-14 1.61928e-18 4.75721e-19 -7.31275e-19 7.04935e-14 -2.66369e-16 -2.22288e-15 -1.26782e-20 -1.01153e-19 -8.97811e-20 1.15136e-16
1812.45 6.41856e-18 0 0.55 7.54391e-23 -4.92016e-22 2.23422e-17 1 2.77556e-17 -5.55112e-17 0.55 -4.75907e-22 -1.56082e-22 0.994555 -0.104212 -9.52831e-13 -9.32964e-14 -3.53389e-18 -1.17494e-18 1.04959e-17 2.46112e-13 2.32921e-15 -2.23606e-15 -1.17753e-20 -8.94793e-20 2.35424e-19 -1.81431e-14
1812.45 -2.00024e-18 0 0.55 3.23582e-23 2.93958e-22 -7.76773e-18 1 6.93889e-18 -5.55112e-17 0.55 3.32978e-22 -1.00707e-22 0.994555 -0.104212 -9.52831e-13 -9.32964e-14 -3.53389e-18 -1.17494e-18 1.04959e-17 2.46112e-13 -2.64197e-16 -2.22278e-15 -1.26872e-20 -1.01214e-19 -8.99084e-20 9.71827e-17
1812.46 -1.43312e-18 0 0.55 -4.9285e-23 1.16649e-22 -6.28325e-18 1 6.93889e-18 -5.55112e-17 0.55 6.16787e-23 1.64348e-22 0.994555 -0.104212 3.21559e-14 -6.8476e-14 1.61268e-18 4.71292e-19 -7.50328e-19 6.80525e-14 -2.64197e-16 -2.22278e-15 -1.26872e-20 -1.01214e-19 -8.99084e-20 9.71827e-17
1812.47 -1.32966e-18 0 0.55 -4.69687e-23 1.1584e-22 -5.99678e-18 1 2.08167e-17 -5.55112e-17 0.55 6.87754e-23 1.57762e-22 0.994555 -0.104212 -9.29436e-13 -9.42975e-14 -3.57553e-18 -1.18443e-18 1.05543e-17 2.51031e-13 2.32805e-15 -2.23627e-15 -1.17885e-20 -8.95733e-20 2.36193e-19 -1.81311e-14
1812.47 -2.48663e-18 0 0.55 -5.78226e-23 8.85127e-23 -7.13702e-18 1 6.93889e-18 -5.55112e-17 0.55 9.68434e-23 8.86112e-23 0.994555 -0.104212 1.01957e-14 -6.78735e-14 1.60983e-18 4.69104e-19 -7.98382e-19 6.302e-14 -2.62496e-16 -2.22256e-15 -1.26866e-20 -1.01217e-19 -8.99844e-20 7.96488e-17
1812.48 -9.80973e-19 0 0.55 -4.84854e-23 1.25914e-22 -5.2677e-18 1 1.38778e-17 -5.55112e-17 0.55 7.49331e-23 1.6131e-22 0.994555 -0.104212 1.01957e-14 -6.78735e-14 1.60983e-18 4.69104e-19 -7.98382e-19 6.302e-14 -2.62496e-16 -2.22256e-15 -1.26866e-20 -1.01217e-19 -8.99844e-20 7.96488e-17
1812.49 -2.88852e-18 0 0.55 3.11758e-23 2.77325e-22 -9.77808e-18 1 0 -5.55112e-17 0.55 3.07312e-22 -9.52743e-23 0.994555 -0.104212 -9.09398e-13 -9.33477e-14 -3.53118e-18 -1.16972e-18 1.05824e-17 2.57247e-13 2.32185e-15 -2.23674e-15 -1.17759e-20 -8.94792e-20 2.35617e-19 -1.80675e-14
1812.49 -2.53225e-18 0 0.55 3.29797e-23 2.8453e-22 -8.92978e-18 1 1.04083e-17 -5.55112e-17 0.55 3.25066e-22 -1.03663e-22 0.994555 -0.104212 -9.09398e-13 -9.33477e-14 -3.53118e-18 -1.16972e-18 1.05824e-17 2.57247e-13 2.32185e-15 -2.23674e-15 -1.17759e-20 -8.94792e-20 2.35617e-19 -1.80675e-14
1812.5 6.41856e-18 0 0.55 7.54391e-23 -4.92016e-22 2.23422e-17 1 2.77556e-17 -5.55112e-17 0.55 -4.75907e-22 -1.56082e-22 0.994555 -0.104212 -9.09398e-13 -9.33477e-14 -3.53118e-18 -1.16972e-18 1.05824e-17 2.57247e-13 -2.6e-16 -2.22234e-15 -1.26827e-20 -1.01196e-19 -8.99118e-20 5.39891e-17
1812.5 6.72309e-18 0 0.55 7.51862e-23 -4.87678e-22 2.3004e-17 1 2.08167e-17 -5.55112e-17 0.55 -4.74004e-22 -1.53267e-22 0.994555 -0.104212 -6.08587e-15 -6.79679e-14 1.60619e-18 4.672e-19 -8.2922e-19 5.88272e-14 -2.6e-16 -2.22234e-15 -1.26827e-20 -1.01196e-19 -8.99118e-20 5.39891e-17
1812.51 -1.43312e-18 0 0.55 -4.9285e-23 1.16649e-22 -6.28325e-18 1 6.93889e-18 -5.55112e-17 0.55 6.16787e-23 1.64348e-22 0.994555 -0.104212 -9.11903e-13 -9.27097e-14 -3.47468e-18 -1.16114e-18 1.05932e-17 2.56977e-13 2.32128e-15 -2.23673e-15 -1.1704e-20 -8.88167e-20 2.37287e-19 -1.80617e-14
1812.52 -3.0784e-18 0 0.55 -5.9058e-23 8.23514e-23 -8.49584e-18 1 6.93889e-18 -5.55112e-17 0.55 8.43974e-23 9.07766e-23 0.994555 -0.104212 4.25112e-15 -6.81303e-14 1.56807e-18 4.61789e-19 -8.21251e-19 6.02703e-14 -2.587e-16 -2.22211e-15 -1.27403e-20 -1.01721e-19 -9.13359e-20 3.59142e-17
1812.52 -1.92474e-18 0 0.55 3.37018e-23 2.94353e-22 -7.57512e-18 1 1.04083e-17 -5.55112e-17 0.55 3.36826e-22 -1.04201e-22 0.994555 -0.104212 4.25112e-15 -6.81303e-14 1.56807e-18 4.61789e-19 -8.21251e-19 6.02703e-14 -2.587e-16 -2.22211e-15 -1.27403e-20 -1.01721e-19 -9.13359e-20 3.59142e-17
1812.53 -9.80973e-19 0 0.55 -4.84854e-23 1.25914e-22 -5.2677e-18 1 1.38778e-17 -5.55112e-17 0.55 7.49331e-23 1.6131e-22 0.994555 -0.104212 -9.27136e-13 -9.1823e-14 -3.48067e-18 -1.16449e-18 1.05583e-17 2.5354e-13 2.32263e-15 -2.23652e-15 -1.17075e-20 -8.88451e-20 2.37138e-19 -1.80755e-14
1812.54 -1.67666e-18 0 0.55 -4.88241e-23 1.12244e-22 -6.82202e-18 1 1.38778e-17 -5.55112e-17 0.55 5.67787e-23 1.63311e-22 0.994555 -0.104212 1.47136e-12 6.36416e-14 1.24455e-18 6.64059e-19 -6.21282e-18 -5.05659e-13 -2.32297e-15 2.2348e-15 1.02452e-20 8.04766e-20 -7.81903e-20 1.80352e-14
1812.55 -7.7625e-19 0 0.55 -4.70341e-23 1.27128e-22 -4.75844e-18 1 2.08167e-17 -5.55112e-17 0.55 8.42949e-23 1.56097e-22 0.994555 -0.104212 1.47136e-12 6.36416e-14 1.24455e-18 6.64059e-19 -6.21282e-18 -5.05659e-13 -2.32297e-15 2.2348e-15 1.02452e-20 8.04766e-20 -7.81903e-20 1.80352e-14
1812.55 -2.22555e-18 0 0.55 -5.90636e-23 9.65825e-23 -6.59866e-18 1 0 -5.55112e-17 0.55 1.00677e-22 9.1884e-23 0.994555 -0.104212 -9.50411e-13 -9.27016e-14 -3.4786e-18 -1.16483e-18 1.0512e-17 2.47545e-13 2.32664e-15 -2.23623e-15 -1.17054e-20 -8.88541e-20 2.36991e-19 -1.81167e-14
1812.56 -2.69815e-18 0 0.55 -5.95742e-23 8.74482e-23 -7.66591e-18 1 -3.46945e-18 -5.55112e-17 0.55 8.69332e-23 9.4607e-23 0.994555 -0.104212 4.1898e-14 -6.87309e-14 1.61899e-18 4.75705e-19 -7.32637e-19 7.03386e-14 -2.66288e-16 -2.22288e-15 -1.26783e-20 -1.01155e-19 -8.97851e-20 1.14307e-16
1812.56 -1.65924e-18 0 0.55 -4.88445e-23 1.12577e-22 -6.78283e-18 1 1.38778e-17 -5.55112e-17 0.55 5.72704e-23 1.63279e-22 0.994555 -0.104212 4.1898e-14 -6.87309e-14 1.61899e-18 4.75705e-19 -7.32637e-19 7.03386e-14 -2.66288e-16 -2.22288e-15 -1.26783e-20 -1.01155e-19 -8.97851e-20 1.14307e-16
1812.57 6.50217e-18 0 0.55 7.57906e-23 -4.91773e-22 2.25419e-17 1 2.77556e-17 -5.55112e-17 0.55 -4.74309e-22 -1.56869e-22 0.994555 -0.104212 -9.5807e-13 -9.27152e-14 -3.53871e-18 -1.17799e-18 1.04856e-17 2.44889e-13 2.32928e-15 -2.23599e-15 -1.17753e-20 -8.94908e-20 2.35552e-19 -1.81438e-14
1812.57 -1.97075e-18 0 0.55 3.26075e-23 2.9481e-22 -7.7036e-18 1 6.93889e-18 -5.55112e-17 0.55 3.33871e-22 -1.01183e-22 0.994555 -0.104212 3.37258e-14 -6.84302e-14 1.61344e-18 4.71351e-19 -7.46634e-19 6.83924e-14 2.32928e-15 -2.23599e-15 -1.17753e-20 -8.94908e-20 2.35552e-19 -1.81438e-14
1812.58 -1.45781e-18 0 0.55 -4.92358e-23 1.16082e-22 -6.33802e-18 1 6.93889e-18 -5.55112e-17 0.55 6.09563e-23 1.64366e-22 0.994555 -0.104212 3.37258e-14 -6.84302e-14 1.61344e-18 4.71351e-19 -7.46634e-19 6.83924e-14 -2.64283e-16 -2.22279e-15 -1.26869e-20 -1.01208e-19 -8.98911e-20 9.80719e-17
1812.59 -2.53225e-18 0 0.55 3.29797e-23 2.8453e-22 -8.92978e-18 1 1.04083e-17 -5.55112e-17 0.55 3.25066e-22 -1.03663e-22 0.994555 -0.104212 -9.29314e-13 -9.43061e-14 -3.5754e-18 -1.1844e-18 1.05544e-17 2.51074e-13 2.32799e-15 -2.23628e-15 -1.17885e-20 -8.95736e-20 2.36191e-19 -1.81306e-14
1812.6 -2.00024e-18 0 0.55 3.23582e-23 2.93958e-22 -7.76773e-18 1 6.93889e-18 -5.55112e-17 0.55 3.32978e-22 -1.00707e-22 0.994555 -0.104212 8.91512e-15 -6.79426e-14 1.60839e-18 4.6936e-19 -8.01236e-19 6.27272e-14 -2.62389e-16 -2.22256e-15 -1.26859e-20 -1.01221e-19 -8.99964e-20 7.85472e-17
1812.6 6.48487e-18 0 0.55 7.46819e-23 -4.90741e-22 2.24474e-17 1 2.08167e-17 -5.55112e-17 0.55 -4.81864e-22 -1.50953e-22 0.994555 -0.104212 8.91512e-15 -6.79426e-14 1.60839e-18 4.6936e-19 -8.01236e-19 6.27272e-14 -2.62389e-16 -2.22256e-15 -1.26859e-20 -1.01221e-19 -8.99964e-20 7.85472e-17
1812.61 -1.65924e-18 0 0.55 -4.88445e-23 1.12577e-22 -6.78283e-18 1 1.38778e-17 -5.55112e-17 0.55 5.72704e-23 1.63279e-22 0.994555 -0.104212 -9.09741e-13 -9.33575e-14 -3.53138e-18 -1.16973e-18 1.05817e-17 2.57154e-13 2.32193e-15 -2.23674e-15 -1.17759e-20 -8.94795e-20 2.35617e-19 -1.80682e-14
1812.62 -2.48663e-18 0 0.55 -5.78226e-23 8.85127e-23 -7.13702e-18 1 6.93889e-18 -5.55112e-17 0.55 9.68434e-23 8.86112e-23 0.994555 -0.104212 -9.81623e-15 -6.77013e-14 1.60668e-18 4.65692e-19 -8.40228e-19 5.82286e-14 -2.60222e-16 -2.22234e-15 -1.26857e-20 -1.0122e-19 -9.0009e-20 5.62576e-17
1812.62 -2.213e-18 0 0.55 -5.88608e-23 9.69773e-23 -6.5716e-18 1 0 -5.55112e-17 0.55 1.0106e-22 9.15422e-23 0.994555 -0.104212 -9.81623e-15 -6.77013e-14 1.60668e-18 4.65692e-19 -8.40228e-19 5.82286e-14 -2.60222e-16 -2.22234e-15 -1.26857e-20 -1.0122e-19 -9.0009e-20 5.62576e-17
1812.63 -2.72094e-18 0 0.55 -5.94959e-23 8.69051e-23 -7.71629e-18 1 -3.46945e-18 -5.55112e-17 0.55 8.62595e-23 9.45783e-23 0.994555 -0.104212 -9.1082e-13 -9.26743e-14 -3.47422e-18 -1.1611e-18 1.05956e-17 2.57221e-13 2.3212e-15 -2.23674e-15 -1.17037e-20 -8.88132e-20 2.37298e-19 -1.80608e-14
1812.63 -1.67666e-18 0 0.55 -4.88241e-23 1.12244e-22 -6.82202e-18 1 1.38778e-17 -5.55112e-17 0.55 5.67787e-23 1.63311e-22 0.994555 -0.104212 -9.1082e-13 -9.26743e-14 -3.47422e-18 -1.1611e-18 1.05956e-17 2.57221e-13 2.3212e-15 -2.23674e-15 -1.17037e-20 -8.88132e-20 2.37298e-19 -1.80608e-14
1812.64 6.41856e-18 0 0.55 7.54391e-23 -4.92016e-22 2.23422e-17 1 2.77556e-17 -5.55112e-17 0.55 -4.75907e-22 -1.56082e-22 0.994555 -0.104212 1.44319e-12 6.45222e-14 1.30852e-18 6.74216e-19 -6.25935e-18 -5.11698e-13 -2.32152e-15 2.23503e-15 1.03251e-20 8.11795e-20 -7.67341e-20 1.80202e-14
1812.65 -2.22555e-18 0 0.55 -5.90636e-23 9.65825e-23 -6.59866e-18 1 0 -5.55112e-17 0.55 1.00677e-22 9.1884e-23 0.994555 -0.104212 1.44319e-12 6.45222e-14 1.30852e-18 6.74216e-19 -6.25935e-18 -5.11698e-13 2.6044e-16 2.22421e-15 1.41422e-20 1.09556e-19 -6.89632e-20 -1.50467e-17
1812.65 -1.43312e-18 0 0.55 -4.9285e-23 1.16649e-22 -6.28325e-18 1 6.93889e-18 -5.55112e-17 0.55 6.16787e-23 1.64348e-22 0.994555 -0.104212 -5.42355e-13 9.74749e-14 6.21196e-19 2.97188e-20 -3.52889e-18 1.92655e-13 2.6044e-16 2.22421e-15 1.41422e-20 1.09556e-19 -6.89632e-20 -1.50467e-17
1812.66 -3.0784e-18 0 0.55 -5.9058e-23 8.23514e-23 -8.49584e-18 1 6.93889e-18 -5.55112e-17 0.55 8.43974e-23 9.07766e-23 0.994555 -0.104212 -9.29436e-13 -9.42975e-14 -3.57553e-18 -1.18443e-18 1.05543e-17 2.51031e-13 2.32805e-15 -2.23627e-15 -1.17885e-20 -8.95733e-20 2.36193e-19 -1.81311e-14
1812.66 6.50217e-18 0 0.55 7.57906e-23 -4.91773e-22 2.25419e-17 1 2.77556e-17 -5.55112e-17 0.55 -4.74309e-22 -1.56869e-22 0.994555 -0.104212 -9.29436e-13 -9.42975e-14 -3.57553e-18 -1.18443e-18 1.05543e-17 2.51031e-13 -2.62496e-16 -2.22256e-15 -1.26866e-20 -1.01217e-19 -8.99844e-20 7.96488e-17
1812.67 -9.80973e-19 0 0.55 -4.84854e-23 1.25914e-22 -5.2677e-18 1 1.38778e-17 -5.55112e-17 0.55 7.49331e-23 1.6131e-22 0.994555 -0.104212 1.01957e-14 -6.78735e-14 1.60983e-18 4.69104e-19 -7.98382e-19 6.302e-14 2.32185e-15 -2.23674e-15 -1.17759e-20 -8.94792e-20 2.35617e-19 -1.80675e-14
1812.68 -3.00281e-18 0 0.55 3.15801e-23 2.77539e-22 -1.00203e-17 1 6.93889e-18 -5.55112e-17 0.55 3.10709e-22 -9.89455e-23 0.994555 -0.104212 -9.09398e-13 -9.33477e-14 -3.53118e-18 -1.16972e-18 1.05824e-17 2.57247e-13 2.32185e-15 -2.23674e-15 -1.17759e-20 -8.94792e-20 2.35617e-19 -1.80675e-14
1812.69 -2.5431e-18 0 0.55 -5.79743e-23 8.92729e-23 -7.27929e-18 1 6.93889e-18 -5.55112e-17 0.55 9.53599e-23 8.91723e-23 0.994555 -0.104212 -9.09398e-13 -9.33477e-14 -3.53118e-18 -1.16972e-18 1.05824e-17 2.57247e-13 2.32185e-15 -2.23674e-15 -1.17759e-20 -8.94792e-20 2.35617e-19 -1.80675e-14
1812.69 -2.11518e-18 0 0.55 -5.83947e-23 9.77052e-23 -6.33134e-18 1 6.93889e-18 -5.55112e-17 0.55 1.05115e-22 8.96026e-23 0.994555 -0.104212 -6.08587e-15 -6.79679e-14 1.60619e-18 4.672e-19 -8.2922e-19 5.88272e-14 -2.6e-16 -2.22234e-15 -1.26827e-20 -1.01196e-19 -8.99118e-20 5.39891e-17
1812.7 -1.43312e-18 0 0.55 -4.9285e-23 1.16649e-22 -6.28325e-18 1 6.93889e-18 -5.55112e-17 0.55 6.16787e-23 1.64348e-22 0.994555 -0.104212 -9.11903e-13 -9.27097e-14 -3.47468e-18 -1.16114e-18 1.05932e-17 2.56977e-13 2.32128e-15 -2.23673e-15 -1.1704e-20 -8.88167e-20 2.37287e-19 -1.80617e-14
1812.71 -2.51313e-18 0 0.55 3.2996e-23 2.84419e-22 -8.88252e-18 1 1.04083e-17 -5.55112e-17 0.55 3.25684e-22 -1.0386e-22 0.994555 -0.104212 -9.11903e-13 -9.27097e-14 -3.47468e-18 -1.16114e-18 1.05932e-17 2.56977e-13 -2.587e-16 -2.22211e-15 -1.27403e-20 -1.01721e-19 -9.13359e-20 3.59142e-17
1812.72 -5.65756e-19 0 0.55 -4.78603e-23 1.32506e-22 -4.31518e-18 1 1.38778e-17 -5.55112e-17 0.55 8.73995e-23 1.58431e-22 0.994555 -0.104212 4.25112e-15 -6.81303e-14 1.56807e-18 4.61789e-19 -8.21251e-19 6.02703e-14 2.32263e-15 -2.23652e-15 -1.17075e-20 -8.88451e-20 2.37138e-19 -1.80755e-14
1812.73 -1.67666e-18 0 0.55 -4.88241e-23 1.12244e-22 -6.82202e-18 1 1.38778e-17 -5.55112e-17 0.55 5.67787e-23 1.63311e-22 0.994555 -0.104212 -9.27136e-13 -9.1823e-14 -3.48067e-18 -1.16449e-18 1.05583e-17 2.5354e-13 -3.29627e-16 -2.20831e-15 -1.26616e-20 -1.01185e-19 -9.02943e-20 7.1806e-17
1812.73 -1.33996e-18 0 0.55 -4.69638e-23 1.15695e-22 -6.0204e-18 1 2.08167e-17 -5.55112e-17 0.55 6.8498e-23 1.57792e-22 0.994555 -0.104212 3.52129e-14 -6.97982e-14 1.61479e-18 4.88487e-19 -9.83372e-19 6.8012e-14 2.32664e-15 -2.23623e-15 -1.17054e-20 -8.88541e-20 2.36991e-19 -1.81167e-14
