614.844 5.26411e-18 0 0.55 -8.51067e-23 6.53548e-23 1.28282e-17 1 2.77556e-17 -2.08167e-17 0.55 1.78984e-22 3.12845e-23 0.809672 -0.586883 -1.20887e-13 -1.22505e-13 3.77292e-19 3.04002e-19 -3.26074e-19 -5.38845e-14 1.21579e-16 5.20401e-17 2.85464e-22 2.57836e-21 4.25815e-22 3.16749e-17
614.851 3.9257e-18 0 0.55 1.16135e-22 6.43179e-23 9.23337e-18 1 2.77556e-17 -5.55112e-17 0.55 1.18249e-23 -1.96762e-22 0.809672 -0.586883 -1.10072e-13 -2.80501e-14 -1.12466e-18 2.67373e-19 -1.66776e-19 -4.05168e-14 2.42537e-16 9.90782e-17 -2.61336e-22 -2.20839e-21 -1.14092e-21 1.98489e-16
614.856 3.70941e-18 0 0.55 8.53622e-23 7.28887e-23 8.65304e-18 1 2.77556e-17 -5.55112e-17 0.55 3.83191e-23 -1.82771e-22 0.809672 -0.586883 -9.26965e-14 1.01191e-13 1.26149e-18 -3.45557e-19 -3.85457e-19 -2.84986e-14 2.42537e-16 9.90782e-17 -2.61336e-22 -2.20839e-21 -1.14092e-21 1.98489e-16
614.864 3.62626e-18 0 0.55 4.03753e-23 6.85273e-23 8.40529e-18 1 2.77556e-17 -5.55112e-17 0.55 6.05976e-23 -1.31147e-22 0.809672 -0.586883 -9.26965e-14 1.01191e-13 1.26149e-18 -3.45557e-19 -3.85457e-19 -2.84986e-14 -1.15633e-17 1.05787e-17 -1.32532e-23 -9.35689e-24 -1.12761e-22 9.95905e-17
614.868 3.47634e-18 0 0.55 3.1858e-23 6.48986e-23 8.05681e-18 1 2.77556e-17 -5.55112e-17 0.55 6.2927e-23 -1.17162e-22 0.809672 -0.586883 -9.56544e-14 5.5067e-14 -7.70155e-21 -1.03674e-19 -2.77224e-19 -2.86568e-14 -7.99329e-18 8.91359e-18 -9.23764e-24 1.31704e-23 -1.92457e-23 6.28632e-17
614.879 3.02701e-18 0 0.55 1.97502e-23 5.50835e-23 7.02306e-18 1 2.77556e-17 -5.55112e-17 0.55 6.13073e-23 -9.04587e-23 0.809672 -0.586883 -8.20982e-14 3.51145e-14 4.12784e-21 -7.08827e-20 -2.35868e-19 -2.51359e-14 -2.02954e-18 7.4665e-18 -9.55737e-24 1.63465e-23 -1.15726e-22 1.55744e-18
614.885 2.88586e-18 0 0.55 1.17632e-23 5.1072e-23 6.70232e-18 1 2.77556e-17 -5.55112e-17 0.55 6.53396e-23 -7.4617e-23 0.809672 -0.586883 -7.40862e-14 5.98571e-15 5.33853e-20 -2.2988e-20 -2.09059e-19 -2.31731e-14 -2.02954e-18 7.4665e-18 -9.55737e-24 1.63465e-23 -1.15726e-22 1.55744e-18
614.889 2.79875e-18 0 0.55 8.44431e-24 5.00306e-23 6.49331e-18 1 2.77556e-17 -5.55112e-17 0.55 6.59029e-23 -6.84019e-23 0.809672 -0.586883 -7.40862e-14 5.98571e-15 5.33853e-20 -2.2988e-20 -2.09059e-19 -2.31731e-14 -2.81164e-18 6.30522e-18 -1.0656e-23 -2.93792e-24 -1.00691e-23 9.55078e-18
614.896 2.51763e-18 0 0.55 6.47129e-24 4.44866e-23 5.84862e-18 1 2.77556e-17 -5.55112e-17 0.55 6.0143e-23 -5.97136e-23 0.809672 -0.586883 -6.46657e-14 5.55419e-15 1.46154e-20 -1.60681e-20 -1.84263e-19 -2.03154e-14 -2.81164e-18 6.30522e-18 -1.0656e-23 -2.93792e-24 -1.00691e-23 9.55078e-18
614.901 2.33201e-18 0 0.55 5.63619e-24 4.0796e-23 5.42273e-18 1 2.77556e-17 -5.55112e-17 0.55 5.58476e-23 -5.44377e-23 0.809672 -0.586883 -6.46657e-14 5.55419e-15 1.46154e-20 -1.60681e-20 -1.84263e-19 -2.03154e-14 -2.89256e-18 5.33491e-18 -8.07739e-24 5.2471e-24 9.88255e-25 1.0382e-17
614.906 2.17104e-18 0 0.55 4.83907e-24 3.77821e-23 5.05188e-18 1 2.77556e-17 -5.55112e-17 0.55 5.22444e-23 -4.98311e-23 0.809672 -0.586883 -5.49133e-14 2.86836e-15 2.35417e-20 -1.08195e-20 -1.57579e-19 -1.76658e-14 -2.89256e-18 5.33491e-18 -8.07739e-24 5.2471e-24 9.88255e-25 1.0382e-17
614.911 2.02378e-18 0 0.55 4.06474e-24 3.50222e-23 4.71249e-18 1 2.77556e-17 -5.55112e-17 0.55 4.89635e-23 -4.55611e-23 0.809672 -0.586883 -5.49133e-14 2.86836e-15 2.35417e-20 -1.08195e-20 -1.57579e-19 -1.76658e-14 -2.90578e-18 4.5095e-18 -7.83023e-24 3.02406e-24 2.68573e-25 1.0518e-17
614.919 1.81135e-18 0 0.55 2.88813e-24 3.09903e-23 4.22314e-18 1 2.77556e-17 -5.55112e-17 0.55 4.42265e-23 -3.93191e-23 0.809672 -0.586883 -4.71686e-14 3.54774e-16 2.76509e-20 -5.05889e-21 -1.36514e-19 -1.55271e-14 -2.91279e-18 3.81237e-18 -7.28297e-24 2.74101e-24 2.45548e-25 1.05901e-17
614.927 1.62574e-18 0 0.55 1.78655e-24 2.74439e-23 3.79555e-18 1 2.77556e-17 -5.55112e-17 0.55 4.01063e-23 -3.37795e-23 0.809672 -0.586883 -4.05525e-14 -1.78534e-15 3.00819e-20 1.92748e-22 -1.18313e-19 -1.37065e-14 -2.91279e-18 3.81237e-18 -7.28297e-24 2.74101e-24 2.45548e-25 1.05901e-17
614.933 1.50207e-18 0 0.55 1.00918e-24 2.50676e-23 3.51068e-18 1 2.77556e-17 -5.55112e-17 0.55 3.73726e-23 -3.0039e-23 0.809672 -0.586883 -4.05525e-14 -1.78534e-15 3.00819e-20 1.92748e-22 -1.18313e-19 -1.37065e-14 -2.91651e-18 3.22293e-18 -6.73445e-24 2.32683e-24 1.68407e-25 1.06284e-17
614.942 1.33851e-18 0 0.55 -1.08243e-25 2.1905e-23 3.13388e-18 1 2.77556e-17 -5.55112e-17 0.55 3.37912e-23 -2.49966e-23 0.809672 -0.586883 -3.4969e-14 -3.60403e-15 3.10876e-20 4.96948e-21 -1.02831e-19 -1.21694e-14 -2.91664e-18 2.72472e-18 -6.12582e-24 2.43358e-24 5.69549e-25 1.06297e-17
614.949 1.22742e-18 0 0.55 -8.71031e-25 1.97426e-23 2.87797e-18 1 2.77556e-17 -5.55112e-17 0.55 3.13428e-23 -2.15568e-23 0.809672 -0.586883 -3.02524e-14 -5.15369e-15 3.06945e-20 9.33734e-21 -8.96183e-20 -1.08711e-14 -2.9183e-18 2.30344e-18 -5.63689e-24 1.68638e-24 1.0454e-25 1.06468e-17
614.957 1.11538e-18 0 0.55 -1.69422e-24 1.75487e-23 2.61986e-18 1 2.77556e-17 -5.55112e-17 0.55 2.8892e-23 -1.80313e-23 0.809672 -0.586883 -2.62632e-14 -6.45763e-15 3.02987e-20 1.31747e-20 -7.83974e-20 -9.77285e-15 -2.9183e-18 2.30344e-18 -5.63689e-24 1.68638e-24 1.0454e-25 1.06468e-17
614.962 1.05263e-18 0 0.55 -2.1774e-24 1.63136e-23 2.47532e-18 1 2.77556e-17 -3.46945e-17 0.55 2.75255e-23 -1.60324e-23 0.809672 -0.586883 -2.62632e-14 -6.45763e-15 3.02987e-20 1.31747e-20 -7.83974e-20 -9.77285e-15 1.27579e-18 -3.252e-18 5.60381e-21 4.24458e-20 -2.63956e-21 4.60279e-17
614.969 -1.03803e-17 0 0.55 5.14043e-23 -1.98065e-22 -2.43879e-17 1 2.77556e-17 -3.46945e-17 0.55 -2.86166e-22 1.4551e-22 0.809672 -0.586883 -1.53037e-13 6.21915e-14 1.14877e-18 -1.21938e-19 -8.06684e-19 2.94032e-13 -1.41833e-18 -1.40204e-17 -2.20213e-23 -1.11097e-21 -1.7531e-22 7.26878e-17
614.977 -5.95225e-18 0 0.55 3.24205e-23 -8.33571e-23 -1.40237e-17 1 2.77556e-17 -3.46945e-17 0.55 -1.61537e-22 7.07525e-23 0.809672 -0.586883 1.1733e-13 3.93174e-14 1.60074e-19 -1.3668e-19 2.71612e-19 4.28135e-14 7.55792e-18 -1.1371e-17 7.08886e-26 4.8045e-23 -4.12499e-23 -1.9547e-17
614.986 -5.19886e-18 0 0.55 1.94353e-23 -8.17123e-23 -1.21385e-17 1 2.77556e-17 -3.46945e-17 0.55 -1.38984e-22 7.79482e-23 0.809672 -0.586883 1.31767e-13 1.50875e-14 1.15263e-19 -8.8232e-20 3.57528e-19 4.35447e-14 7.55792e-18 -1.1371e-17 7.08886e-26 4.8045e-23 -4.12499e-23 -1.9547e-17
614.992 -4.67746e-18 0 0.55 1.49258e-23 -7.26156e-23 -1.09339e-17 1 2.77556e-17 -3.46945e-17 0.55 -1.22596e-22 7.26877e-23 0.809672 -0.586883 1.31767e-13 1.50875e-14 1.15263e-19 -8.8232e-20 3.57528e-19 4.35447e-14 7.79841e-18 -9.84423e-18 2.09046e-24 -3.22954e-23 -2.87653e-23 -2.20965e-17
615.001 -4.15719e-18 0 0.55 1.43959e-23 -6.38215e-23 -9.729e-18 1 2.77556e-17 -3.46945e-17 0.55 -1.09163e-22 6.1663e-23 0.809672 -0.586883 1.06413e-13 1.42057e-14 5.89324e-20 -6.70517e-20 2.92044e-19 3.70288e-14 8.12843e-18 -8.31385e-18 5.79283e-24 -1.70303e-24 -1.70141e-24 -2.54945e-17
615.005 -3.95149e-18 0 0.55 1.45891e-23 -6.02321e-23 -9.25424e-18 1 2.77556e-17 -3.46945e-17 0.55 -1.04142e-22 5.68263e-23 0.809672 -0.586883 9.30726e-14 1.75988e-14 3.74895e-20 -7.12434e-20 2.58983e-19 3.32374e-14 8.38235e-18 -7.03339e-18 5.90323e-24 -5.02348e-24 -1.81823e-24 -2.81072e-17
615.015 -3.48849e-18 0 0.55 1.53377e-23 -5.18847e-23 -8.18761e-18 1 2.77556e-17 -3.46945e-17 0.55 -9.29468e-23 4.54793e-23 0.809672 -0.586883 8.04263e-14 2.0532e-14 1.88919e-20 -7.49175e-20 2.25991e-19 2.97713e-14 8.38235e-18 -7.03339e-18 5.90323e-24 -5.02348e-24 -1.81823e-24 -2.81072e-17
615.019 -3.32535e-18 0 0.55 1.57087e-23 -4.893e-23 -7.81178e-18 1 2.77556e-17 -3.46945e-17 0.55 -8.90713e-23 4.13475e-23 0.809672 -0.586883 8.04263e-14 2.0532e-14 1.88919e-20 -7.49175e-20 2.25991e-19 2.97713e-14 8.53476e-18 -5.94785e-18 6.06997e-24 -3.99498e-24 -1.14265e-24 -2.96753e-17
615.029 -2.96394e-18 0 0.55 1.67314e-23 -4.23366e-23 -6.97918e-18 1 2.77556e-17 -3.46945e-17 0.55 -8.05921e-23 3.19367e-23 0.809672 -0.586883 6.99672e-14 2.32789e-14 5.41229e-21 -7.91094e-20 1.98556e-19 2.68905e-14 8.62478e-18 -5.02944e-18 6.02824e-24 -3.44183e-24 -7.84488e-25 -3.06016e-17
615.038 -2.68789e-18 0 0.55 1.77036e-23 -3.72508e-23 -6.34326e-18 1 2.77556e-17 -3.46945e-17 0.55 -7.42073e-23 2.45071e-23 0.809672 -0.586883 6.1155e-14 2.57639e-14 -4.32561e-21 -8.34452e-20 1.75195e-19 2.44646e-14 8.67783e-18 -4.25252e-18 5.85548e-24 -2.94143e-24 -5.41226e-25 -3.11473e-17
615.047 -2.45131e-18 0 0.55 1.8677e-23 -3.28544e-23 -5.79825e-18 1 2.77556e-17 -3.46945e-17 0.55 -6.87953e-23 1.79662e-23 0.809672 -0.586883 5.37319e-14 2.79618e-14 -1.11602e-20 -8.77066e-20 1.55328e-19 2.2421e-14 8.67783e-18 -4.25252e-18 5.85548e-24 -2.94143e-24 -5.41226e-25 -3.11473e-17
615.051 -2.35727e-18 0 0.55 1.91021e-23 -3.10961e-23 -5.58162e-18 1 2.77556e-17 -3.46945e-17 0.55 -6.66592e-23 1.53199e-23 0.809672 -0.586883 5.37319e-14 2.79618e-14 -1.11602e-20 -8.77066e-20 1.55328e-19 2.2421e-14 8.70893e-18 -3.59544e-18 5.59214e-24 -2.51492e-24 -3.76775e-25 -3.14673e-17
615.058 -2.20734e-18 0 0.55 1.98279e-23 -2.8279e-23 -5.23622e-18 1 2.77556e-17 -3.46945e-17 0.55 -6.32707e-23 1.10428e-23 0.809672 -0.586883 4.74716e-14 2.98776e-14 -1.57667e-20 -9.17689e-20 1.38419e-19 2.06976e-14 4.98403e-18 -3.01735e-18 9.84383e-24 2.28261e-23 3.8888e-23 6.78214e-18
615.066 -2.14102e-18 0 0.55 2.46788e-23 -2.59356e-23 -5.0878e-18 1 2.77556e-17 -3.46945e-17 0.55 -6.62542e-23 1.50206e-24 0.809672 -0.586883 4.32092e-14 4.70149e-14 -5.75004e-20 -1.13434e-19 1.25893e-19 1.98162e-14 4.98403e-18 -3.01735e-18 9.84383e-24 2.28261e-23 3.8888e-23 6.78214e-18
615.071 -2.11319e-18 0 0.55 2.6323e-23 -2.626e-23 -5.01476e-18 1 2.77556e-17 -3.46945e-17 0.55 -6.67953e-23 -7.3564e-25 0.809672 -0.586883 4.32092e-14 4.70149e-14 -5.75004e-20 -1.13434e-19 1.25893e-19 1.98162e-14 6.82495e-18 -2.50366e-18 6.76175e-24 5.65714e-24 5.68023e-24 -1.20846e-17
615.082 -1.87671e-18 0 0.55 2.53245e-23 -2.14882e-23 -4.47496e-18 1 2.77556e-17 -3.46945e-17 0.55 -5.91582e-23 -4.13728e-24 0.809672 -0.586883 4.08932e-14 4.14584e-14 -1.33825e-20 -1.15481e-19 1.18668e-19 1.88321e-14 7.57906e-18 -2.16694e-18 4.1995e-24 -4.00619e-24 -3.89679e-24 -1.98422e-17
615.087 -1.79789e-18 0 0.55 2.50005e-23 -2.00871e-23 -4.29329e-18 1 2.77556e-17 -3.46945e-17 0.55 -5.66737e-23 -5.28135e-24 0.809672 -0.586883 3.53001e-14 3.89987e-14 -1.8536e-20 -1.11253e-19 1.03532e-19 1.73604e-14 7.57906e-18 -2.16694e-18 4.1995e-24 -4.00619e-24 -3.89679e-24 -1.98422e-17
615.094 -1.7021e-18 0 0.55 2.47946e-23 -1.83638e-23 -4.07244e-18 1 2.77556e-17 -3.46945e-17 0.55 -5.38045e-23 -6.94637e-24 0.809672 -0.586883 3.53001e-14 3.89987e-14 -1.8536e-20 -1.11253e-19 1.03532e-19 1.73604e-14 8.05408e-18 -1.83739e-18 4.13949e-24 -1.05961e-24 -1.77618e-24 -2.47296e-17
615.099 -1.64143e-18 0 0.55 -4.74565e-23 -3.0395e-23 -3.93265e-18 1 2.77556e-17 -3.46945e-17 0.55 -2.55964e-23 7.10688e-23 0.809672 -0.586883 3.16959e-14 3.80582e-14 -1.91986e-20 -1.10533e-19 9.41083e-20 1.63561e-14 8.33607e-18 -1.55737e-18 -9.35284e-24 -3.52287e-22 2.86711e-22 -2.7631e-17
615.105 -1.57653e-18 0 0.55 4.25708e-24 -1.75821e-23 -3.78313e-18 1 2.77556e-17 -3.46945e-17 0.55 -3.96175e-23 9.5725e-24 0.809672 -0.586883 2.86655e-14 3.77623e-14 -1.11347e-19 -1.11268e-19 7.60754e-20 1.55219e-14 8.33607e-18 -1.55737e-18 -9.35284e-24 -3.52287e-22 2.86711e-22 -2.7631e-17
615.113 -1.50136e-18 0 0.55 2.06091e-23 -1.52094e-23 -3.60994e-18 1 2.77556e-17 -3.46945e-17 0.55 -4.63082e-23 -7.16655e-24 0.809672 -0.586883 2.86655e-14 3.77623e-14 -1.11347e-19 -1.11268e-19 7.60754e-20 1.55219e-14 8.50368e-18 -1.31891e-18 4.99538e-24 -1.59064e-23 2.84325e-23 -2.93555e-17
615.122 -1.42967e-18 0 0.55 2.38693e-23 -1.35781e-23 -3.44478e-18 1 2.77556e-17 -3.46945e-17 0.55 -4.60269e-23 -1.17919e-23 0.809672 -0.586883 2.61907e-14 3.78106e-14 -3.73417e-20 -1.08558e-19 8.04287e-20 1.48401e-14 8.60189e-18 -1.1165e-18 4.15344e-24 -2.37115e-24 3.08077e-24 -3.0366e-17
615.127 -1.39719e-18 0 0.55 1.26841e-22 -4.13527e-24 -3.3707e-18 1 2.77556e-17 -1.38778e-17 0.55 -9.4594e-23 -1.12478e-22 0.809672 -0.586883 2.41477e-14 3.80339e-14 -2.86099e-20 -1.10297e-19 7.45995e-20 1.42773e-14 8.60189e-18 -1.1165e-18 4.15344e-24 -2.37115e-24 3.08077e-24 -3.0366e-17
615.13 -1.36407e-18 0 0.55 -4.08907e-23 -1.30349e-24 -3.29396e-18 1 2.77556e-17 -6.93889e-18 0.55 2.51171e-23 4.79424e-23 0.809672 -0.586883 2.41477e-14 3.80339e-14 -2.86099e-20 -1.10297e-19 7.45995e-20 1.42773e-14 2.29681e-17 -3.7717e-18 1.50804e-22 1.1149e-21 4.74192e-22 -1.78119e-16
615.135 -1.47578e-18 0 0.55 -3.43799e-23 -2.1449e-23 -3.5594e-18 1 2.77556e-17 -6.93889e-18 0.55 -7.75054e-24 6.52535e-23 0.809672 -0.586883 2.63509e-14 -2.96211e-14 -8.23808e-19 1.19797e-19 1.47673e-19 1.51706e-14 1.61126e-17 -3.0703e-18 7.62638e-24 1.01094e-23 7.02522e-23 -1.07642e-16
615.144 -1.70106e-18 0 0.55 -2.06127e-25 -2.16909e-23 -4.06543e-18 1 2.77556e-17 -6.93889e-18 0.55 -3.20428e-23 2.89664e-23 0.809672 -0.586883 2.63509e-14 -2.96211e-14 -8.23808e-19 1.19797e-19 1.47673e-19 1.51706e-14 1.61126e-17 -3.0703e-18 7.62638e-24 1.01094e-23 7.02522e-23 -1.07642e-16
615.15 -1.69688e-18 0 0.55 -6.46973e-23 -3.36042e-23 -4.05823e-18 1 2.77556e-17 -6.93889e-18 0.55 -1.14383e-23 9.767e-23 0.809672 -0.586883 3.41482e-14 8.70815e-16 -2.45457e-20 -4.34725e-20 1.10322e-19 1.6908e-14 1.31036e-17 -2.56553e-18 -1.13334e-23 -4.7158e-22 2.17367e-22 -7.66843e-17
615.16 -1.6522e-18 0 0.55 5.61689e-24 -1.96416e-23 -3.95681e-18 1 2.77556e-17 -6.93889e-18 0.55 -3.84977e-23 1.59038e-23 0.809672 -0.586883 3.19078e-14 1.48934e-14 -1.83794e-19 -5.61876e-20 8.43929e-20 1.64065e-14 1.13425e-17 -2.14404e-18 5.71022e-24 -2.0307e-23 4.37777e-23 -5.85641e-17
615.169 -1.62085e-18 0 0.55 -2.99066e-23 -2.06343e-24 -3.8891e-18 1 2.77556e-17 1.38778e-17 0.55 1.43979e-23 3.66029e-23 0.809672 -0.586883 3.19078e-14 1.48934e-14 -1.83794e-19 -5.61876e-20 8.43929e-20 1.64065e-14 1.13425e-17 -2.14404e-18 5.71022e-24 -2.0307e-23 4.37777e-23 -5.85641e-17
615.175 -1.77991e-18 0 0.55 -1.96739e-23 -2.47945e-23 -4.25367e-18 1 2.77556e-17 1.38778e-17 0.55 -2.42987e-23 5.17674e-23 0.809672 -0.586883 3.0305e-14 2.34938e-14 -4.02722e-20 -8.11732e-20 9.48803e-20 1.59632e-14 1.84514e-17 -3.84906e-18 5.65428e-23 2.45917e-22 -2.43598e-22 -1.31678e-16
615.182 -1.86889e-18 0 0.55 2.43641e-24 -2.45062e-23 -4.45234e-18 1 2.77556e-17 1.38778e-17 0.55 -3.94922e-23 2.82348e-23 0.809672 -0.586883 3.65052e-14 -1.12018e-14 -4.37429e-19 5.53759e-20 1.27996e-19 1.77105e-14 1.84514e-17 -3.84906e-18 5.65428e-23 2.45917e-22 -2.43598e-22 -1.31678e-16
615.183 -1.86671e-18 0 0.55 3.95393e-24 -2.4284e-23 -4.44761e-18 1 2.77556e-17 1.38778e-17 0.55 -4.05234e-23 2.62924e-23 0.809672 -0.586883 3.65052e-14 -1.12018e-14 -4.37429e-19 5.53759e-20 1.27996e-19 1.77105e-14 1.39676e-17 -3.19229e-18 7.12596e-24 -1.27607e-24 4.57841e-23 -8.55725e-17
615.19 -1.82094e-18 0 0.55 1.09332e-23 -2.2331e-23 -4.34486e-18 1 2.77556e-17 1.38778e-17 0.55 -4.46273e-23 1.59276e-23 0.809672 -0.586883 3.74123e-14 9.36832e-15 -2.65515e-20 -5.64502e-20 1.16944e-19 1.78665e-14 1.50029e-16 3.95172e-17 -1.97742e-22 -3.11275e-21 2.54809e-20 -1.29423e-16
615.198 1.36977e-17 0 0.55 -1.76942e-22 2.23063e-23 3.42208e-17 1 2.77556e-17 1.38778e-17 0.55 1.84318e-22 1.87403e-22 0.809672 -0.586883 3.74123e-14 9.36832e-15 -2.65515e-20 -5.64502e-20 1.16944e-19 1.78665e-14 1.50029e-16 3.95172e-17 -1.97742e-22 -3.11275e-21 2.54809e-20 -1.29423e-16
615.203 1.28656e-17 0 0.55 -1.88682e-22 2.01861e-22 3.15859e-17 1 2.77556e-17 1.38778e-17 0.55 4.47814e-22 3.47438e-23 0.809672 -0.586883 3.46602e-14 -1.01682e-14 -1.12089e-18 -1.16053e-18 5.42688e-20 1.71876e-14 -3.53783e-17 1.00887e-17 -4.15351e-22 -2.31805e-21 -1.24234e-21 6.52301e-17
615.209 9.11933e-18 0 0.55 -1.62205e-22 1.06573e-22 2.26946e-17 1 2.77556e-17 1.38778e-17 0.55 3.36136e-22 8.96227e-23 0.809672 -0.586883 -1.85104e-13 -2.17654e-13 -4.07945e-19 6.92584e-19 -6.20087e-19 -9.12813e-14 -1.88993e-17 9.20123e-18 1.45606e-23 6.5307e-23 1.28125e-22 -1.47409e-17
615.215 8.05899e-18 0 0.55 -1.40093e-22 9.77939e-23 2.00356e-17 1 2.77556e-17 1.38778e-17 0.55 3.04455e-22 7.43426e-23 0.809672 -0.586883 -1.85104e-13 -2.17654e-13 -4.07945e-19 6.92584e-19 -6.20087e-19 -9.12813e-14 -1.88993e-17 9.20123e-18 1.45606e-23 6.5307e-23 1.28125e-22 -1.47409e-17
615.223 7.38598e-18 0 0.55 -1.24826e-22 9.45058e-23 1.83153e-17 1 2.77556e-17 1.38778e-17 0.55 2.79395e-22 6.24645e-23 0.809672 -0.586883 -1.4258e-13 -1.7059e-13 -9.86271e-20 4.94729e-19 -3.89555e-19 -6.72714e-14 -1.86197e-17 7.84048e-18 -4.91355e-24 -2.06479e-23 -2.46611e-24 1.55481e-18
615.23 6.59098e-18 0 0.55 -5.80019e-23 9.19386e-23 1.63014e-17 1 2.77556e-17 1.38778e-17 0.55 2.23564e-22 -3.08419e-25 0.809672 -0.586883 -1.32632e-13 -1.50509e-13 -8.30631e-20 4.42687e-19 -3.65305e-19 -6.13403e-14 -1.86197e-17 7.84048e-18 -4.91355e-24 -2.06479e-23 -2.46611e-24 1.55481e-18
615.231 6.44263e-18 0 0.55 -6.46937e-23 8.81385e-23 1.5928e-17 1 2.77556e-17 1.38778e-17 0.55 2.21047e-22 8.61896e-24 0.809672 -0.586883 -1.32632e-13 -1.50509e-13 -8.30631e-20 4.42687e-19 -3.65305e-19 -6.13403e-14 -1.38526e-17 6.94695e-18 -3.10824e-24 1.9445e-22 -1.97447e-22 -5.14598e-18
615.234 6.04053e-18 0 0.55 -7.76156e-23 8.04131e-23 1.49361e-17 1 2.77556e-17 1.38778e-17 0.55 2.15773e-22 2.46978e-23 0.809672 -0.586883 -1.08045e-13 -1.16874e-13 -2.37478e-20 3.43996e-19 -2.95592e-19 -4.92378e-14 -1.38526e-17 6.94695e-18 -3.10824e-24 1.9445e-22 -1.97447e-22 -5.14598e-18
615.24 5.26411e-18 0 0.55 -8.51067e-23 6.53548e-23 1.28282e-17 1 2.77556e-17 -2.08167e-17 0.55 1.78984e-22 3.12845e-23 0.809672 -0.586883 -1.08045e-13 -1.16874e-13 -2.37478e-20 3.43996e-19 -2.95592e-19 -4.92378e-14 1.18556e-16 5.48755e-17 2.67795e-23 -3.2356e-22 -4.12079e-22 1.18757e-16
615.246 4.04168e-18 0 0.55 -2.98547e-24 6.82211e-23 9.52794e-18 1 2.77556e-17 -5.55112e-17 0.55 9.66654e-23 -8.78728e-23 0.809672 -0.586883 -1.0103e-13 6.66933e-14 -4.58065e-19 -4.37355e-20 -3.03498e-19 -2.94378e-14 1.18556e-16 5.48755e-17 2.67795e-23 -3.2356e-22 -4.12079e-22 1.18757e-16
615.253 3.70878e-18 0 0.55 7.65848e-23 7.10709e-23 8.63994e-18 1 2.77556e-17 -5.55112e-17 0.55 4.09076e-23 -1.72089e-22 0.809672 -0.586883 -9.8733e-14 7.59581e-14 1.26425e-19 -1.57297e-19 -2.7142e-19 -2.96943e-14 -1.5706e-17 1.17925e-17 1.66147e-23 4.00149e-22 -1.56597e-23 1.42186e-16
615.259 3.65481e-18 0 0.55 4.33068e-23 6.91761e-23 8.47355e-18 1 2.77556e-17 -5.55112e-17 0.55 5.92536e-23 -1.35188e-22 0.809672 -0.586883 -9.8733e-14 7.59581e-14 1.26425e-19 -1.57297e-19 -2.7142e-19 -2.96943e-14 -9.86096e-18 9.88028e-18 -1.11539e-23 9.55299e-24 -4.95437e-23 8.20789e-17
615.266 3.39223e-18 0 0.55 2.88146e-23 6.29188e-23 7.86332e-18 1 2.77556e-17 -5.55112e-17 0.55 6.31048e-23 -1.11241e-22 0.809672 -0.586883 -8.96716e-14 4.58516e-14 -6.74662e-22 -8.95309e-20 -2.58221e-19 -2.71455e-14 -9.86096e-18 9.88028e-18 -1.11539e-23 9.55299e-24 -4.95437e-23 8.20789e-17
615.274 3.06583e-18 0 0.55 2.05229e-23 5.58735e-23 7.11247e-18 1 2.77556e-17 -5.55112e-17 0.55 6.16273e-23 -9.24274e-23 0.809672 -0.586883 -7.77732e-14 2.93453e-14 7.63665e-21 -6.05763e-20 -2.23485e-19 -2.39438e-14 -7.04557e-18 8.32005e-18 -9.07394e-24 8.82757e-24 -1.26975e-23 5.31121e-17
615.282 2.87192e-18 0 0.55 1.06331e-23 5.08825e-23 6.66748e-18 1 2.77556e-17 -5.55112e-17 0.55 6.58183e-23 -7.26746e-23 0.809672 -0.586883 -7.77732e-14 2.93453e-14 7.63665e-21 -6.05763e-20 -2.23485e-19 -2.39438e-14 -2.45235e-18 6.94674e-18 -6.66772e-24 6.10401e-24 -6.33752e-23 5.86505e-18
615.29 2.60045e-18 0 0.55 6.85756e-24 4.62227e-23 6.03791e-18 1 2.77556e-17 -5.55112e-17 0.55 6.20795e-23 -6.21055e-23 0.809672 -0.586883 -7.34199e-14 6.07495e-15 1.4239e-20 -1.63407e-20 -2.06597e-19 -2.25609e-14 -2.86573e-18 5.9024e-18 -8.45839e-24 1.12248e-23 9.21404e-25 1.01063e-17
615.297 2.33201e-18 0 0.55 5.63619e-24 4.0796e-23 5.42273e-18 1 2.77556e-17 -5.55112e-17 0.55 5.58476e-23 -5.44377e-23 0.809672 -0.586883 -6.0088e-14 4.52351e-15 1.96864e-20 -1.42996e-20 -1.71403e-19 -1.91091e-14 -2.86573e-18 5.9024e-18 -8.45839e-24 1.12248e-23 9.21404e-25 1.01063e-17
615.299 2.2655e-18 0 0.55 5.31532e-24 3.95423e-23 5.26956e-18 1 2.77556e-17 -5.55112e-17 0.55 5.43508e-23 -5.2542e-23 0.809672 -0.586883 -6.0088e-14 4.52351e-15 1.96864e-20 -1.42996e-20 -1.71403e-19 -1.91091e-14 -2.90175e-18 4.82273e-18 -8.02813e-24 2.92986e-24 2.45121e-25 1.04765e-17
615.307 2.02378e-18 0 0.55 4.06474e-24 3.50222e-23 4.71249e-18 1 2.77556e-17 -5.55112e-17 0.55 4.89635e-23 -4.55611e-23 0.809672 -0.586883 -5.01511e-14 1.31272e-15 2.6189e-20 -7.29874e-21 -1.44679e-19 -1.63471e-14 -2.90175e-18 4.82273e-18 -8.02813e-24 2.92986e-24 2.45121e-25 1.04765e-17
615.315 1.81135e-18 0 0.55 2.88813e-24 3.09903e-23 4.22314e-18 1 2.77556e-17 -5.55112e-17 0.55 4.42265e-23 -3.93191e-23 0.809672 -0.586883 -4.37172e-14 -7.58532e-16 2.90761e-20 -2.37333e-21 -1.27035e-19 -1.45777e-14 -2.9098e-18 4.14636e-18 -7.55299e-24 2.97871e-24 2.88448e-25 1.05593e-17
615.324 1.60425e-18 0 0.55 1.65408e-24 2.70318e-23 3.74605e-18 1 2.77556e-17 -5.55112e-17 0.55 3.96306e-23 -3.31325e-23 0.809672 -0.586883 -3.76437e-14 -2.7319e-15 3.07344e-20 2.63998e-21 -1.10264e-19 -1.29057e-14 -2.91496e-18 3.50528e-18 -7.01089e-24 2.51702e-24 2.01628e-25 1.06124e-17
615.328 1.52183e-18 0 0.55 1.13584e-24 2.54479e-23 3.55618e-18 1 2.77556e-17 -5.55112e-17 0.55 3.78086e-23 -3.06393e-23 0.809672 -0.586883 -3.76437e-14 -2.7319e-15 3.07344e-20 2.63998e-21 -1.10264e-19 -1.29057e-14 -2.91761e-18 2.96332e-18 -6.45675e-24 2.15214e-24 1.4054e-25 1.06396e-17
615.337 1.35547e-18 0 0.55 7.97093e-27 2.22368e-23 3.17295e-18 1 2.77556e-17 -5.55112e-17 0.55 3.41673e-23 -2.55238e-23 0.809672 -0.586883 -3.25101e-14 -4.4073e-15 3.1185e-20 7.18383e-21 -9.5969e-20 -1.14925e-14 -2.9177e-18 2.50523e-18 -5.90872e-24 1.75181e-24 1.57102e-25 1.06406e-17
615.346 1.21258e-18 0 0.55 -9.76988e-25 1.94529e-23 2.84379e-18 1 2.77556e-17 -5.55112e-17 0.55 3.10173e-23 -2.10933e-23 0.809672 -0.586883 -2.81755e-14 -5.83225e-15 3.07346e-20 1.12887e-20 -8.38004e-20 -1.02991e-14 -2.9177e-18 2.50523e-18 -5.90872e-24 1.75181e-24 1.57102e-25 1.06406e-17
615.356 1.0771e-18 0 0.55 -1.98711e-24 1.67958e-23 2.53168e-18 1 2.77556e-17 -5.55112e-17 0.55 2.80579e-23 -1.6814e-23 0.809672 -0.586883 -2.45061e-14 -7.0335e-15 2.97198e-20 1.49613e-20 -7.34144e-20 -9.28918e-15 -2.91866e-18 2.1179e-18 -5.37154e-24 1.57036e-24 7.13534e-26 1.06505e-17
615.357 1.06476e-18 0 0.55 -2.08275e-24 1.65528e-23 2.50326e-18 1 2.77556e-17 -5.55112e-17 0.55 2.77894e-23 -1.64202e-23 0.809672 -0.586883 -2.45061e-14 -7.0335e-15 2.97198e-20 1.49613e-20 -7.34144e-20 -9.28918e-15 -6.92121e-18 -1.32249e-17 9.04124e-22 9.60271e-21 1.99269e-21 1.29264e-16
615.366 -9.63023e-18 0 0.55 4.86247e-23 -1.86772e-22 -2.25849e-17 1 2.77556e-17 -3.46945e-17 0.55 -2.76422e-22 1.41271e-22 0.809672 -0.586883 3.03014e-13 6.44913e-14 7.96791e-19 -1.61681e-19 1.23055e-18 8.04015e-14 -6.92121e-18 -1.32249e-17 9.04124e-22 9.60271e-21 1.99269e-21 1.29264e-16
615.373 -5.95225e-18 0 0.55 3.24205e-23 -8.33571e-23 -1.40237e-17 1 2.77556e-17 -3.46945e-17 0.55 -1.61537e-22 7.07525e-23 0.809672 -0.586883 3.03014e-13 6.44913e-14 7.96791e-19 -1.61681e-19 1.23055e-18 8.04015e-14 1.86876e-18 -1.27236e-17 -3.70558e-23 -3.06285e-22 -1.60262e-22 3.89039e-17
615.378 -5.48852e-18 0 0.55 2.53335e-23 -8.18876e-23 -1.28564e-17 1 2.77556e-17 -3.46945e-17 0.55 -1.50022e-22 7.34376e-23 0.809672 -0.586883 1.24924e-13 2.97825e-14 9.88359e-20 -9.94447e-20 3.24704e-19 4.32997e-14 7.90542e-18 -1.07003e-17 1.27196e-23 6.03992e-23 -6.80286e-23 -2.31812e-17
615.386 -4.83189e-18 0 0.55 1.56915e-23 -7.56371e-23 -1.12895e-17 1 2.77556e-17 -3.46945e-17 0.55 -1.27297e-22 7.53745e-23 0.809672 -0.586883 1.15338e-13 1.11158e-14 9.078e-20 -6.34334e-20 3.19323e-19 3.93827e-14 7.90542e-18 -1.07003e-17 1.27196e-23 6.03992e-23 -6.80286e-23 -2.31812e-17
615.39 -4.54483e-18 0 0.55 1.45426e-23 -7.02076e-23 -1.06274e-17 1 2.77556e-17 -3.46945e-17 0.55 -1.18863e-22 7.0086e-23 0.809672 -0.586883 1.15338e-13 1.11158e-14 9.078e-20 -6.34334e-20 3.19323e-19 3.93827e-14 7.95842e-18 -9.04043e-18 4.66803e-24 -3.13627e-24 -5.46186e-24 -2.37448e-17
615.399 -4.05329e-18 0 0.55 1.44817e-23 -6.20303e-23 -9.48903e-18 1 2.77556e-17 -3.46945e-17 0.55 -1.06628e-22 5.92409e-23 0.809672 -0.586883 1.00089e-13 1.60421e-14 4.82414e-20 -6.94706e-20 2.77005e-19 3.51745e-14 7.95842e-18 -9.04043e-18 4.66803e-24 -3.13627e-24 -5.46186e-24 -2.37448e-17
615.401 -3.95149e-18 0 0.55 1.45891e-23 -6.02321e-23 -9.25424e-18 1 2.77556e-17 -3.46945e-17 0.55 -1.04142e-22 5.68263e-23 0.809672 -0.586883 1.00089e-13 1.60421e-14 4.82414e-20 -6.94706e-20 2.77005e-19 3.51745e-14 7.95842e-18 -9.04043e-18 4.66803e-24 -3.13627e-24 -5.46186e-24 -2.37448e-17
615.405 -3.75643e-18 0 0.55 1.48514e-23 -5.67269e-23 -8.80482e-18 1 2.77556e-17 -3.46945e-17 0.55 -9.93922e-23 5.21135e-23 0.809672 -0.586883 8.64118e-14 1.90839e-14 2.74571e-20 -7.2997e-20 2.41594e-19 3.14172e-14 8.27044e-18 -7.64762e-18 5.83155e-24 -4.93542e-24 -2.01494e-24 -2.69557e-17
615.414 -3.36506e-18 0 0.55 1.56131e-23 -4.96501e-23 -7.90327e-18 1 2.77556e-17 -3.46945e-17 0.55 -9.00116e-23 4.23599e-23 0.809672 -0.586883 8.64118e-14 1.90839e-14 2.74571e-20 -7.2997e-20 2.41594e-19 3.14172e-14 8.46855e-18 -6.46794e-18 6.01516e-24 -4.38138e-24 -1.42103e-24 -2.89941e-17
615.42 -3.13684e-18 0 0.55 1.62075e-23 -4.55e-23 -7.37749e-18 1 2.77556e-17 -3.46945e-17 0.55 -8.46313e-23 3.64832e-23 0.809672 -0.586883 7.49739e-14 2.19346e-14 1.16209e-20 -7.69758e-20 2.11728e-19 2.82692e-14 8.58567e-18 -5.46946e-18 6.06889e-24 -3.71487e-24 -9.45588e-25 -3.01991e-17
615.43 -2.80532e-18 0 0.55 1.72692e-23 -3.94198e-23 -6.61378e-18 1 2.77556e-17 -3.46945e-17 0.55 -7.6914e-23 2.76937e-23 0.809672 -0.586883 6.53715e-14 2.45567e-14 1.3204e-22 -8.12758e-20 1.86401e-19 2.56254e-14 8.65481e-18 -4.62473e-18 5.9555e-24 -3.18152e-24 -6.50774e-25 -3.09105e-17
615.439 -2.55198e-18 0 0.55 1.82464e-23 -3.47297e-23 -6.03016e-18 1 2.77556e-17 -3.46945e-17 0.55 -7.10916e-23 2.07696e-23 0.809672 -0.586883 5.72851e-14 2.68989e-14 -8.05986e-21 -8.55947e-20 1.64861e-19 2.33992e-14 8.69545e-18 -3.91022e-18 5.73291e-24 -2.71993e-24 -4.51232e-25 -3.13286e-17
615.447 -2.35727e-18 0 0.55 1.91021e-23 -3.10961e-23 -5.58162e-18 1 2.77556e-17 -3.46945e-17 0.55 -6.66592e-23 1.53199e-23 0.809672 -0.586883 5.04688e-14 2.89539e-14 -1.37058e-20 -8.97679e-20 1.46533e-19 2.15227e-14 8.69545e-18 -3.91022e-18 5.73291e-24 -2.71993e-24 -4.51232e-25 -3.13286e-17
615.451 -2.26942e-18 0 0.55 1.95201e-23 -2.94476e-23 -5.37924e-18 1 2.77556e-17 -3.46945e-17 0.55 -6.46711e-23 1.28226e-23 0.809672 -0.586883 5.04688e-14 2.89539e-14 -1.37058e-20 -8.97679e-20 1.46533e-19 2.15227e-14 8.71921e-18 -3.30597e-18 5.43689e-24 -2.32514e-24 -3.14866e-25 -3.1573e-17
615.459 -2.12268e-18 0 0.55 2.12761e-23 -2.62721e-23 -5.04509e-18 1 2.77556e-17 -3.46945e-17 0.55 -6.3145e-23 6.6372e-24 0.809672 -0.586883 4.47181e-14 3.07358e-14 -1.7405e-20 -9.3703e-20 1.30931e-19 1.99396e-14 5.80481e-18 -2.73164e-18 2.78316e-24 -3.10019e-24 5.70289e-23 -1.5993e-18
615.468 -2.09331e-18 0 0.55 2.63141e-23 -2.59365e-23 -4.96897e-18 1 2.77556e-17 -3.46945e-17 0.55 -6.62608e-23 -1.03504e-24 0.809672 -0.586883 4.5676e-14 4.45717e-14 -1.75993e-20 -1.21515e-19 1.29587e-19 2.00183e-14 5.80481e-18 -2.73164e-18 2.78316e-24 -3.10019e-24 5.70289e-23 -1.5993e-18
615.469 -2.07089e-18 0 0.55 2.62577e-23 -2.55068e-23 -4.91775e-18 1 2.77556e-17 -3.46945e-17 0.55 -6.55877e-23 -1.36695e-24 0.809672 -0.586883 4.5676e-14 4.45717e-14 -1.75993e-20 -1.21515e-19 1.29587e-19 2.00183e-14 7.21836e-18 -2.35284e-18 4.57194e-24 -8.71143e-24 -4.41427e-24 -1.61313e-17
615.475 -1.93282e-18 0 0.55 2.56117e-23 -2.25689e-23 -4.60358e-18 1 2.77556e-17 -3.46945e-17 0.55 -6.1004e-23 -3.37066e-24 0.809672 -0.586883 3.7345e-14 3.99128e-14 -1.7463e-20 -1.1254e-19 1.08659e-19 1.79395e-14 7.21836e-18 -2.35284e-18 4.57194e-24 -8.71143e-24 -4.41427e-24 -1.61313e-17
615.483 -1.79789e-18 0 0.55 2.50005e-23 -2.00871e-23 -4.29329e-18 1 2.77556e-17 -3.46945e-17 0.55 -5.66737e-23 -5.28135e-24 0.809672 -0.586883 3.34607e-14 3.84202e-14 -1.89049e-20 -1.10699e-19 9.8807e-20 1.68422e-14 7.84806e-18 -1.99508e-18 4.27805e-24 -1.01901e-24 -2.33471e-24 -2.26098e-17
615.488 -1.72816e-18 0 0.55 2.48303e-23 -1.88402e-23 -4.13249e-18 1 2.77556e-17 -3.46945e-17 0.55 -5.45705e-23 -6.46152e-24 0.809672 -0.586883 3.00987e-14 3.78516e-14 -1.39543e-18 4.31417e-20 1.96584e-19 1.59168e-14 7.84806e-18 -1.99508e-18 4.27805e-24 -1.01901e-24 -2.33471e-24 -2.26098e-17
615.498 -1.60797e-18 0 0.55 -1.62757e-23 -2.03991e-23 -3.85557e-18 1 2.77556e-17 -3.46945e-17 0.55 -3.10099e-23 3.0896e-23 0.809672 -0.586883 3.00987e-14 3.78516e-14 -1.39543e-18 4.31417e-20 1.96584e-19 1.59168e-14 8.21339e-18 -1.69187e-18 2.71736e-22 2.05601e-21 1.8118e-21 -2.63687e-17
615.504 -1.54694e-18 0 0.55 1.40288e-23 -1.65821e-23 -3.71496e-18 1 2.77556e-17 -3.46945e-17 0.55 -4.41809e-23 1.39109e-26 0.809672 -0.586883 2.73686e-14 3.77568e-14 -4.06308e-20 -1.103e-19 8.42115e-20 1.51645e-14 8.4307e-18 -1.4333e-18 7.0674e-24 -3.82137e-23 1.06248e-22 -2.86046e-17
615.512 -1.47606e-18 0 0.55 2.2295e-23 -1.45946e-23 -3.55166e-18 1 2.77556e-17 -3.46945e-17 0.55 -4.64839e-23 -9.29193e-24 0.809672 -0.586883 2.73686e-14 3.77568e-14 -4.06308e-20 -1.103e-19 8.42115e-20 1.51645e-14 8.4307e-18 -1.4333e-18 7.0674e-24 -3.82137e-23 1.06248e-22 -2.86046e-17
615.515 -1.45219e-18 0 0.55 2.32926e-23 -1.40649e-23 -3.49665e-18 1 2.77556e-17 -3.46945e-17 0.55 -4.63552e-23 -1.07419e-23 0.809672 -0.586883 2.51195e-14 3.79107e-14 -3.27916e-20 -1.09846e-19 7.75728e-20 1.45451e-14 -2.55104e-16 -8.75628e-17 4.69422e-24 -4.30062e-24 2.88723e-24 -3.05651e-17
615.522 -1.40175e-18 0 0.55 1.30796e-22 -1.58407e-23 -3.38053e-18 1 2.77556e-17 -2.08167e-17 0.55 -1.1573e-22 -1.05301e-22 0.809672 -0.586883 2.29893e-14 -4.34527e-14 1.53138e-18 -1.6214e-19 -3.13323e-20 1.38267e-14 -2.55104e-16 -8.75628e-17 4.69422e-24 -4.30062e-24 2.88723e-24 -3.05651e-17
615.528 -1.38011e-18 0 0.55 -4.67819e-23 -2.54522e-23 -3.33802e-18 1 2.77556e-17 -6.93889e-18 0.55 -4.85517e-24 8.27321e-23 0.809672 -0.586883 2.29893e-14 -4.34527e-14 1.53138e-18 -1.6214e-19 -3.13323e-20 1.38267e-14 1.58287e-16 3.97485e-17 -3.16077e-22 -2.29842e-21 -1.59717e-21 -2.14229e-16
615.534 -1.59123e-18 0 0.55 -1.75349e-23 -2.01199e-23 -3.81875e-18 1 2.77556e-17 -6.93889e-18 0.55 -1.68743e-23 4.62242e-23 0.809672 -0.586883 3.3953e-14 -1.03373e-14 -5.86376e-20 -2.46549e-20 1.05539e-19 1.68396e-14 1.85931e-17 -3.37601e-18 -8.42029e-24 -1.55771e-22 1.5116e-22 -1.33155e-16
615.539 -1.6945e-18 0 0.55 -2.07435e-24 -2.17534e-23 -4.05035e-18 1 2.77556e-17 -6.93889e-18 0.55 -3.04914e-23 3.11779e-23 0.809672 -0.586883 3.27297e-14 8.79454e-15 -1.19434e-18 3.37803e-19 2.5312e-19 1.66137e-14 1.85931e-17 -3.37601e-18 -8.42029e-24 -1.55771e-22 1.5116e-22 -1.33155e-16
615.547 -1.69324e-18 0 0.55 -5.27223e-23 -2.96943e-23 -4.0502e-18 1 2.77556e-17 -6.93889e-18 0.55 -1.39074e-23 8.16883e-23 0.809672 -0.586883 3.27297e-14 8.79454e-15 -1.19434e-18 3.37803e-19 2.5312e-19 1.66137e-14 1.43945e-17 -2.80857e-18 3.48029e-22 3.35674e-21 -3.20251e-21 -8.99662e-17
615.552 -1.67217e-18 0 0.55 -8.33956e-24 -2.08656e-23 -4.00262e-18 1 2.77556e-17 -6.93889e-18 0.55 -3.06056e-23 3.03537e-23 0.809672 -0.586883 3.11768e-14 1.97001e-14 -4.2543e-20 -7.76053e-20 9.85935e-20 1.62027e-14 1.21087e-17 -2.34407e-18 7.52689e-24 -5.4106e-23 1.52222e-22 -6.64479e-17
615.559 -1.63524e-18 0 0.55 1.07637e-23 -1.8848e-23 -3.91782e-18 1 2.77556e-17 -6.93889e-18 0.55 -4.12187e-23 9.93614e-24 0.809672 -0.586883 3.11768e-14 1.97001e-14 -4.2543e-20 -7.76053e-20 9.85935e-20 1.62027e-14 1.21087e-17 -2.34407e-18 7.52689e-24 -5.4106e-23 1.52222e-22 -6.64479e-17
615.565 -1.62085e-18 0 0.55 -2.99066e-23 -2.06343e-24 -3.8891e-18 1 2.77556e-17 1.38778e-17 0.55 1.43979e-23 3.66029e-23 0.809672 -0.586883 3.01076e-14 -2.70179e-14 5.79121e-18 1.62387e-18 -4.01837e-19 1.60702e-14 -2.41413e-16 -9.02947e-17 -1.31009e-21 -9.01007e-21 2.12173e-20 -1.71121e-16
615.566 -1.6365e-18 0 0.55 -4.16166e-23 -1.79334e-23 -3.92698e-18 1 2.77556e-17 1.38778e-17 0.55 -2.48498e-25 6.63572e-23 0.809672 -0.586883 3.01076e-14 -2.70179e-14 5.79121e-18 1.62387e-18 -4.01837e-19 1.60702e-14 -2.41413e-16 -9.02947e-17 -1.31009e-21 -9.01007e-21 2.12173e-20 -1.71121e-16
615.574 -1.8451e-18 0 0.55 -6.83512e-24 -2.44269e-23 -4.39907e-18 1 2.77556e-17 1.38778e-17 0.55 -3.22839e-23 3.80786e-23 0.809672 -0.586883 3.91126e-14 1.45799e-15 -3.60887e-20 -4.49364e-20 1.21171e-19 1.82458e-14 1.56579e-17 -3.48761e-18 1.12335e-24 -6.3111e-23 1.30276e-22 -1.0296e-16
615.58 -1.86261e-18 0 0.55 5.28349e-24 -2.40156e-23 -4.43854e-18 1 2.77556e-17 1.38778e-17 0.55 -4.13748e-23 2.44882e-23 0.809672 -0.586883 3.91126e-14 1.45799e-15 -3.60887e-20 -4.49364e-20 1.21171e-19 1.82458e-14 1.56579e-17 -3.48761e-18 1.12335e-24 -6.3111e-23 1.30276e-22 -1.0296e-16
615.585 -1.82864e-18 0 0.55 1.01942e-23 -2.25896e-23 -4.36234e-18 1 2.77556e-17 1.38778e-17 0.55 -4.42295e-23 1.71285e-23 0.809672 -0.586883 3.57922e-14 1.52032e-14 -2.69022e-20 -6.69135e-20 1.10692e-19 1.74738e-14 1.27597e-17 -2.92353e-18 5.21658e-24 -8.14578e-24 2.47248e-23 -7.31451e-17
615.591 6.77203e-18 0 0.55 7.47406e-23 -1.908e-22 2.28275e-17 1 2.77556e-17 1.38778e-17 0.55 -4.84374e-23 -1.46414e-22 0.809672 -0.586883 3.57922e-14 1.52032e-14 -2.69022e-20 -6.69135e-20 1.10692e-19 1.74738e-14 -2.38438e-17 7.02243e-18 1.87818e-21 1.06291e-20 -2.84494e-21 -1.70352e-17
615.597 1.41334e-17 0 0.55 -1.89692e-22 2.21209e-22 3.43299e-17 1 2.77556e-17 1.38778e-17 0.55 4.44295e-22 2.46744e-23 0.809672 -0.586883 -6.04845e-13 -2.30773e-13 -8.92783e-19 1.12404e-18 -1.12402e-18 -1.45188e-13 -2.38438e-17 7.02243e-18 1.87818e-21 1.06291e-20 -2.84494e-21 -1.70352e-17
615.605 9.11933e-18 0 0.55 -1.62205e-22 1.06573e-22 2.26946e-17 1 2.77556e-17 1.38778e-17 0.55 3.36136e-22 8.96227e-23 0.809672 -0.586883 -1.32095e-13 -1.8856e-13 -1.38751e-19 5.47943e-19 -3.33744e-19 -6.71503e-14 -1.63775e-17 1.01525e-17 6.14253e-23 7.71827e-22 2.04863e-22 -4.86022e-17
615.612 7.97815e-18 0 0.55 -1.37754e-22 9.79552e-23 1.98231e-17 1 2.77556e-17 1.38778e-17 0.55 3.01487e-22 7.21008e-23 0.809672 -0.586883 -1.32095e-13 -1.8856e-13 -1.38751e-19 5.47943e-19 -3.33744e-19 -6.71503e-14 -1.97742e-17 8.43018e-18 -1.81742e-24 -5.00157e-23 1.13898e-23 1.42485e-18
615.617 7.57156e-18 0 0.55 -1.28222e-22 9.64341e-23 1.87794e-17 1 2.77556e-17 1.38778e-17 0.55 2.86304e-22 6.43483e-23 0.809672 -0.586883 -1.42421e-13 -1.59829e-13 -9.09096e-20 4.70458e-19 -3.92648e-19 -6.55456e-14 -1.75421e-17 7.34979e-18 -1.30109e-22 -5.89933e-22 -1.01374e-21 1.37058e-17
615.624 6.87634e-18 0 0.55 -4.31723e-23 1.01602e-22 1.70367e-17 1 2.77556e-17 1.38778e-17 0.55 2.32052e-22 -2.25069e-23 0.809672 -0.586883 -1.23621e-13 -1.25567e-13 7.83258e-19 2.90132e-19 -3.72684e-19 -5.56381e-14 -1.75421e-17 7.34979e-18 -1.30109e-22 -5.89933e-22 -1.01374e-21 1.37058e-17
615.63 6.04053e-18 0 0.55 -7.76156e-23 8.04131e-23 1.49361e-17 1 2.77556e-17 1.38778e-17 0.55 2.15773e-22 2.46978e-23 0.809672 -0.586883 -1.23621e-13 -1.25567e-13 7.83258e-19 2.90132e-19 -3.72684e-19 -5.56381e-14 -1.43622e-16 -3.49975e-17 2.55714e-22 3.06681e-21 -4.92897e-21 1.92738e-17
615.635 5.45261e-18 0 0.55 -9.74431e-23 6.79177e-23 1.33779e-17 1 2.77556e-17 -1.38778e-17 0.55 1.9834e-22 4.5624e-23 0.809672 -0.586883 -1.07623e-13 -6.04019e-14 -4.40592e-19 5.36175e-19 -1.64349e-19 -4.34378e-14 -1.43622e-16 -3.49975e-17 2.55714e-22 3.06681e-21 -4.92897e-21 1.92738e-17
615.643 3.9257e-18 0 0.55 1.16135e-22 6.43179e-23 9.23337e-18 1 2.77556e-17 -5.55112e-17 0.55 1.18249e-23 -1.96762e-22 0.809672 -0.586883 -9.15256e-14 1.08729e-13 9.93845e-19 -5.95e-19 -4.25717e-19 -2.81839e-14 -2.2809e-17 1.29328e-17 -3.30907e-22 -3.5154e-21 4.07701e-21 2.15104e-16
615.649 3.70878e-18 0 0.55 7.65848e-23 7.10709e-23 8.63994e-18 1 2.77556e-17 -5.55112e-17 0.55 4.09076e-23 -1.72089e-22 0.809672 -0.586883 -9.15256e-14 1.08729e-13 9.93845e-19 -5.95e-19 -4.25717e-19 -2.81839e-14 -1.20793e-17 1.07633e-17 -1.24513e-23 -3.84912e-24 -1.38214e-22 1.04898e-16
615.655 3.65481e-18 0 0.55 4.33068e-23 6.91761e-23 8.47355e-18 1 2.77556e-17 -5.55112e-17 0.55 5.92536e-23 -1.35188e-22 0.809672 -0.586883 -9.70114e-14 5.77751e-14 -9.29089e-21 -1.07346e-19 -2.81405e-19 -2.90041e-14 -1.20793e-17 1.07633e-17 -1.24513e-23 -3.84912e-24 -1.38214e-22 1.04898e-16
615.662 3.39223e-18 0 0.55 2.88146e-23 6.29188e-23 7.86332e-18 1 2.77556e-17 -5.55112e-17 0.55 6.31048e-23 -1.11241e-22 0.809672 -0.586883 -8.32347e-14 3.67124e-14 3.30531e-21 -7.3712e-20 -2.39155e-19 -2.54461e-14 -8.26294e-18 9.06848e-18 -9.3794e-24 1.40048e-23 -2.1909e-23 6.56376e-17
615.668 3.14466e-18 0 0.55 2.22022e-23 5.7499e-23 7.29401e-18 1 2.77556e-17 -5.55112e-17 0.55 6.21942e-23 -9.65698e-23 0.809672 -0.586883 -8.32347e-14 3.67124e-14 3.30531e-21 -7.3712e-20 -2.39155e-19 -2.54461e-14 -8.26294e-18 9.06848e-18 -9.3794e-24 1.40048e-23 -2.1909e-23 6.56376e-17
615.674 2.92469e-18 0 0.55 1.67039e-23 5.26012e-23 6.79125e-18 1 2.77556e-17 -5.55112e-17 0.55 6.22664e-23 -8.32901e-23 0.809672 -0.586883 -7.3605e-14 7.84389e-15 5.09266e-20 -3.17836e-20 -2.1061e-19 -2.30864e-14 -2.363e-18 7.61326e-18 -1.3662e-23 -1.92209e-23 -4.77813e-23 5.00928e-18
615.684 2.6848e-18 0 0.55 7.33457e-24 4.79713e-23 6.23078e-18 1 2.77556e-17 -5.55112e-17 0.55 6.39556e-23 -6.46155e-23 0.809672 -0.586883 -6.60766e-14 5.77027e-15 1.29843e-20 -1.63452e-20 -1.88336e-19 -2.06722e-14 -2.78651e-18 6.4079e-18 -1.13655e-23 -1.08661e-23 -1.6057e-23 9.29271e-18
615.691 2.40248e-18 0 0.55 5.96088e-24 4.21577e-23 5.58473e-18 1 2.77556e-17 -5.55112e-17 0.55 5.74569e-23 -5.6438e-23 0.809672 -0.586883 -5.57296e-14 3.14042e-15 2.30386e-20 -1.14183e-20 -1.59762e-19 -1.78942e-14 -2.89006e-18 5.42566e-18 -8.05809e-24 6.29459e-24 1.25147e-24 1.03563e-17
615.697 2.20194e-18 0 0.55 4.99705e-24 3.83573e-23 5.12309e-18 1 2.77556e-17 -5.55112e-17 0.55 5.29323e-23 -5.07203e-23 0.809672 -0.586883 -4.7896e-14 5.88453e-16 2.73115e-20 -5.61084e-21 -1.38508e-19 -1.5727e-14 -2.90485e-18 4.58584e-18 -7.8847e-24 2.99326e-24 2.55617e-25 1.05084e-17
615.707 1.91404e-18 0 0.55 3.46683e-24 3.29439e-23 4.45968e-18 1 2.77556e-17 -5.55112e-17 0.55 4.65147e-23 -4.23486e-23 0.809672 -0.586883 -4.7896e-14 5.88453e-16 2.73115e-20 -5.61084e-21 -1.38508e-19 -1.5727e-14 -2.90485e-18 4.58584e-18 -7.8847e-24 2.99326e-24 2.55617e-25 1.05084e-17
615.715 1.7154e-18 0 0.55 2.32806e-24 2.91598e-23 4.00211e-18 1 2.77556e-17 -5.55112e-17 0.55 4.20941e-23 -3.64662e-23 0.809672 -0.586883 -4.11642e-14 -1.58659e-15 2.99111e-20 -3.1096e-22 -1.20002e-19 -1.38749e-14 -2.91227e-18 3.87695e-18 -7.33685e-24 2.79061e-24 2.55454e-25 1.05847e-17
615.725 1.50207e-18 0 0.55 1.00918e-24 2.50676e-23 3.51068e-18 1 2.77556e-17 -5.55112e-17 0.55 3.73726e-23 -3.0039e-23 0.809672 -0.586883 -3.54861e-14 -3.43529e-15 3.10387e-20 4.51288e-21 -1.0427e-19 -1.23117e-14 -2.91624e-18 3.27752e-18 -6.78994e-24 2.36327e-24 1.74484e-25 1.06256e-17
615.731 1.39028e-18 0 0.55 2.73516e-25 2.29087e-23 3.25315e-18 1 2.77556e-17 -5.55112e-17 0.55 3.49094e-23 -2.662e-23 0.809672 -0.586883 -3.06884e-14 -5.01091e-15 3.07875e-20 8.98852e-21 -9.08422e-20 -1.09912e-14 -2.91644e-18 2.77087e-18 -6.18247e-24 2.59164e-24 -8.31312e-25 1.06276e-17
615.736 1.30543e-18 0 0.55 -3.29181e-25 2.12602e-23 3.05769e-18 1 2.77556e-17 -5.55112e-17 0.55 3.30569e-23 -2.39764e-23 0.809672 -0.586883 -3.06884e-14 -5.01091e-15 3.07875e-20 8.98852e-21 -9.08422e-20 -1.09912e-14 -2.91644e-18 2.77087e-18 -6.18247e-24 2.59164e-24 -8.31312e-25 1.06276e-17
