1854.57 1.35586e-20 2.77556e-17 0.55 1.28034e-23 5.70956e-24 1.02461e-20 1 0 -6.93889e-18 0.55 1.89626e-23 -3.42004e-24 0.655819 0.754919 -2.22311e-15 1.26231e-14 -2.9302e-18 -7.20572e-19 1.26939e-19 4.83465e-16 5.53058e-18 -4.30493e-19 -3.74709e-22 -3.07605e-21 1.42874e-20 -4.82795e-17
1854.57 1.87325e-20 2.77556e-17 0.55 1.28426e-23 5.51777e-24 2.20579e-20 1 0 -6.93889e-18 0.55 1.86707e-23 -3.62126e-24 0.655819 0.754919 -2.22311e-15 1.26231e-14 -2.9302e-18 -7.20572e-19 1.26939e-19 4.83465e-16 5.53058e-18 -4.30493e-19 -3.74709e-22 -3.07605e-21 1.42874e-20 -4.82795e-17
1854.58 4.19448e-20 2.77556e-17 0.55 5.94172e-24 3.2416e-24 7.41933e-20 1 0 -6.93889e-18 0.55 9.74003e-24 -1.3934e-24 0.655819 0.754919 -3.80973e-15 3.75471e-15 1.63966e-20 9.91168e-22 -8.41431e-21 8.84348e-17 3.45862e-18 -3.99165e-19 -3.18422e-24 -4.01039e-23 5.01805e-23 -2.71053e-17
1854.58 4.85264e-20 2.77556e-17 0.55 2.2086e-24 3.04846e-24 8.90221e-20 1 0 -6.93889e-18 0.55 6.03345e-24 1.39441e-24 0.655819 0.754919 -3.80973e-15 3.75471e-15 1.63966e-20 9.91168e-22 -8.41431e-21 8.84348e-17 3.45862e-18 -3.99165e-19 -3.18422e-24 -4.01039e-23 5.01805e-23 -2.71053e-17
1854.58 4.87935e-20 2.77556e-17 0.55 1.65046e-24 3.02733e-24 8.967e-20 1 0 -6.93889e-18 0.55 5.45378e-24 1.86832e-24 0.655819 0.754919 -3.80973e-15 3.75471e-15 1.63966e-20 9.91168e-22 -8.41431e-21 8.84348e-17 3.45862e-18 -3.99165e-19 -3.18422e-24 -4.01039e-23 5.01805e-23 -2.71053e-17
1854.59 4.66658e-20 2.77556e-17 0.55 -1.89384e-25 2.90498e-24 8.50978e-20 1 0 -6.93889e-18 0.55 3.36732e-24 3.5018e-24 0.655819 0.754919 -3.43093e-15 -3.00498e-16 6.13471e-21 7.4068e-21 -9.89553e-21 1.70234e-16 2.53877e-18 -3.34536e-19 1.73666e-26 -1.06329e-24 6.78566e-24 -1.76427e-17
1854.59 4.22779e-20 2.77556e-17 0.55 -1.45905e-24 2.78626e-24 7.51861e-20 1 0 -6.93889e-18 0.55 1.76034e-24 4.68648e-24 0.655819 0.754919 -3.19639e-15 -2.57922e-15 3.585e-21 1.18416e-20 -9.23398e-21 2.34604e-16 2.02806e-18 -2.79927e-19 1.09825e-25 -1.87227e-25 2.40467e-24 -1.23881e-17
1854.6 3.56511e-20 2.77556e-17 0.55 -2.48976e-24 2.64385e-24 5.9962e-20 1 0 -6.93889e-18 0.55 3.23207e-25 5.62778e-24 0.655819 0.754919 -2.93193e-15 -3.95202e-15 2.22004e-21 1.45871e-20 -8.45633e-21 3.0697e-16 2.02806e-18 -2.79927e-19 1.09825e-25 -1.87227e-25 2.40467e-24 -1.23881e-17
1854.61 2.92218e-20 2.77556e-17 0.55 -3.07879e-24 2.51043e-24 4.51699e-20 1 0 -6.93889e-18 0.55 -5.76116e-25 6.10491e-24 0.655819 0.754919 -2.93193e-15 -3.95202e-15 2.22004e-21 1.45871e-20 -8.45633e-21 3.0697e-16 1.72427e-18 -2.35064e-19 1.44245e-25 -1.57185e-25 1.23099e-24 -9.26238e-18
1854.61 2.36232e-20 2.77556e-17 0.55 -3.44253e-24 2.39723e-24 3.22829e-20 1 0 -6.93889e-18 0.55 -1.17048e-24 6.35671e-24 0.655819 0.754919 -2.6714e-15 -4.78493e-15 1.31849e-21 1.62963e-20 -7.71483e-21 3.78441e-16 1.54319e-18 -1.97864e-19 1.56578e-25 -1.3822e-25 7.17583e-25 -7.39924e-18
1854.62 1.90321e-20 2.77556e-17 0.55 -3.6749e-24 2.30609e-24 2.17123e-20 1 0 -6.93889e-18 0.55 -1.57298e-24 6.49033e-24 0.655819 0.754919 -2.6714e-15 -4.78493e-15 1.31849e-21 1.62963e-20 -7.71483e-21 3.78441e-16 1.54319e-18 -1.97864e-19 1.56578e-25 -1.3822e-25 7.17583e-25 -7.39924e-18
1854.63 2.53297e-20 2.77556e-17 0.55 1.25891e-23 5.98004e-24 3.73656e-20 1 0 -1.38778e-17 0.55 1.90777e-23 -2.87206e-24 0.655819 0.754919 -3.04443e-15 1.02236e-14 4.79446e-19 -5.72336e-20 -5.52832e-20 2.41234e-16 4.93554e-18 -4.88273e-19 7.65614e-23 7.73869e-22 6.19508e-22 -4.22786e-17
1854.63 5.24474e-20 2.77556e-17 0.55 5.79956e-24 3.47865e-24 9.83891e-20 1 0 -1.38778e-17 0.55 9.88602e-24 -9.5117e-25 0.655819 0.754919 -3.04443e-15 1.02236e-14 4.79446e-19 -5.72336e-20 -5.52832e-20 2.41234e-16 4.93554e-18 -4.88273e-19 7.65614e-23 7.73869e-22 6.19508e-22 -4.22786e-17
1854.64 5.7737e-20 2.77556e-17 0.55 2.75768e-24 3.29244e-24 1.10244e-19 1 0 -1.38778e-17 0.55 6.85933e-24 1.24572e-24 0.655819 0.754919 -3.98328e-15 2.14289e-15 4.86116e-21 4.31915e-21 -1.09268e-20 3.41907e-17 3.0834e-18 -4.02686e-19 -5.67573e-25 -7.65898e-24 3.15915e-23 -2.32459e-17
1854.64 5.53822e-20 2.77556e-17 0.55 -2.83581e-25 3.10118e-24 1.05179e-19 1 0 -1.38778e-17 0.55 3.51674e-24 3.84246e-24 0.655819 0.754919 -3.573e-15 -1.14789e-15 4.31081e-21 9.21298e-21 -1.04058e-20 1.30362e-16 2.34116e-18 -3.37929e-19 1.49104e-25 -7.30152e-25 4.60509e-24 -1.56096e-17
1854.65 4.73309e-20 2.77556e-17 0.55 -1.97785e-24 2.90246e-24 8.68514e-20 1 0 -1.38778e-17 0.55 1.29553e-24 5.38433e-24 0.655819 0.754919 -3.573e-15 -1.14789e-15 4.31081e-21 9.21298e-21 -1.04058e-20 1.30362e-16 1.91075e-18 -2.83252e-19 2.20204e-25 -1.61653e-25 1.88748e-24 -1.11811e-17
1854.66 3.83345e-20 2.77556e-17 0.55 -2.90742e-24 2.71261e-24 6.61556e-20 1 0 -1.38778e-17 0.55 -9.23941e-26 6.16216e-24 0.655819 0.754919 -3.29874e-15 -3.08047e-15 2.36725e-21 1.29922e-20 -9.59715e-21 2.06329e-16 1.65435e-18 -2.38189e-19 2.2991e-25 -1.6649e-25 1.02508e-24 -8.54304e-18
1854.67 3.00533e-20 2.77556e-17 0.55 -3.43453e-24 2.5426e-24 4.70945e-20 1 0 -1.38778e-17 0.55 -9.62774e-25 6.52204e-24 0.655819 0.754919 -3.00374e-15 -4.24915e-15 1.267e-21 1.53315e-20 -8.73095e-21 2.87102e-16 1.65435e-18 -2.38189e-19 2.2991e-25 -1.6649e-25 1.02508e-24 -8.54304e-18
1854.67 2.39922e-20 2.77556e-17 0.55 -3.71475e-24 2.42093e-24 3.31391e-20 1 0 -1.38778e-17 0.55 -1.46406e-24 6.66894e-24 0.655819 0.754919 -3.00374e-15 -4.24915e-15 1.267e-21 1.53315e-20 -8.73095e-21 2.87102e-16 1.50151e-18 -2.00692e-19 2.29048e-25 -1.42198e-25 6.04507e-25 -6.97044e-18
1854.68 2.028e-20 2.77556e-17 0.55 9.04704e-24 -3.11218e-24 2.50928e-20 1 0 -2.08167e-17 0.55 5.38324e-24 -1.31466e-23 0.655819 0.754919 -2.72377e-15 -4.96069e-15 5.48859e-22 1.67875e-20 -7.93133e-21 3.63966e-16 1.50151e-18 -2.00692e-19 2.29048e-25 -1.42198e-25 6.04507e-25 -6.97044e-18
1854.69 4.46003e-20 2.77556e-17 0.55 1.06862e-23 4.57361e-24 8.11341e-20 1 0 -2.08167e-17 0.55 1.55348e-23 -3.19739e-24 0.655819 0.754919 -2.72377e-15 -4.96069e-15 5.48859e-22 1.67875e-20 -7.93133e-21 3.63966e-16 4.1143e-18 -4.71865e-19 1.07514e-23 2.36008e-23 -1.84522e-22 -3.38452e-17
1854.69 6.18522e-20 2.77556e-17 0.55 2.06391e-24 3.35152e-24 1.19722e-19 1 0 -2.08167e-17 0.55 6.26706e-24 1.91663e-24 0.655819 0.754919 -3.8492e-15 6.67697e-15 1.28061e-19 -3.22832e-20 -1.36431e-20 5.48507e-17 2.81073e-18 -3.91469e-19 1.22824e-25 -1.69906e-24 1.49493e-23 -2.04408e-17
1854.7 5.67892e-20 2.77556e-17 0.55 -7.97509e-25 3.12447e-24 1.08519e-19 1 0 -2.08167e-17 0.55 2.97764e-24 4.39744e-24 0.655819 0.754919 -3.91106e-15 9.51755e-16 5.27631e-21 5.65811e-21 -1.12903e-20 4.43929e-17 2.18718e-18 -3.28106e-19 2.21351e-25 -4.31398e-25 3.38477e-24 -1.40253e-17
1854.71 4.91195e-20 2.77556e-17 0.55 -2.12791e-24 2.94698e-24 9.09762e-20 1 0 -2.08167e-17 0.55 1.17651e-24 5.59663e-24 0.655819 0.754919 -3.57238e-15 -1.82563e-15 3.18498e-21 1.06155e-20 -1.04445e-20 1.30835e-16 2.18718e-18 -3.28106e-19 2.21351e-25 -4.31398e-25 3.38477e-24 -1.40253e-17
1854.72 4.1804e-20 2.77556e-17 0.55 -2.84442e-24 2.79209e-24 7.41454e-20 1 0 -2.08167e-17 0.55 9.42599e-26 6.18654e-24 0.655819 0.754919 -3.27453e-15 -3.48673e-15 1.66402e-21 1.38726e-20 -9.55523e-21 2.12835e-16 1.81909e-18 -2.75389e-19 2.6555e-25 -1.69434e-25 1.54048e-24 -1.0238e-17
1854.72 3.535e-20 2.77556e-17 0.55 -3.2784e-24 2.65809e-24 5.92916e-20 1 0 -2.08167e-17 0.55 -6.15438e-25 6.49234e-24 0.655819 0.754919 -3.27453e-15 -3.48673e-15 1.66402e-21 1.38726e-20 -9.55523e-21 2.12835e-16 1.59972e-18 -2.31766e-19 2.64648e-25 -1.63917e-25 8.70233e-25 -7.98091e-18
1854.73 2.79488e-20 2.77556e-17 0.55 -3.64593e-24 2.50773e-24 4.22517e-20 1 0 -2.08167e-17 0.55 -1.26258e-24 6.69971e-24 0.655819 0.754919 -2.97251e-15 -4.49373e-15 7.41172e-22 1.58926e-20 -8.67264e-21 2.95626e-16 5.48676e-18 -4.80619e-19 -3.74439e-22 -3.0762e-21 1.4286e-20 -4.78287e-17
1854.74 2.29718e-20 2.77556e-17 0.55 9.0639e-24 -3.05158e-24 3.12933e-20 1 0 -2.77556e-17 0.55 5.48645e-24 -1.30924e-23 0.655819 0.754919 -2.74324e-15 1.25042e-14 -2.93235e-18 -7.19971e-19 1.25247e-19 3.40226e-16 5.48676e-18 -4.80619e-19 -3.74439e-22 -3.0762e-21 1.4286e-20 -4.78287e-17
1854.74 3.21639e-20 2.77556e-17 0.55 1.25538e-23 6.13726e-24 5.31094e-20 1 0 -2.77556e-17 0.55 1.92563e-23 -2.65321e-24 0.655819 0.754919 -2.74324e-15 1.25042e-14 -2.93235e-18 -7.19971e-19 1.25247e-19 3.40226e-16 3.43271e-18 -4.41718e-19 -2.95293e-24 -4.00365e-23 5.00632e-23 -2.68387e-17
1854.75 6.36478e-20 2.77556e-17 0.55 2.7363e-24 3.42882e-24 1.23861e-19 1 0 -2.77556e-17 0.55 7.02009e-24 1.43003e-24 0.655819 0.754919 -4.24491e-15 3.70246e-15 1.48114e-20 1.42576e-21 -9.84001e-21 -3.13707e-17 3.43271e-18 -4.41718e-19 -2.95293e-24 -4.00365e-23 5.00632e-23 -2.68387e-17
1854.76 5.87611e-20 2.77556e-17 0.55 -7.96101e-25 3.16872e-24 1.13061e-19 1 0 -2.77556e-17 0.55 3.03937e-24 4.44929e-24 0.655819 0.754919 -3.79602e-15 -3.16812e-16 4.67585e-21 7.749e-21 -1.10951e-20 6.97111e-17 2.52328e-18 -3.70633e-19 2.02553e-25 -1.09932e-24 6.73429e-24 -1.74834e-17
1854.76 5.3895e-20 2.77556e-17 0.55 -1.71631e-24 3.05199e-24 1.01959e-19 1 0 -2.77556e-17 0.55 1.81358e-24 5.28033e-24 0.655819 0.754919 -3.79602e-15 -3.16812e-16 4.67585e-21 7.749e-21 -1.10951e-20 6.97111e-17 2.01883e-18 -3.1053e-19 2.70948e-25 -2.12411e-25 2.37639e-24 -1.22932e-17
1854.77 4.77046e-20 2.77556e-17 0.55 -2.4714e-24 2.91887e-24 8.77267e-20 1 0 -2.77556e-17 0.55 7.21e-25 5.93485e-24 0.655819 0.754919 -3.50365e-15 -2.57621e-15 2.3176e-21 1.21109e-20 -1.02517e-20 1.50012e-16 2.01883e-18 -3.1053e-19 2.70948e-25 -2.12411e-25 2.37639e-24 -1.22932e-17
1854.77 4.33619e-20 2.77556e-17 0.55 -2.84673e-24 2.82716e-24 7.77342e-20 1 0 -2.77556e-17 0.55 1.39e-25 6.23131e-24 0.655819 0.754919 -3.50365e-15 -2.57621e-15 2.3176e-21 1.21109e-20 -1.02517e-20 1.50012e-16 1.71878e-18 -2.60998e-19 2.8415e-25 -1.78373e-25 1.2137e-24 -9.2059e-18
1854.78 3.56724e-20 2.77556e-17 0.55 4.28813e-23 9.20021e-24 6.00361e-20 1 0 -2.77556e-17 0.55 4.43636e-23 -1.7146e-23 0.655819 0.754919 -3.19095e-15 -3.93943e-15 1.1159e-21 1.48056e-20 -9.32045e-21 2.35663e-16 1.71878e-18 -2.60998e-19 2.8415e-25 -1.78373e-25 1.2137e-24 -9.2059e-18
1854.79 2.92158e-20 2.77556e-17 0.55 1.0299e-23 2.55201e-24 4.51703e-20 1 0 -2.77556e-17 0.55 9.86125e-24 -2.69158e-24 0.655819 0.754919 -2.89015e-15 -4.76793e-15 2.18262e-20 2.18861e-20 1.13647e-22 3.18222e-16 1.54e-18 -2.19851e-19 -8.51018e-24 -1.09126e-22 1.68417e-22 -7.36644e-18
1854.8 2.49645e-20 2.77556e-17 0.55 1.8921e-23 1.25523e-24 3.62342e-20 1 0 -3.46945e-17 0.55 1.88008e-23 -1.41334e-23 0.655819 0.754919 -2.89015e-15 -4.76793e-15 2.18262e-20 2.18861e-20 1.13647e-22 3.18222e-16 4.93275e-18 -5.0692e-19 7.61551e-23 7.72921e-22 6.3613e-22 -4.22499e-17
1854.8 5.87277e-20 2.77556e-17 0.55 6.18819e-24 3.51006e-24 1.12856e-19 1 0 -3.46945e-17 0.55 1.02517e-23 -1.14739e-24 0.655819 0.754919 -3.22939e-15 1.02377e-14 4.83148e-19 -5.72263e-20 -5.53581e-20 1.9027e-16 3.08234e-18 -4.1846e-19 -6.78702e-25 -7.56451e-24 3.31086e-23 -2.3235e-17
1854.81 6.41202e-20 2.77556e-17 0.55 1.726e-24 3.3e-24 1.24979e-19 1 0 -3.46945e-17 0.55 5.83994e-24 2.21853e-24 0.655819 0.754919 -4.13934e-15 2.16039e-15 6.12831e-21 4.03881e-21 -1.1216e-20 -8.78081e-18 3.08234e-18 -4.1846e-19 -6.78702e-25 -7.56451e-24 3.31086e-23 -2.3235e-17
1854.81 6.37762e-20 2.77556e-17 0.55 1.23752e-24 3.27539e-24 1.24243e-19 1 0 -3.46945e-17 0.55 5.31813e-24 2.63425e-24 0.655819 0.754919 -4.13934e-15 2.16039e-15 6.12831e-21 4.03881e-21 -1.1216e-20 -8.78081e-18 3.08234e-18 -4.1846e-19 -6.78702e-25 -7.56451e-24 3.31086e-23 -2.3235e-17
1854.81 6.15978e-20 2.77556e-17 0.55 1.24899e-25 3.19351e-24 1.19435e-19 1 0 -3.46945e-17 0.55 4.05259e-24 3.60312e-24 0.655819 0.754919 -4.13934e-15 2.16039e-15 6.12831e-21 4.03881e-21 -1.1216e-20 -8.78081e-18 3.08234e-18 -4.1846e-19 -6.78702e-25 -7.56451e-24 3.31086e-23 -2.3235e-17
1854.82 5.782e-20 2.77556e-17 0.55 -8.91288e-25 3.09327e-24 1.10929e-19 1 0 -3.46945e-17 0.55 2.79894e-24 4.51381e-24 0.655819 0.754919 -3.70513e-15 -1.13196e-15 5.15425e-21 8.96514e-21 -1.06713e-20 9.39903e-17 2.34053e-18 -3.51286e-19 8.18638e-26 -7.07081e-25 4.77742e-24 -1.5603e-17
1854.82 5.39081e-20 2.77556e-17 0.55 -1.6129e-24 3.0071e-24 1.0199e-19 1 0 -3.46945e-17 0.55 1.84446e-24 5.16698e-24 0.655819 0.754919 -3.70513e-15 -1.13196e-15 5.15425e-21 8.96514e-21 -1.06713e-20 9.39903e-17 1.91037e-18 -2.94563e-19 1.6799e-25 -1.63812e-25 1.91023e-24 -1.11772e-17
1854.83 4.55477e-20 2.77556e-17 0.55 -2.58284e-24 2.8353e-24 8.27641e-20 1 0 -3.46945e-17 0.55 4.43822e-25 5.99871e-24 0.655819 0.754919 -3.41052e-15 -3.06627e-15 3.03401e-21 1.27858e-20 -9.8259e-21 1.75559e-16 1.91037e-18 -2.94563e-19 1.6799e-25 -1.63812e-25 1.91023e-24 -1.11772e-17
1854.83 3.89562e-20 2.77556e-17 0.55 -3.07318e-24 2.70136e-24 6.75951e-20 1 0 -3.46945e-17 0.55 -3.32112e-25 6.36245e-24 0.655819 0.754919 -3.09833e-15 -4.23671e-15 1.80865e-21 1.51609e-20 -8.92722e-21 2.61062e-16 1.65413e-18 -2.47767e-19 1.8796e-25 -1.71548e-25 1.03051e-24 -8.54077e-18
1854.84 2.9203e-20 2.77556e-17 0.55 -3.58255e-24 2.50724e-24 4.51411e-20 1 0 -3.46945e-17 0.55 -1.20705e-24 6.66332e-24 0.655819 0.754919 -3.09833e-15 -4.23671e-15 1.80865e-21 1.51609e-20 -8.92722e-21 2.61062e-16 1.50138e-18 -2.08802e-19 1.95248e-25 -1.46936e-25 6.07571e-25 -6.96912e-18
1854.85 2.57172e-20 2.77556e-17 0.55 4.32385e-24 4.18794e-24 3.76973e-20 1 0 -3.81639e-17 0.55 8.68476e-24 1.97702e-24 0.655819 0.754919 -2.80384e-15 -4.94991e-15 9.90172e-22 1.66469e-20 -8.09964e-21 3.41927e-16 2.61503e-18 -3.22153e-19 -7.84424e-25 -3.16457e-23 -1.4491e-23 -1.84251e-17
1854.86 3.79426e-20 2.77556e-17 0.55 -2.87329e-26 2.83686e-24 6.50099e-20 1 0 -3.81639e-17 0.55 3.03508e-24 3.61514e-24 0.655819 0.754919 -3.35521e-15 8.59319e-18 3.11344e-20 2.82127e-21 -8.07606e-21 1.97749e-16 2.61503e-18 -3.22153e-19 -7.84424e-25 -3.16457e-23 -1.4491e-23 -1.84251e-17
1854.87 3.64431e-20 2.77556e-17 0.55 -1.66329e-24 2.71815e-24 6.15716e-20 1 0 -3.81639e-17 0.55 1.28867e-24 4.89023e-24 0.655819 0.754919 -3.11236e-15 -2.59544e-15 2.88268e-21 1.22172e-20 -9.03102e-21 2.58808e-16 2.02759e-18 -2.69812e-19 1.67375e-25 -7.38091e-25 5.34937e-24 -1.23832e-17
1854.87 3.20522e-20 2.77556e-17 0.55 8.8758e-24 9.66588e-25 5.19987e-20 1 0 -4.16334e-17 0.55 9.17162e-24 -6.41622e-24 0.655819 0.754919 -3.48751e-15 2.30348e-15 8.08176e-20 -1.40184e-20 -1.30299e-20 1.51448e-16 3.12917e-18 -3.79722e-19 8.72763e-24 3.79757e-23 -1.10139e-22 -2.37126e-17
1854.88 4.56649e-20 2.77556e-17 0.55 1.96155e-24 3.15993e-24 8.29477e-20 1 0 -4.16334e-17 0.55 5.50481e-24 2.22213e-24 0.655819 0.754919 -3.44442e-15 -1.40286e-15 3.36565e-21 1.00755e-20 -9.96549e-21 1.70046e-16 2.28916e-18 -3.16025e-19 1.55615e-25 -1.02144e-24 9.03604e-24 -1.50745e-17
1854.89 4.63447e-20 2.77556e-17 0.55 -8.94859e-25 2.93873e-24 8.43333e-20 1 0 -4.16334e-17 0.55 2.48334e-24 4.35433e-24 0.655819 0.754919 -3.44442e-15 -1.40286e-15 3.36565e-21 1.00755e-20 -9.96549e-21 1.70046e-16 2.28916e-18 -3.16025e-19 1.55615e-25 -1.02144e-24 9.03604e-24 -1.50745e-17
1854.89 4.56492e-20 2.77556e-17 0.55 -1.14624e-24 2.91416e-24 8.27645e-20 1 0 -4.16334e-17 0.55 2.18694e-24 4.56595e-24 0.655819 0.754919 -3.44442e-15 -1.40286e-15 3.36565e-21 1.00755e-20 -9.96549e-21 1.70046e-16 2.28916e-18 -3.16025e-19 1.55615e-25 -1.02144e-24 9.03604e-24 -1.50745e-17
1854.89 4.30949e-20 2.77556e-17 0.55 -1.74496e-24 2.83984e-24 7.6989e-20 1 0 -4.16334e-17 0.55 1.43869e-24 5.0745e-24 0.655819 0.754919 -3.44442e-15 -1.40286e-15 3.36565e-21 1.00755e-20 -9.96549e-21 1.70046e-16 1.87772e-18 -2.65337e-19 2.15964e-25 -3.07188e-25 2.13518e-24 -1.08413e-17
1854.9 3.46762e-20 2.77556e-17 0.55 -2.84324e-24 2.64879e-24 5.77247e-20 1 0 -4.51028e-17 0.55 -9.16054e-26 5.99735e-24 0.655819 0.754919 -3.13717e-15 -3.24792e-15 2.02249e-21 1.34151e-20 -9.16014e-21 2.50401e-16 1.87772e-18 -2.65337e-19 2.15964e-25 -3.07188e-25 2.13518e-24 -1.08413e-17
1854.9 3.56087e-20 2.77556e-17 0.55 5.01539e-24 4.41026e-24 6.04625e-20 1 0 -4.51028e-17 0.55 9.84202e-24 1.47887e-24 0.655819 0.754919 -3.13717e-15 -3.24792e-15 2.02249e-21 1.34151e-20 -9.16014e-21 2.50401e-16 3.04076e-18 -3.7616e-19 8.76531e-24 3.80387e-23 -1.10671e-22 -2.28029e-17
1854.91 4.34482e-20 2.77556e-17 0.55 3.50832e-24 3.51839e-24 7.81288e-20 1 0 -4.51028e-17 0.55 7.25391e-24 1.58159e-24 0.655819 0.754919 -3.50581e-15 1.91726e-15 8.03213e-20 -1.3243e-20 -1.30857e-20 1.46423e-16 3.04076e-18 -3.7616e-19 8.76531e-24 3.80387e-23 -1.10671e-22 -2.28029e-17
1854.92 4.50908e-20 2.77556e-17 0.55 -1.51948e-24 2.89475e-24 8.15202e-20 1 0 -4.51028e-17 0.55 1.73711e-24 4.92798e-24 0.655819 0.754919 -3.44785e-15 -1.63391e-15 3.02805e-21 1.05597e-20 -9.98134e-21 1.69018e-16 2.23648e-18 -3.13252e-19 1.76038e-25 -1.02793e-24 8.86637e-24 -1.45325e-17
1854.92 4.13373e-20 2.77556e-17 0.55 -2.18284e-24 2.79668e-24 7.29994e-20 1 0 -4.51028e-17 0.55 8.75316e-25 5.48265e-24 0.655819 0.754919 -3.44785e-15 -1.63391e-15 3.02805e-21 1.05597e-20 -9.98134e-21 1.69018e-16 1.84632e-18 -2.63126e-19 2.32709e-25 -3.06402e-25 2.04941e-24 -1.05182e-17
1854.93 3.51042e-20 2.77556e-17 0.55 -1.54164e-24 -1.17052e-24 5.88678e-20 1 0 -4.85723e-17 0.55 -2.16545e-24 -1.63669e-24 0.655819 0.754919 -3.13382e-15 -3.38643e-15 1.77199e-21 1.37191e-20 -9.16105e-21 2.51282e-16 1.84632e-18 -2.63126e-19 2.32709e-25 -3.06402e-25 2.04941e-24 -1.05182e-17
1854.93 4.32895e-20 2.77556e-17 0.55 4.4484e-24 3.85927e-24 7.79149e-20 1 0 -4.85723e-17 0.55 8.53393e-24 1.29249e-24 0.655819 0.754919 -3.67929e-15 9.58218e-16 3.14837e-20 1.03968e-21 -9.08363e-21 1.08845e-16 2.82062e-18 -3.67222e-19 -7.28088e-25 -3.16637e-23 -1.3896e-23 -2.05405e-17
1854.94 4.89025e-20 2.77556e-17 0.55 1.05811e-24 3.13183e-24 9.03116e-20 1 0 -4.85723e-17 0.55 4.58974e-24 2.95503e-24 0.655819 0.754919 -3.67929e-15 9.58218e-16 3.14837e-20 1.03968e-21 -9.08363e-21 1.08845e-16 2.82062e-18 -3.67222e-19 -7.28088e-25 -3.16637e-23 -1.3896e-23 -2.05405e-17
1854.94 4.75079e-20 2.77556e-17 0.55 -1.27742e-24 2.95498e-24 8.70506e-20 1 0 -4.85723e-17 0.55 2.07947e-24 4.7615e-24 0.655819 0.754919 -3.41145e-15 -2.01426e-15 3.00888e-21 1.11328e-20 -9.93886e-21 1.76642e-16 2.15015e-18 -3.07439e-19 2.21756e-25 -7.64429e-25 5.67487e-24 -1.36443e-17
1854.95 3.79182e-20 2.77556e-17 0.55 -2.73853e-24 2.72002e-24 6.51865e-20 1 0 -5.20417e-17 0.55 1.2739e-25 5.97381e-24 0.655819 0.754919 -3.41145e-15 -2.01426e-15 3.00888e-21 1.11328e-20 -9.93886e-21 1.76642e-16 2.15015e-18 -3.07439e-19 2.21756e-25 -7.64429e-25 5.67487e-24 -1.36443e-17
1854.96 3.69884e-20 2.77556e-17 0.55 -5.83645e-23 1.64028e-24 6.30699e-20 1 0 -5.20417e-17 0.55 -4.62671e-23 4.43174e-23 0.655819 0.754919 -3.12439e-15 4.97311e-15 -1.67461e-18 -3.38451e-19 1.02927e-19 2.48966e-16 -1.33592e-16 -1.97903e-17 -2.99323e-22 -2.60316e-21 2.52139e-20 -3.04508e-17
1854.96 4.45402e-20 2.77556e-17 0.55 4.45853e-24 3.88628e-24 8.07958e-20 1 0 -5.20417e-17 0.55 8.58228e-24 1.31512e-24 0.655819 0.754919 -3.12439e-15 4.97311e-15 -1.67461e-18 -3.38451e-19 1.02927e-19 2.48966e-16 2.63858e-18 -3.56984e-19 -1.57353e-24 -2.41921e-23 2.5971e-23 -1.86687e-17
1854.97 5.04445e-20 2.77556e-17 0.55 -4.09436e-25 3.05396e-24 9.37477e-20 1 0 -5.20417e-17 0.55 3.09762e-24 4.07935e-24 0.655819 0.754919 -3.73659e-15 1.60182e-16 1.04868e-20 7.31484e-21 -9.41946e-21 9.70545e-17 2.06553e-18 -2.99814e-19 2.36186e-25 -6.59048e-25 4.01881e-24 -1.27736e-17
1854.98 4.38284e-20 2.77556e-17 0.55 -2.15764e-24 2.85068e-24 7.87372e-20 1 0 -5.20417e-17 0.55 9.78277e-25 5.52216e-24 0.655819 0.754919 -3.37012e-15 -2.38984e-15 2.68702e-21 1.18125e-20 -9.84614e-21 1.86707e-16 2.06553e-18 -2.99814e-19 2.36186e-25 -6.59048e-25 4.01881e-24 -1.27736e-17
1854.98 3.88475e-20 2.77556e-17 0.55 -2.73593e-24 2.74007e-24 6.73271e-20 1 0 -5.20417e-17 0.55 1.57163e-25 5.9961e-24 0.655819 0.754919 -3.37012e-15 -2.38984e-15 2.68702e-21 1.18125e-20 -9.84614e-21 1.86707e-16 5.76404e-18 -5.37019e-19 -3.74431e-22 -3.07625e-21 1.4287e-20 -5.06816e-17
1854.99 4.19057e-20 2.77556e-17 0.55 1.45425e-23 5.25939e-24 7.54725e-20 1 0 -5.89806e-17 0.55 2.02752e-23 -5.74072e-24 0.655819 0.754919 -3.1367e-15 1.37788e-14 -2.9313e-18 -7.22494e-19 1.24087e-19 2.32293e-16 5.76404e-18 -5.37019e-19 -3.74431e-22 -3.07625e-21 1.4287e-20 -5.06816e-17
1855 7.20672e-20 2.77556e-17 0.55 6.31264e-24 3.89489e-24 1.43572e-19 1 0 -5.89806e-17 0.55 1.10651e-23 -9.867e-25 0.655819 0.754919 -3.1367e-15 1.37788e-14 -2.9313e-18 -7.22494e-19 1.24087e-19 2.32293e-16 3.59808e-18 -4.88751e-19 -2.93026e-24 -4.00709e-23 5.0499e-23 -2.85402e-17
1855 7.57933e-20 2.77556e-17 0.55 1.02436e-24 3.56764e-24 1.51985e-19 1 0 -5.89806e-17 0.55 5.58338e-24 3.09682e-24 0.655819 0.754919 -4.61158e-15 4.48141e-15 1.54819e-20 -1.46565e-22 -1.08998e-20 -1.32083e-16 3.59808e-18 -4.88751e-19 -2.93026e-24 -4.00709e-23 5.0499e-23 -2.85402e-17
1855.01 7.2924e-20 2.77556e-17 0.55 2.37683e-26 3.46818e-24 1.45581e-19 1 0 -5.89806e-17 0.55 4.37466e-24 3.9764e-24 0.655819 0.754919 -4.61158e-15 4.48141e-15 1.54819e-20 -1.46565e-22 -1.08998e-20 -1.32083e-16 3.59808e-18 -4.88751e-19 -2.93026e-24 -4.00709e-23 5.0499e-23 -2.85402e-17
1855.01 6.96747e-20 2.77556e-17 0.55 -7.23721e-25 3.38011e-24 1.38231e-19 1 0 -5.89806e-17 0.55 3.41501e-24 4.64607e-24 0.655819 0.754919 -4.61158e-15 4.48141e-15 1.54819e-20 -1.46565e-22 -1.08998e-20 -1.32083e-16 2.48901e-18 -3.95754e-19 2.38574e-25 -8.84954e-25 5.40497e-24 -1.71308e-17
1855.01 6.74699e-20 2.77556e-17 0.55 -1.12884e-24 3.32733e-24 1.332e-19 1 0 -5.89806e-17 0.55 2.87299e-24 5.01072e-24 0.655819 0.754919 -4.05635e-15 -4.29443e-16 4.42614e-21 7.89518e-21 -1.18481e-20 -2.52634e-18 2.48901e-18 -3.95754e-19 2.38574e-25 -8.84954e-25 5.40497e-24 -1.71308e-17
1855.02 5.9428e-20 2.77556e-17 0.55 -2.17468e-24 3.15237e-24 1.14726e-19 1 0 -5.89806e-17 0.55 1.38106e-24 5.9241e-24 0.655819 0.754919 -4.05635e-15 -4.29443e-16 4.42614e-21 7.89518e-21 -1.18481e-20 -2.52634e-18 1.9988e-18 -3.31825e-19 3.06126e-25 -1.9951e-25 2.17318e-24 -1.2087e-17
1855.02 5.33432e-20 2.77556e-17 0.55 -2.69601e-24 3.0243e-24 1.00725e-19 1 0 -5.89806e-17 0.55 5.72218e-25 6.3343e-24 0.655819 0.754919 -3.7261e-15 -2.63283e-15 2.23692e-21 1.21892e-20 -1.08737e-20 8.88095e-17 1.70685e-18 -2.79086e-19 3.11086e-25 -1.95422e-25 1.16844e-24 -9.08321e-18
1855.03 4.59533e-20 2.77556e-17 0.55 -3.16631e-24 2.87131e-24 8.37157e-20 1 0 -5.89806e-17 0.55 -2.06688e-25 6.65507e-24 0.655819 0.754919 -3.37627e-15 -3.96556e-15 1.04246e-21 1.48425e-20 -9.84145e-21 1.84627e-16 1.70685e-18 -2.79086e-19 3.11086e-25 -1.95422e-25 1.16844e-24 -9.08321e-18
1855.04 3.75208e-20 2.77556e-17 0.55 2.44232e-23 5.37253e-24 6.43008e-20 1 0 -5.89806e-17 0.55 2.45424e-23 -8.81067e-24 0.655819 0.754919 -3.37627e-15 -3.96556e-15 1.04246e-21 1.48425e-20 -9.84145e-21 1.84627e-16 1.5329e-18 -2.35196e-19 -9.59367e-24 -1.44923e-22 1.64144e-22 -7.29342e-18
1855.04 3.17323e-20 2.77556e-17 0.55 4.66013e-24 2.18219e-24 5.09714e-20 1 0 -5.89806e-17 0.55 4.90279e-24 7.59923e-25 0.655819 0.754919 -3.04567e-15 -4.77708e-15 4.73963e-20 1.83159e-20 1.87902e-21 2.75402e-16 1.5329e-18 -2.35196e-19 -9.59367e-24 -1.44923e-22 1.64144e-22 -7.29342e-18
1855.05 2.621e-20 2.77556e-17 0.55 -1.26822e-24 2.1208e-24 3.82542e-20 1 0 -6.245e-17 0.55 5.16288e-26 4.77445e-24 0.655819 0.754919 -3.04567e-15 -4.77708e-15 4.73963e-20 1.83159e-20 1.87902e-21 2.75402e-16 -1.31908e-16 -1.98835e-17 -3.74968e-22 -3.07726e-21 1.42956e-20 -4.77499e-17
1855.05 3.4129e-20 2.77556e-17 0.55 1.32973e-23 6.00187e-24 5.76384e-20 1 0 -6.59195e-17 0.55 1.9658e-23 -3.2506e-24 0.655819 0.754919 -2.79784e-15 1.23349e-14 -2.92761e-18 -7.19697e-19 1.25688e-19 3.25198e-16 -1.31908e-16 -1.98835e-17 -3.74968e-22 -3.07726e-21 1.42956e-20 -4.77499e-17
1855.06 4.88608e-20 2.77556e-17 0.55 1.11162e-23 4.54124e-24 9.095e-20 1 0 -6.59195e-17 0.55 1.58277e-23 -3.47322e-24 0.655819 0.754919 -2.79784e-15 1.23349e-14 -2.92761e-18 -7.19697e-19 1.25688e-19 3.25198e-16 3.40923e-18 -4.4443e-19 -3.13798e-24 -3.99404e-23 5.18847e-23 -2.65971e-17
1855.06 6.54955e-20 2.77556e-17 0.55 1.64392e-24 3.3376e-24 1.2815e-19 1 0 -6.59195e-17 0.55 5.80212e-24 2.34021e-24 0.655819 0.754919 -4.28509e-15 3.60501e-15 1.66316e-20 1.24658e-21 -9.72137e-21 -4.2491e-17 3.40923e-18 -4.4443e-19 -3.13798e-24 -3.99404e-23 5.18847e-23 -2.65971e-17
1855.07 6.28482e-20 2.77556e-17 0.55 6.96235e-26 3.22505e-24 1.22317e-19 1 0 -6.59195e-17 0.55 4.03241e-24 3.69585e-24 0.655819 0.754919 -4.28509e-15 3.60501e-15 1.66316e-20 1.24658e-21 -9.72137e-21 -4.2491e-17 2.50925e-18 -3.72986e-19 7.68381e-26 -1.06131e-24 6.91752e-24 -1.73391e-17
1855.07 5.59619e-20 2.77556e-17 0.55 -1.48667e-24 3.05349e-24 1.06712e-19 1 0 -6.59195e-17 0.55 2.05604e-24 5.08874e-24 0.655819 0.754919 -3.8275e-15 -3.74019e-16 5.95074e-21 7.53697e-21 -1.10143e-20 6.10268e-17 2.50925e-18 -3.72986e-19 7.68381e-26 -1.06131e-24 6.91752e-24 -1.73391e-17
1855.08 5.18427e-20 2.77556e-17 0.55 -2.06109e-24 2.9674e-24 9.72505e-20 1 0 -6.59195e-17 0.55 1.25492e-24 5.59659e-24 0.655819 0.754919 -3.8275e-15 -3.74019e-16 5.95074e-21 7.53697e-21 -1.10143e-20 6.10268e-17 2.01047e-18 -3.12559e-19 1.68595e-25 -2.06062e-25 2.38463e-24 -1.22071e-17
1855.08 4.9707e-20 2.77556e-17 0.55 -2.29773e-24 2.92353e-24 9.23376e-20 1 0 -6.59195e-17 0.55 9.09609e-25 5.79769e-24 0.655819 0.754919 -3.52857e-15 -2.60944e-15 3.36296e-21 1.19045e-20 -1.0183e-20 1.43139e-16 2.01047e-18 -3.12559e-19 1.68595e-25 -2.06062e-25 2.38463e-24 -1.22071e-17
1855.09 4.08475e-20 2.77556e-17 0.55 -3.02001e-24 2.74258e-24 7.19504e-20 1 0 -6.59195e-17 0.55 -2.11369e-25 6.3548e-24 0.655819 0.754919 -3.52857e-15 -2.60944e-15 3.36296e-21 1.19045e-20 -1.0183e-20 1.43139e-16 1.71379e-18 -2.62738e-19 1.98753e-25 -1.76895e-25 1.20843e-24 -9.15461e-18
1855.09 3.52889e-20 2.77556e-17 0.55 -3.34245e-24 2.63088e-24 5.91548e-20 1 0 -6.59195e-17 0.55 -7.51747e-25 6.56168e-24 0.655819 0.754919 -3.21104e-15 -3.95849e-15 1.99186e-21 1.46165e-20 -9.26167e-21 2.30126e-16 1.71379e-18 -2.62738e-19 1.98753e-25 -1.76895e-25 1.20843e-24 -9.15461e-18
1855.1 2.98601e-20 2.77556e-17 0.55 -3.60897e-24 2.52182e-24 4.66564e-20 1 0 -6.59195e-17 0.55 -1.21335e-24 6.70377e-24 0.655819 0.754919 -3.21104e-15 -3.95849e-15 1.99186e-21 1.46165e-20 -9.26167e-21 2.30126e-16 1.53605e-18 -2.21346e-19 1.83698e-25 -3.40318e-25 5.19821e-25 -7.32583e-18
1855.1 2.4671e-20 2.77556e-17 0.55 -5.93347e-23 1.3612e-24 3.47262e-20 1 0 -7.28584e-17 0.55 -4.7838e-23 4.50501e-23 0.655819 0.754919 -2.90708e-15 -4.78286e-15 8.84124e-22 1.63395e-20 -8.39023e-21 3.13538e-16 4.63651e-18 -5.03283e-19 5.47596e-23 4.6452e-22 3.79526e-22 -3.92093e-17
1855.11 4.85922e-20 2.77556e-17 0.55 1.07465e-23 4.64305e-24 9.03296e-20 1 0 -7.28584e-17 0.55 1.56831e-23 -3.15123e-24 0.655819 0.754919 -3.517e-15 8.96316e-15 3.68469e-19 -4.73338e-20 -3.86928e-20 1.21228e-16 4.63651e-18 -5.03283e-19 5.47596e-23 4.6452e-22 3.79526e-22 -3.92093e-17
1855.12 6.54167e-20 2.77556e-17 0.55 2.10829e-24 3.41261e-24 1.27934e-19 1 0 -7.28584e-17 0.55 6.38962e-24 1.96461e-24 0.655819 0.754919 -3.517e-15 8.96316e-15 3.68469e-19 -4.73338e-20 -3.86928e-20 1.21228e-16 2.98929e-18 -4.14968e-19 -1.62032e-25 -4.0825e-24 2.48847e-23 -2.22778e-17
1855.12 6.1867e-20 2.77556e-17 0.55 -2.72144e-25 3.23339e-24 1.20118e-19 1 0 -7.28584e-17 0.55 3.69966e-24 4.00559e-24 0.655819 0.754919 -4.11601e-15 1.75443e-15 4.85342e-21 4.67584e-21 -1.1594e-20 -5.80406e-18 2.28904e-18 -3.48207e-19 1.9507e-25 -6.30298e-25 4.14444e-24 -1.50733e-17
1855.13 5.39541e-20 2.77556e-17 0.55 -1.8337e-24 3.03927e-24 1.02104e-19 1 0 -7.28584e-17 0.55 1.64605e-24 5.4074e-24 0.655819 0.754919 -3.7065e-15 -1.35828e-15 3.85693e-21 9.65043e-21 -1.08033e-20 9.36826e-17 2.28904e-18 -3.48207e-19 1.9507e-25 -6.30298e-25 4.14444e-24 -1.50733e-17
1855.14 4.86766e-20 2.77556e-17 0.55 -2.44465e-24 2.92744e-24 8.99664e-20 1 0 -7.28584e-17 0.55 7.55584e-25 5.93147e-24 0.655819 0.754919 -3.7065e-15 -1.35828e-15 3.85693e-21 9.65043e-21 -1.08033e-20 9.36826e-17 1.87974e-18 -2.92104e-19 2.56762e-25 -1.70591e-25 1.76334e-24 -1.08621e-17
1855.14 3.9811e-20 2.77556e-17 0.55 -3.12774e-24 2.74297e-24 6.95647e-20 1 0 -7.28584e-17 0.55 -3.25588e-25 6.44612e-24 0.655819 0.754919 -3.40414e-15 -3.20179e-15 2.06047e-21 1.32629e-20 -9.91069e-21 1.77266e-16 1.63588e-18 -2.45764e-19 2.60809e-25 -1.73015e-25 9.72579e-25 -8.35294e-18
1855.15 3.2108e-20 2.77556e-17 0.55 -3.54963e-24 2.58499e-24 5.18323e-20 1 0 -7.28584e-17 0.55 -1.04407e-24 6.69877e-24 0.655819 0.754919 -3.40414e-15 -3.20179e-15 2.06047e-21 1.32629e-20 -9.91069e-21 1.77266e-16 1.63588e-18 -2.45764e-19 2.60809e-25 -1.73015e-25 9.72579e-25 -8.35294e-18
1855.16 2.67917e-20 2.77556e-17 0.55 -3.76044e-24 2.47995e-24 3.95891e-20 1 0 -7.28584e-17 0.55 -1.44142e-24 6.79329e-24 0.655819 0.754919 -3.0893e-15 -4.31823e-15 1.0154e-21 1.55025e-20 -8.99042e-21 2.63523e-16 1.48995e-18 -2.07175e-19 2.58575e-25 -1.15905e-25 5.35055e-25 -6.85147e-18
1855.16 3.28931e-20 2.77556e-17 0.55 1.25516e-23 6.14815e-24 5.47902e-20 1 0 -7.97973e-17 0.55 1.92591e-23 -2.62666e-24 0.655819 0.754919 -3.0893e-15 -4.31823e-15 1.0154e-21 1.55025e-20 -8.99042e-21 2.63523e-16 3.90681e-18 -4.70216e-19 1.28725e-24 -4.59366e-23 -8.74914e-23 -3.17128e-17
1855.17 6.16239e-20 2.77556e-17 0.55 4.54756e-24 3.52751e-24 1.19358e-19 1 0 -7.97973e-17 0.55 8.82364e-24 8.62195e-26 0.655819 0.754919 -2.7948e-15 -5.0015e-15 3.2857e-22 1.6901e-20 -8.15226e-21 3.44421e-16 2.73186e-18 -3.91793e-19 1.77407e-25 -1.44488e-24 1.17914e-23 -1.96293e-17
1855.18 6.2063e-20 2.77556e-17 0.55 -2.77027e-26 3.26024e-24 1.20507e-19 1 0 -7.97973e-17 0.55 4.00562e-24 3.77826e-24 0.655819 0.754919 -4.08725e-15 5.78264e-15 7.94083e-20 -1.81406e-20 -9.83919e-21 -4.69229e-19 2.73186e-18 -3.91793e-19 1.77407e-25 -1.44488e-24 1.17914e-23 -1.96293e-17
1855.18 5.72796e-20 2.77556e-17 0.55 -1.21054e-24 3.12674e-24 1.09712e-19 1 0 -7.97973e-17 0.55 2.50675e-24 4.83659e-24 0.655819 0.754919 -3.93078e-15 6.12146e-16 5.24952e-21 6.15508e-21 -1.14109e-20 3.65768e-17 2.14142e-18 -3.28326e-19 2.49201e-25 -3.5827e-25 3.08157e-24 -1.35544e-17
1855.19 5.12564e-20 2.77556e-17 0.55 -2.1305e-24 2.99243e-24 9.58995e-20 1 0 -7.97973e-17 0.55 1.23312e-24 5.6574e-24 0.655819 0.754919 -3.93078e-15 6.12146e-16 5.24952e-21 6.15508e-21 -1.14109e-20 3.65768e-17 1.79182e-18 -2.75713e-19 2.83222e-25 -1.75759e-25 1.44728e-24 -9.95748e-18
1855.2 4.14946e-20 2.77556e-17 0.55 -3.00692e-24 2.78649e-24 7.34386e-20 1 0 -7.97973e-17 0.55 -1.12764e-25 6.35795e-24 0.655819 0.754919 -3.60347e-15 -2.0227e-15 2.85933e-21 1.10229e-20 -1.05433e-20 1.22388e-16 1.79182e-18 -2.75713e-19 2.83222e-25 -1.75759e-25 1.44728e-24 -9.95748e-18
1855.2 3.70778e-20 2.77556e-17 0.55 -3.29714e-24 2.69421e-24 6.32735e-20 1 0 -7.97973e-17 0.55 -5.84297e-25 6.55308e-24 0.655819 0.754919 -3.29355e-15 -3.60385e-15 1.44056e-21 1.41285e-20 -9.61806e-21 2.07548e-16 1.58277e-18 -2.3213e-19 2.77924e-25 -1.41089e-25 8.3323e-25 -7.8065e-18
1855.21 2.84479e-20 2.77556e-17 0.55 -3.69624e-24 2.51999e-24 4.34025e-20 1 0 -7.97973e-17 0.55 -1.30627e-24 6.76794e-24 0.655819 0.754919 -3.29355e-15 -3.60385e-15 1.44056e-21 1.41285e-20 -9.61806e-21 2.07548e-16 1.58277e-18 -2.3213e-19 2.77924e-25 -1.41089e-25 8.3323e-25 -7.8065e-18
1855.22 2.38438e-20 2.77556e-17 0.55 7.66793e-24 7.99221e-25 3.31471e-20 1 0 -8.32667e-17 0.55 7.4871e-24 -5.31719e-24 0.655819 0.754919 -2.98645e-15 -4.56632e-15 5.23398e-22 1.60671e-20 -8.72403e-21 2.91794e-16 3.42879e-18 -3.5607e-19 1.37227e-23 2.97998e-22 -2.78411e-21 -2.67798e-17
1855.23 3.67092e-20 2.77556e-17 0.55 1.17428e-24 2.98405e-24 6.23405e-20 1 0 -8.32667e-17 0.55 4.31241e-24 2.85179e-24 0.655819 0.754919 -2.82356e-15 3.54553e-15 -1.35472e-19 -1.2408e-19 -2.77533e-20 3.17594e-16 2.31767e-18 -2.99726e-19 -6.09145e-25 -9.4588e-24 2.16332e-23 -1.53673e-17
1855.23 3.50304e-20 2.77556e-17 0.55 -2.09261e-24 2.69309e-24 5.83908e-20 1 0 -8.32667e-17 0.55 8.13327e-25 5.25827e-24 0.655819 0.754919 -3.34853e-15 -1.30317e-15 2.63872e-21 1.07788e-20 -9.12004e-21 2.02685e-16 2.31767e-18 -2.99726e-19 -6.09145e-25 -9.4588e-24 2.16332e-23 -1.53673e-17
1855.24 3.32922e-20 2.77556e-17 0.55 -2.38743e-24 2.64593e-24 5.44502e-20 1 0 -8.67362e-17 0.55 4.29091e-25 5.49858e-24 0.655819 0.754919 -3.34853e-15 -1.30317e-15 2.63872e-21 1.07788e-20 -9.12004e-21 2.02685e-16 3.85232e-18 -3.84476e-19 -2.99407e-22 -2.60391e-21 2.52184e-20 -3.10404e-17
1855.25 4.44709e-20 2.77556e-17 0.55 2.78496e-24 3.30989e-24 8.03273e-20 1 0 -8.67362e-17 0.55 6.4351e-24 1.77099e-24 0.655819 0.754919 -3.00855e-15 5.35235e-15 -1.67504e-18 -3.39348e-19 1.03265e-19 2.80607e-16 2.69222e-18 -3.51605e-19 -1.58142e-24 -2.42013e-23 2.6243e-23 -1.92206e-17
1855.26 4.5779e-20 2.77556e-17 0.55 -1.17669e-24 2.92973e-24 8.30641e-20 1 0 -8.67362e-17 0.55 2.1803e-24 4.60335e-24 0.655819 0.754919 -3.65218e-15 3.83978e-16 1.05645e-20 6.92575e-21 -9.20887e-21 1.20371e-16 2.09748e-18 -2.95121e-19 2.32633e-25 -6.53958e-25 4.11403e-24 -1.31024e-17
1855.26 3.85609e-20 2.77556e-17 0.55 -2.48262e-24 2.74131e-24 6.6651e-20 1 0 -8.67362e-17 0.55 4.74705e-25 5.70895e-24 0.655819 0.754919 -3.30506e-15 -2.2586e-15 2.72187e-21 1.15854e-20 -9.6813e-21 2.04658e-16 3.73177e-18 -3.80092e-19 -2.03189e-22 -1.84349e-21 2.59788e-20 -2.98001e-17
1855.28 4.16343e-20 2.77556e-17 0.55 1.52185e-23 3.56295e-24 7.41045e-20 1 0 -9.02056e-17 0.55 1.67066e-23 -6.3362e-24 0.655819 0.754919 -3.0418e-15 4.82638e-15 -8.86699e-19 -4.25415e-19 6.15925e-20 2.71806e-16 2.62045e-18 -3.48258e-19 -3.82086e-24 -4.13833e-23 9.38891e-23 -1.84821e-17
1855.28 4.77607e-20 2.77556e-17 0.55 1.71947e-24 2.68595e-24 8.75676e-20 1 0 -9.02056e-17 0.55 4.34421e-24 2.23542e-24 0.655819 0.754919 -3.66081e-15 6.97914e-17 1.25351e-20 1.00759e-20 -6.96451e-21 1.17861e-16 2.62045e-18 -3.48258e-19 -3.82086e-24 -4.13833e-23 9.38891e-23 -1.84821e-17
1855.29 4.51697e-20 2.77556e-17 0.55 -5.30326e-25 2.70446e-24 8.17025e-20 1 0 -9.02056e-17 0.55 2.31089e-24 4.05078e-24 0.655819 0.754919 -3.66081e-15 6.97914e-17 1.25351e-20 1.00759e-20 -6.96451e-21 1.17861e-16 -1.353e-16 -1.96922e-17 -2.01434e-26 -2.16614e-25 5.90699e-24 -1.29907e-17
1855.3 3.66152e-20 2.77556e-17 0.55 -2.52146e-24 2.61428e-24 6.21856e-20 1 0 -9.36751e-17 0.55 1.70173e-25 5.71797e-24 0.655819 0.754919 -3.3041e-15 -2.44964e-15 6.16597e-21 1.17904e-20 -9.3542e-21 2.04848e-16 3.70914e-18 -4.05946e-19 1.35485e-23 2.98068e-22 -2.78254e-21 -2.96643e-17
1855.3 4.13018e-20 2.77556e-17 0.55 5.16715e-24 4.17832e-24 7.34712e-20 1 0 -9.36751e-17 0.55 9.58351e-24 1.17761e-24 0.655819 0.754919 -3.3041e-15 -2.44964e-15 6.16597e-21 1.17904e-20 -9.3542e-21 2.04848e-16 3.70914e-18 -4.05946e-19 1.35485e-23 2.98068e-22 -2.78254e-21 -2.96643e-17
1855.31 4.93625e-20 2.77556e-17 0.55 -3.16466e-25 2.99002e-24 9.12562e-20 1 0 -9.36751e-17 0.55 3.09443e-24 3.94778e-24 0.655819 0.754919 -3.15111e-15 4.82427e-15 -1.32641e-19 -1.27012e-19 -2.85136e-20 2.27826e-16 2.4848e-18 -3.41229e-19 -7.34446e-25 -9.46596e-24 2.21697e-23 -1.7087e-17
1855.32 4.28801e-20 2.77556e-17 0.55 -2.09206e-24 2.79438e-24 7.65545e-20 1 0 -9.36751e-17 0.55 9.62635e-25 5.41713e-24 0.655819 0.754919 -3.65969e-15 -5.24383e-16 4.70944e-21 8.86664e-21 -9.84579e-21 1.17259e-16 1.98492e-18 -2.86866e-19 1.09353e-25 -7.15135e-25 2.92577e-24 -1.19442e-17
1855.33 3.73887e-20 2.77556e-17 0.55 6.52617e-24 3.39467e-24 6.44836e-20 1 0 -9.71445e-17 0.55 9.98551e-24 -1.1412e-24 0.655819 0.754919 -3.2842e-15 -2.75555e-15 3.16634e-21 1.22708e-20 -9.4619e-21 2.09837e-16 3.37269e-18 -4.00823e-19 3.4854e-23 3.16824e-22 3.69756e-22 -2.62129e-17
1855.34 5.06701e-20 2.77556e-17 0.55 5.08556e-26 3.05515e-24 9.4279e-20 1 0 -9.71445e-17 0.55 3.54402e-24 3.6979e-24 0.655819 0.754919 -3.38153e-15 3.37742e-15 2.31434e-19 -1.65441e-20 -2.89125e-20 1.67989e-16 2.36065e-18 -3.32699e-19 -5.82961e-26 -2.72045e-24 1.45668e-23 -1.58098e-17
1855.34 4.58474e-20 2.77556e-17 0.55 -1.81747e-24 2.87783e-24 8.33346e-20 1 0 -9.71445e-17 0.55 1.38924e-24 5.22257e-24 0.655819 0.754919 -3.60832e-15 -1.07141e-15 3.32761e-21 9.68404e-21 -1.02126e-20 1.28197e-16 1.91691e-18 -2.79644e-19 1.85652e-25 -3.91536e-25 2.51681e-24 -1.12444e-17
1855.35 3.88975e-20 2.77556e-17 0.55 -2.69481e-24 2.72185e-24 6.74423e-20 1 0 -9.71445e-17 0.55 1.70003e-25 5.9502e-24 0.655819 0.754919 -3.25356e-15 -3.05895e-15 2.51575e-21 1.29614e-20 -9.44615e-21 2.18262e-16 3.19007e-18 -3.91759e-19 2.01119e-23 1.47618e-22 1.18299e-23 -2.4337e-17
1855.36 4.2354e-20 2.77556e-17 0.55 5.0244e-24 4.23703e-24 7.58969e-20 1 0 -1.00614e-16 0.55 9.51859e-24 1.36001e-24 0.655819 0.754919 -3.25356e-15 -3.05895e-15 2.51575e-21 1.29614e-20 -9.44615e-21 2.18262e-16 3.19007e-18 -3.91759e-19 2.01119e-23 1.47618e-22 1.18299e-23 -2.4337e-17
1855.37 5.0322e-20 2.77556e-17 0.55 4.68776e-25 3.09173e-24 9.35157e-20 1 0 -1.00614e-16 0.55 3.97924e-24 3.39884e-24 0.655819 0.754919 -3.48454e-15 2.58058e-15 1.39923e-19 -1.80458e-20 -1.94854e-20 1.45723e-16 3.19007e-18 -3.91759e-19 2.01119e-23 1.47618e-22 1.18299e-23 -2.4337e-17
1855.37 4.83509e-20 2.77556e-17 0.55 -1.28919e-24 2.96085e-24 8.89947e-20 1 0 -1.00614e-16 0.55 2.06896e-24 4.792e-24 0.655819 0.754919 -3.48454e-15 2.58058e-15 1.39923e-19 -1.80458e-20 -1.94854e-20 1.45723e-16 2.29215e-18 -3.25533e-19 1.03449e-25 -1.53365e-24 1.13844e-23 -1.51051e-17
1855.38 4.35957e-20 2.77556e-17 0.55 -2.16406e-24 2.83383e-24 7.82023e-20 1 0 -1.00614e-16 0.55 9.4239e-25 5.51904e-24 0.655819 0.754919 -3.55613e-15 -1.37675e-15 3.0964e-21 1.01607e-20 -1.02051e-20 1.40809e-16 1.84748e-18 -2.68835e-19 2.25368e-25 -2.86654e-25 2.02007e-24 -1.05302e-17
