1886.46 -7.45456e-22 5.55112e-17 0.55 3.27359e-29 -7.40272e-26 -1.73817e-21 1 6.92534e-18 -2.77556e-17 0.55 -1.31618e-25 -5.10554e-28 1 0.000318531 3.92944e-18 -3.08114e-21 1.73116e-24 4.20877e-25 -9.78032e-24 2.71176e-18 -4.59015e-21 1.50469e-24 -3.48394e-28 2.31579e-27 -4.8423e-25 4.71026e-20
1886.47 -1.71752e-21 5.55112e-17 0.55 -8.38782e-29 -1.05921e-25 -3.92904e-21 1 6.93889e-18 -2.77556e-17 0.55 -1.80478e-25 -3.85263e-28 1 0.000318531 3.36288e-17 9.99383e-21 9.10481e-23 2.95641e-23 5.66908e-20 2.65447e-18 -2.5813e-19 -1.77027e-22 1.40761e-25 1.04198e-24 -5.97862e-22 -1.35972e-19
1886.47 1.42552e-21 5.55112e-17 0.55 -3.37726e-28 -4.26405e-25 3.29449e-21 1 6.95245e-18 -2.77556e-17 0.55 -7.01815e-25 -1.01677e-27 1 0.000318531 3.36288e-17 9.99383e-21 9.10481e-23 2.95641e-23 5.66908e-20 2.65447e-18 -2.5813e-19 -1.77027e-22 1.40761e-25 1.04198e-24 -5.97862e-22 -1.35972e-19
1886.48 8.04848e-22 5.55112e-17 0.55 9.85904e-29 2.6227e-26 1.74639e-21 1 6.93889e-18 -2.77556e-17 0.55 2.93162e-26 -2.58419e-28 1 0.000318531 -2.36411e-17 -9.21486e-21 1.45422e-23 2.95022e-24 2.3607e-23 -4.38504e-18 -3.00633e-21 3.24718e-25 4.22217e-27 4.30356e-26 1.13972e-23 3.23441e-20
1886.49 -1.37613e-21 5.55112e-17 0.55 8.89521e-29 -4.48124e-26 -3.1539e-21 1 6.91179e-18 -2.77556e-17 0.55 -7.92967e-26 -4.11984e-28 1 0.000318531 8.14891e-17 1.13248e-20 -9.03053e-24 2.16295e-24 3.62462e-21 2.06045e-17 -5.34263e-21 4.85684e-24 -5.37039e-26 -4.32918e-25 4.99847e-22 7.06686e-20
1886.49 -1.96008e-21 5.55112e-17 0.55 2.74425e-29 -7.58251e-26 -4.41272e-21 1 6.93889e-18 -2.77556e-17 0.55 -1.17833e-25 -4.00973e-28 1 0.000318531 -7.85926e-17 -8.05137e-21 -1.01391e-22 -3.35765e-23 -5.68496e-20 -1.62196e-17 2.74228e-19 1.70796e-22 -1.44159e-25 -1.06603e-24 5.85606e-22 -3.09176e-20
1886.5 1.71293e-21 5.55112e-17 0.55 1.42389e-27 4.08677e-25 3.81698e-21 1 6.95245e-18 -2.77556e-17 0.55 6.68829e-25 -1.29283e-27 1 0.000318531 -7.85926e-17 -8.05137e-21 -1.01391e-22 -3.35765e-23 -5.68496e-20 -1.62196e-17 2.74228e-19 1.70796e-22 -1.44159e-25 -1.06603e-24 5.85606e-22 -3.09176e-20
1886.51 2.36431e-22 5.55112e-17 0.55 5.17112e-29 1.31573e-26 4.81034e-22 1 6.93889e-18 -2.77556e-17 0.55 1.25995e-26 -2.12487e-28 1 0.000318531 6.39903e-17 8.19971e-21 9.55827e-23 3.16317e-23 5.66942e-20 1.6508e-17 -5.52613e-19 -3.40504e-22 1.39656e-25 1.03726e-24 -5.99469e-22 1.06749e-19
1886.51 -1.50738e-21 5.55112e-17 0.55 -9.09598e-28 -4.6678e-25 -3.33415e-21 1 6.95245e-18 -2.77556e-17 0.55 -7.60916e-25 -9.71489e-29 1 0.000318531 6.39903e-17 8.19971e-21 9.55827e-23 3.16317e-23 5.66942e-20 1.6508e-17 -5.52613e-19 -3.40504e-22 1.39656e-25 1.03726e-24 -5.99469e-22 1.06749e-19
1886.52 1.79894e-21 5.55112e-17 0.55 7.08166e-28 -1.65511e-26 4.10248e-21 1 6.95245e-18 -2.77556e-17 0.55 -2.49395e-26 -1.48119e-27 1 0.000318531 -1.05531e-16 -1.16356e-20 -2.76571e-23 -8.29202e-24 -1.00556e-21 -2.4673e-17 1.13371e-20 -5.65792e-24 -3.90769e-27 -5.09832e-26 -1.13428e-22 -1.16662e-19
1886.53 2.46338e-23 5.55112e-17 0.55 -1.90432e-28 2.88536e-26 1.19429e-23 1 6.92534e-18 -2.77556e-17 0.55 4.08582e-26 2.7313e-28 1 0.000318531 5.43158e-17 1.04188e-21 -3.42061e-24 7.17577e-25 1.01551e-22 1.47481e-17 -1.17933e-20 4.76756e-24 -1.70436e-27 -1.7188e-26 5.39378e-25 1.21151e-19
1886.54 -2.01832e-21 5.55112e-17 0.55 -5.3857e-29 -5.33166e-26 -4.59692e-21 1 6.93889e-18 -2.77556e-17 0.55 -8.99627e-26 -1.96949e-28 1 0.000318531 -4.38565e-17 -9.84853e-23 -6.155e-23 -2.54205e-23 -5.92936e-20 -1.46524e-17 1.54173e-20 -5.85807e-24 -7.88523e-26 -5.44096e-25 2.13193e-22 -1.559e-19
1886.54 1.27814e-21 5.55112e-17 0.55 4.90276e-28 -7.1026e-26 2.9616e-21 1 6.95245e-18 -2.77556e-17 0.55 -1.08774e-25 -1.35796e-27 1 0.000318531 -4.38565e-17 -9.84853e-23 -6.155e-23 -2.54205e-23 -5.92936e-20 -1.46524e-17 1.54173e-20 -5.85807e-24 -7.88523e-26 -5.44096e-25 2.13193e-22 -1.559e-19
1886.55 1.71317e-21 5.55112e-17 0.55 -4.0001e-28 -4.05174e-25 3.81754e-21 1 6.93889e-18 -2.77556e-17 0.55 -6.8831e-25 -8.57345e-28 1 0.000318531 2.19778e-17 -1.54187e-21 4.47359e-23 1.02782e-23 8.95809e-22 6.1151e-18 2.66616e-19 1.74219e-22 9.05426e-27 1.06089e-25 1.24364e-22 4.49958e-20
1886.55 -4.16081e-22 5.55112e-17 0.55 -1.39178e-28 1.69555e-26 -9.8292e-22 1 6.92534e-18 -2.77556e-17 0.55 2.05134e-26 1.48027e-28 1 0.000318531 2.19778e-17 -1.54187e-21 4.47359e-23 1.02782e-23 8.95809e-22 6.1151e-18 -2.57832e-19 -1.76895e-22 -1.30387e-27 -4.01911e-26 -1.10807e-22 -1.36554e-19
1886.56 2.94987e-22 5.55112e-17 0.55 -5.24018e-28 -4.44668e-25 8.38488e-22 1 6.966e-18 -2.77556e-17 0.55 -7.1395e-25 -7.3622e-28 1 0.000318531 3.36254e-17 1.00033e-20 -3.27038e-23 -6.80704e-24 -6.55196e-22 2.65396e-18 -2.57832e-19 -1.76895e-22 -1.30387e-27 -4.01911e-26 -1.10807e-22 -1.36554e-19
1886.57 1.7783e-21 5.55112e-17 0.55 6.27813e-28 -4.57348e-27 3.95702e-21 1 6.95245e-18 -2.77556e-17 0.55 -2.16473e-26 -1.3027e-27 1 0.000318531 -2.36544e-17 -9.20997e-21 1.43476e-22 5.05486e-23 1.15664e-19 -4.38808e-18 -3.60169e-21 6.27333e-26 2.11858e-25 1.52631e-24 -8.2542e-22 3.35086e-20
1886.58 -7.54699e-22 5.55112e-17 0.55 -5.24137e-28 3.83646e-26 -1.76604e-21 1 6.92534e-18 -2.77556e-17 0.55 5.46857e-26 9.18017e-28 1 0.000318531 -2.36544e-17 -9.20997e-21 1.43476e-22 5.05486e-23 1.15664e-19 -4.38808e-18 -2.75974e-19 -1.67679e-22 -7.40176e-26 -4.96619e-25 2.26058e-22 6.94021e-20
1886.58 -1.89503e-21 5.55112e-17 0.55 -3.3114e-28 -6.00146e-27 -4.34379e-21 1 6.92534e-18 -2.77556e-17 0.55 -1.65467e-26 4.26876e-28 1 0.000318531 8.15016e-17 1.13216e-20 -4.88684e-23 -1.94033e-23 -5.89737e-20 2.06064e-17 -2.75974e-19 -1.67679e-22 -7.40176e-26 -4.96619e-25 2.26058e-22 6.94021e-20
1886.59 1.27821e-21 5.55112e-17 0.55 6.13863e-28 -2.17188e-26 2.96174e-21 1 6.966e-18 -2.77556e-17 0.55 -2.65529e-26 -1.33334e-27 1 0.000318531 -7.86053e-17 -8.0522e-21 -9.05205e-24 -6.22895e-25 3.25805e-21 -1.62236e-17 2.73933e-19 1.70664e-22 -5.59972e-26 -4.51468e-25 4.98513e-22 -3.03644e-20
1886.59 5.99573e-22 5.55112e-17 0.55 1.20757e-27 -2.81241e-25 1.28244e-21 1 6.92534e-18 -2.77556e-17 0.55 -4.82463e-25 -3.22871e-27 1 0.000318531 6.40102e-17 8.20051e-21 -2.30096e-24 1.73957e-24 1.18755e-22 1.65132e-17 -1.04551e-20 4.96011e-24 1.22359e-27 -2.99947e-31 -5.21562e-25 1.07506e-19
1886.61 -3.9398e-22 5.55112e-17 0.55 -8.04433e-28 -4.33504e-25 -6.99717e-22 1 6.966e-18 -2.77556e-17 0.55 -6.87819e-25 -2.27459e-28 1 0.000318531 6.40102e-17 8.20051e-21 -2.30096e-24 1.73957e-24 1.18755e-22 1.65132e-17 1.10422e-20 -5.79011e-24 1.37224e-25 1.01725e-24 -5.99726e-22 -1.16107e-19
1886.61 1.95714e-21 5.55112e-17 0.55 5.2953e-28 -4.00922e-26 4.40808e-21 1 6.95245e-18 -2.77556e-17 0.55 -7.47154e-26 -1.34428e-27 1 0.000318531 -1.05539e-16 -1.16343e-20 9.27978e-23 2.76174e-23 5.63457e-20 -2.46758e-17 1.10422e-20 -5.79011e-24 1.37224e-25 1.01725e-24 -5.99726e-22 -1.16107e-19
1886.62 -3.69213e-22 5.55112e-17 0.55 1.07212e-28 -2.44855e-26 -8.87134e-22 1 6.92534e-18 -2.77556e-17 0.55 -5.03288e-26 -3.69866e-28 1 0.000318531 5.43163e-17 1.02835e-21 4.41928e-24 1.48672e-24 9.76739e-23 1.47493e-17 -1.17966e-20 4.76751e-24 -6.39432e-29 9.12041e-27 -2.09315e-26 1.21185e-19
1886.62 -2.01853e-21 5.55112e-17 0.55 -1.13559e-27 -4.49819e-25 -4.59738e-21 1 6.93889e-18 -2.77556e-17 0.55 -7.5115e-25 3.62119e-28 1 0.000318531 5.43163e-17 1.02835e-21 4.41928e-24 1.48672e-24 9.76739e-23 1.47493e-17 1.51153e-20 -5.98853e-24 -5.52987e-26 -4.57682e-25 5.0014e-22 -1.55274e-19
1886.63 1.27777e-21 5.55112e-17 0.55 5.17206e-28 6.02749e-25 2.96076e-21 1 6.95245e-18 -2.77556e-17 0.55 1.01479e-24 8.96315e-28 1 0.000318531 -4.3846e-17 -1.07706e-22 -1.50206e-23 -1.62571e-24 3.39667e-21 -1.46494e-17 2.66914e-19 1.74349e-22 -7.90688e-26 -5.31741e-25 2.12413e-22 4.44111e-20
1886.64 -8.11121e-23 5.55112e-17 0.55 -6.13932e-28 -1.06614e-24 -2.15241e-22 1 6.92534e-18 -2.77556e-17 0.55 -1.78297e-24 -2.57996e-27 1 0.000318531 2.19705e-17 -1.55754e-21 -5.54761e-23 -2.29738e-23 -5.92052e-20 6.11401e-18 2.66914e-19 1.74349e-22 -7.90688e-26 -5.31741e-25 2.12413e-22 4.44111e-20
1886.65 -1.72282e-21 5.55112e-17 0.55 -4.08526e-28 -1.22969e-28 -3.88921e-21 1 6.95245e-18 -2.77556e-17 0.55 5.9534e-27 5.56528e-28 1 0.000318531 3.36293e-17 9.99812e-21 -7.96407e-24 -7.46485e-25 1.21724e-22 2.65521e-18 -2.57833e-19 -1.76895e-22 1.26083e-27 -3.58953e-27 1.71337e-24 -1.36542e-19
1886.66 1.95687e-21 5.55112e-17 0.55 6.30418e-28 1.55446e-26 4.40748e-21 1 6.95245e-18 -2.77556e-17 0.55 1.80617e-26 -1.26743e-27 1 0.000318531 -2.36539e-17 -9.21731e-21 -2.55878e-23 -6.52096e-24 -8.36344e-22 -4.38745e-18 -3.00641e-21 3.245e-25 -4.43893e-27 -5.02e-26 -1.13145e-22 3.23448e-20
1886.66 -7.54515e-22 5.55112e-17 0.55 1.05379e-27 3.67915e-25 -1.76564e-21 1 6.92534e-18 -2.77556e-17 0.55 6.04227e-25 -6.85948e-28 1 0.000318531 -2.36539e-17 -9.21731e-21 -2.55878e-23 -6.52096e-24 -8.36344e-22 -4.38745e-18 -2.76275e-19 -1.67809e-22 1.67216e-27 1.15581e-26 4.07766e-26 7.00187e-20
1886.67 1.32282e-22 5.55112e-17 0.55 4.23641e-28 -4.04281e-26 4.43714e-22 1 6.966e-18 -2.77556e-17 0.55 -4.3353e-26 -1.04519e-27 1 0.000318531 8.14998e-17 1.13217e-20 -9.25933e-25 1.87596e-24 1.74651e-22 2.0607e-17 -2.76275e-19 -1.67809e-22 1.67216e-27 1.15581e-26 4.07766e-26 7.00187e-20
1886.68 1.73121e-21 5.55112e-17 0.55 6.29935e-28 -3.66322e-27 3.87855e-21 1 6.95245e-18 -2.77556e-17 0.55 -1.60053e-26 -1.31151e-27 1 0.000318531 -7.85998e-17 -8.06457e-21 -5.55749e-23 -2.44267e-23 -5.9431e-20 -1.62221e-17 3.29989e-21 -1.87225e-24 -7.95532e-26 -5.37968e-25 2.11593e-22 -3.16079e-20
1886.69 -1.04019e-21 5.55112e-17 0.55 5.89994e-29 -4.46172e-26 -2.40285e-21 1 6.91179e-18 -2.77556e-17 0.55 -8.11754e-26 -3.36595e-28 1 0.000318531 6.39951e-17 8.20226e-21 4.67618e-24 1.65883e-24 1.22951e-22 1.65099e-17 -5.52318e-19 -3.40372e-22 3.95097e-28 1.39969e-26 -2.10561e-25 1.06187e-19
1886.69 -1.50755e-21 5.55112e-17 0.55 -1.3337e-28 -4.63395e-26 -3.33455e-21 1 6.95245e-18 -2.77556e-17 0.55 -5.98075e-26 -4.12868e-29 1 0.000318531 6.39951e-17 8.20226e-21 4.67618e-24 1.65883e-24 1.22951e-22 1.65099e-17 1.13374e-20 -5.65799e-24 -4.6399e-27 -6.10134e-26 -1.13081e-22 -1.16664e-19
1886.7 1.9319e-21 5.55112e-17 0.55 -3.76288e-28 -3.92524e-25 4.31474e-21 1 6.95245e-18 -2.77556e-17 0.55 -6.67702e-25 -8.64564e-28 1 0.000318531 -1.05531e-16 -1.16352e-20 -3.03028e-23 -8.62039e-24 -1.00317e-21 -2.46732e-17 1.13374e-20 -5.65799e-24 -4.6399e-27 -6.10134e-26 -1.13081e-22 -1.16664e-19
1886.71 3.98136e-22 5.55112e-17 0.55 2.77442e-28 -7.1944e-26 8.37016e-22 1 6.93889e-18 -2.77556e-17 0.55 -1.31335e-25 -9.44185e-28 1 0.000318531 -1.05531e-16 -1.16352e-20 -3.03028e-23 -8.62039e-24 -1.00317e-21 -2.46732e-17 -1.20898e-20 4.63542e-24 1.3716e-25 1.02615e-24 -5.98759e-22 1.21721e-19
1886.71 -1.37615e-21 5.55112e-17 0.55 2.02158e-28 -6.90006e-25 -3.15398e-21 1 6.92534e-18 -2.77556e-17 0.55 -1.1552e-24 -2.70093e-27 1 0.000318531 5.43093e-17 1.03758e-21 9.58661e-23 3.08321e-23 5.66725e-20 1.47462e-17 -1.20898e-20 4.63542e-24 1.3716e-25 1.02615e-24 -5.98759e-22 1.21721e-19
1886.72 1.32197e-22 5.55112e-17 0.55 1.30748e-28 6.10811e-25 4.43546e-22 1 6.966e-18 -2.77556e-17 0.55 1.04263e-24 1.5986e-27 1 0.000318531 -1.00513e-16 -9.08234e-21 -3.03812e-23 -8.50006e-24 -9.9297e-22 -2.31337e-17 6.67624e-21 -3.49702e-24 -5.65728e-27 -6.93852e-26 -1.13331e-22 -6.72183e-20
1886.73 1.32822e-21 5.55112e-17 0.55 5.30455e-28 -6.24485e-27 2.92966e-21 1 6.93889e-18 -2.77556e-17 0.55 -2.6633e-26 -1.1297e-27 1 0.000318531 -1.00513e-16 -9.08234e-21 -3.03812e-23 -8.50006e-24 -9.9297e-22 -2.31337e-17 2.59757e-19 1.77146e-22 1.37099e-25 1.02487e-24 -5.98752e-22 1.12973e-19
1886.73 -1.04017e-21 5.55112e-17 0.55 6.79955e-29 -1.00809e-25 -2.40282e-21 1 6.92534e-18 -2.77556e-17 0.55 -1.7488e-25 -6.30655e-28 1 0.000318531 4.94293e-17 3.10845e-21 9.54976e-23 3.06806e-23 5.66627e-20 1.34289e-17 2.59757e-19 1.77146e-22 1.37099e-25 1.02487e-24 -5.98752e-22 1.12973e-19
1886.74 -1.71774e-21 5.55112e-17 0.55 -1.40175e-28 6.4388e-27 -3.92954e-21 1 6.93889e-18 -2.77556e-17 0.55 6.88882e-27 2.74009e-28 1 0.000318531 4.94293e-17 3.10845e-21 9.54976e-23 3.06806e-23 5.66627e-20 1.34289e-17 2.85111e-19 1.66342e-22 -1.49399e-27 -2.10175e-26 3.86934e-25 -1.45154e-19
1886.74 1.79886e-21 5.55112e-17 0.55 3.51712e-28 6.52893e-25 4.10233e-21 1 6.966e-18 -2.77556e-17 0.55 1.0914e-24 1.31345e-27 1 0.000318531 -7.91763e-17 -7.07239e-21 -5.67034e-24 -2.60852e-24 -1.41518e-22 -2.14214e-17 2.85111e-19 1.66342e-22 -1.49399e-27 -2.10175e-26 3.86934e-25 -1.45154e-19
1886.75 3.9814e-22 5.55112e-17 0.55 4.05558e-28 -2.41737e-26 8.37021e-22 1 6.92534e-18 -2.77556e-17 0.55 -5.16755e-26 -9.30839e-28 1 0.000318531 3.26603e-17 -3.42712e-21 -5.53994e-23 -2.28746e-23 -5.9179e-20 8.48138e-18 -4.75468e-21 1.78776e-24 -7.90243e-26 -5.31858e-25 2.12654e-22 5.13371e-20
1886.76 -2.01848e-21 5.55112e-17 0.55 9.38896e-28 -2.908e-25 -4.5973e-21 1 6.93889e-18 -2.77556e-17 0.55 -4.85983e-25 -2.64114e-27 1 0.000318531 3.26603e-17 -3.42712e-21 -5.53994e-23 -2.28746e-23 -5.9179e-20 8.48138e-18 -2.57727e-19 -1.76901e-22 1.17047e-26 1.15297e-25 1.25655e-22 -1.37634e-19
1886.77 1.27793e-21 5.55112e-17 0.55 2.94413e-28 2.6036e-26 2.96111e-21 1 6.966e-18 -2.77556e-17 0.55 5.30838e-26 -6.47901e-28 1 0.000318531 3.15577e-17 1.0363e-20 3.97146e-23 9.48386e-24 9.7309e-22 2.1847e-18 2.66281e-19 1.7375e-22 1.3697e-25 1.02189e-24 -5.99001e-22 4.58191e-20
1886.78 2.3674e-22 5.55112e-17 0.55 3.68221e-28 -2.63952e-26 4.81724e-22 1 6.93889e-18 -2.77556e-17 0.55 -5.33585e-26 -8.76531e-28 1 0.000318531 -1.76448e-17 -4.98863e-21 9.52307e-23 2.96448e-23 5.65177e-20 -2.01418e-18 2.66281e-19 1.7375e-22 1.3697e-25 1.02189e-24 -5.99001e-22 4.58191e-20
1886.78 -1.28211e-21 5.55112e-17 0.55 5.03813e-29 5.69012e-25 -2.94017e-21 1 6.92534e-18 -2.77556e-17 0.55 9.44288e-25 1.68992e-27 1 0.000318531 -1.76448e-17 -4.98863e-21 9.52307e-23 2.96448e-23 5.65177e-20 -2.01418e-18 -2.74565e-19 -1.6976e-22 -6.59939e-26 -5.56168e-25 2.62119e-22 3.53257e-20
1886.79 2.94667e-22 5.55112e-17 0.55 -3.14705e-29 7.93497e-27 8.37769e-22 1 6.966e-18 -2.77556e-17 0.55 4.07933e-26 -9.62487e-29 1 0.000318531 7.11393e-17 1.51953e-20 -7.19767e-23 -1.39579e-23 1.95669e-21 1.66353e-17 2.40452e-21 -1.78426e-24 -7.54065e-26 -5.05057e-25 2.24722e-22 -2.24013e-20
1886.8 3.98246e-22 5.55112e-17 0.55 2.61013e-28 6.17395e-25 8.37274e-22 1 6.93889e-18 -2.77556e-17 0.55 1.01818e-24 1.41919e-27 1 0.000318531 -6.6393e-17 -1.07315e-20 -4.62874e-23 -2.16888e-23 -5.93139e-20 -1.34754e-17 2.40452e-21 -1.78426e-24 -7.54065e-26 -5.05057e-25 2.24722e-22 -2.24013e-20
1886.8 -1.66107e-21 5.55112e-17 0.55 -4.81548e-29 -1.07467e-25 -3.81427e-21 1 6.91179e-18 -2.77556e-17 0.55 -1.87517e-25 -4.35739e-28 1 0.000318531 7.53346e-17 9.04948e-21 -8.95663e-24 1.86897e-24 3.59566e-21 1.95265e-17 -1.5768e-20 7.20887e-24 -5.65065e-26 -4.53554e-25 4.99384e-22 1.63658e-19
1886.81 7.52996e-22 5.55112e-17 0.55 -8.02166e-29 2.48807e-26 1.81179e-21 1 6.966e-18 -2.77556e-17 0.55 5.83733e-26 4.8985e-29 1 0.000318531 7.53346e-17 9.04948e-21 -8.95663e-24 1.86897e-24 3.59566e-21 1.95265e-17 6.6748e-21 -3.4973e-24 4.01703e-28 -8.74531e-27 -2.19414e-24 -6.72035e-20
1886.82 1.5906e-21 5.55112e-17 0.55 2.11347e-28 6.68809e-25 3.54067e-21 1 6.95245e-18 -2.77556e-17 0.55 1.10306e-24 1.59754e-27 1 0.000318531 -1.00489e-16 -9.09083e-21 -2.03216e-24 -1.17925e-24 -2.25555e-22 -2.31285e-17 6.6748e-21 -3.4973e-24 4.01703e-28 -8.74531e-27 -2.19414e-24 -6.72035e-20
1886.82 2.36446e-22 5.55112e-17 0.55 2.22289e-28 6.14807e-25 4.81064e-22 1 6.92534e-18 -2.77556e-17 0.55 1.01588e-24 1.47519e-27 1 0.000318531 -1.00489e-16 -9.09083e-21 -2.03216e-24 -1.17925e-24 -2.25555e-22 -2.31285e-17 2.60052e-19 1.77278e-22 -4.19741e-27 -4.73348e-26 -1.11961e-22 1.12417e-19
1886.82 -7.45344e-22 5.55112e-17 0.55 2.37158e-28 -4.37649e-26 -1.73792e-21 1 6.92534e-18 -2.77556e-17 0.55 -8.11555e-26 -6.67539e-28 1 0.000318531 4.94293e-17 3.10403e-21 -2.55238e-23 -5.3627e-24 -6.85116e-22 1.34299e-17 2.60052e-19 1.77278e-22 -4.19741e-27 -4.73348e-26 -1.11961e-22 1.12417e-19
1886.83 -3.94084e-22 5.55112e-17 0.55 4.48084e-28 -7.00451e-25 -6.99999e-22 1 6.966e-18 -2.77556e-17 0.55 -1.13298e-24 -3.21808e-27 1 0.000318531 4.94293e-17 3.10403e-21 -2.55238e-23 -5.3627e-24 -6.85116e-22 1.34299e-17 2.85109e-19 1.66342e-22 5.3309e-26 4.38399e-25 -4.9898e-22 -1.4514e-19
1886.84 1.95662e-21 5.55112e-17 0.55 3.19993e-28 4.00674e-26 4.40693e-21 1 6.95245e-18 -2.77556e-17 0.55 5.89574e-26 -6.40368e-28 1 0.000318531 -7.91639e-17 -7.07759e-21 9.74684e-24 -2.89823e-24 -3.58949e-21 -2.14182e-17 -5.0546e-21 1.65732e-24 -5.57586e-26 -4.54353e-25 4.99825e-22 5.19424e-20
1886.85 -7.54432e-22 5.55112e-17 0.55 1.0018e-28 5.94572e-25 -1.76543e-21 1 6.92534e-18 -2.77556e-17 0.55 9.82194e-25 1.66694e-27 1 0.000318531 3.26601e-17 -3.42802e-21 -1.17695e-23 7.18701e-25 3.51282e-21 8.48151e-18 -5.0546e-21 1.65732e-24 -5.57586e-26 -4.54353e-25 4.99825e-22 5.19424e-20
1886.85 -1.66088e-21 5.55112e-17 0.55 8.30486e-29 -6.09534e-26 -3.81385e-21 1 6.91179e-18 -2.77556e-17 0.55 -1.09953e-25 -4.30545e-28 1 0.000318531 3.26601e-17 -3.42802e-21 -1.17695e-23 7.18701e-25 3.51282e-21 8.48151e-18 2.85749e-19 1.66548e-22 1.97039e-26 4.74438e-26 2.74497e-22 -1.54032e-19
1886.86 1.32282e-22 5.55112e-17 0.55 3.91893e-28 -7.27974e-25 4.43702e-22 1 6.966e-18 -2.77556e-17 0.55 -1.18988e-24 -3.30562e-27 1 0.000318531 -4.3853e-17 -9.17616e-23 3.30777e-23 1.94333e-23 6.25466e-20 -1.46508e-17 2.85749e-19 1.66548e-22 1.97039e-26 4.74438e-26 2.74497e-22 -1.54032e-19
1886.86 9.7794e-22 5.55112e-17 0.55 1.4663e-28 3.93105e-26 2.12898e-21 1 6.93889e-18 -2.77556e-17 0.55 4.92783e-26 -3.30946e-28 1 0.000318531 3.92171e-18 -3.07706e-21 -4.84849e-23 -2.09379e-23 -5.916e-20 2.70934e-18 2.66643e-19 1.74301e-22 -7.61217e-26 -5.11376e-25 2.25423e-22 4.71388e-20
1886.87 -1.28191e-21 5.55112e-17 0.55 -9.4884e-30 -9.47211e-26 -2.93972e-21 1 6.92534e-18 -2.77556e-17 0.55 -1.62528e-25 -4.83974e-28 1 0.000318531 3.92171e-18 -3.07706e-21 -4.84849e-23 -2.09379e-23 -5.916e-20 2.70934e-18 -2.66057e-19 -1.73257e-22 -5.28173e-26 -4.31574e-25 5.00449e-22 -5.2034e-20
1886.88 2.94935e-22 5.55112e-17 0.55 -4.86656e-28 -4.57511e-25 8.38368e-22 1 6.966e-18 -2.77556e-17 0.55 -7.35367e-25 -8.30089e-28 1 0.000318531 5.91488e-17 1.3843e-20 -1.15556e-23 1.09056e-24 3.60036e-21 1.09462e-17 -2.66057e-19 -1.73257e-22 -5.28173e-26 -4.31574e-25 5.00449e-22 -5.2034e-20
1886.88 1.54801e-21 5.55112e-17 0.55 1.38094e-28 5.30992e-26 3.44446e-21 1 6.95245e-18 -2.77556e-17 0.55 7.64887e-26 -2.89423e-28 1 0.000318531 -4.40106e-17 -9.88785e-21 4.08158e-25 2.78886e-25 -1.13429e-22 -9.11261e-18 2.10745e-21 -1.82811e-24 1.95799e-27 9.06975e-27 -1.59242e-24 -2.17695e-20
1886.89 -1.09702e-21 5.55112e-17 0.55 -5.24507e-29 -7.25827e-26 -2.53514e-21 1 6.91179e-18 -2.77556e-17 0.55 -1.28312e-25 -3.54367e-28 1 0.000318531 -4.40106e-17 -9.88785e-21 4.08158e-25 2.78886e-25 -1.13429e-22 -9.11261e-18 2.50549e-19 1.79254e-22 1.36945e-25 1.02278e-24 -5.98129e-22 1.90499e-19
1886.9 -1.68029e-21 5.55112e-17 0.55 -1.08919e-29 5.51311e-25 -3.71635e-21 1 6.966e-18 -2.77556e-17 0.55 9.3848e-25 1.718e-27 1 0.000318531 7.92875e-17 4.36175e-21 9.55622e-23 3.15587e-23 5.67063e-20 2.11344e-17 2.50549e-19 1.79254e-22 1.36945e-25 1.02278e-24 -5.98129e-22 1.90499e-19
1886.9 1.2781e-21 5.55112e-17 0.55 -3.34898e-28 -1.05273e-24 2.9615e-21 1 6.95245e-18 -2.77556e-17 0.55 -1.74583e-24 -3.07944e-27 1 0.000318531 7.92875e-17 4.36175e-21 9.55622e-23 3.15587e-23 5.67063e-20 2.11344e-17 2.74704e-19 1.70279e-22 -1.32831e-26 -1.22365e-25 -2.38972e-22 -3.83501e-20
1886.91 1.32788e-21 5.55112e-17 0.55 -2.32684e-28 7.69324e-26 2.92891e-21 1 6.93889e-18 -2.77556e-17 0.55 1.12073e-25 4.56319e-28 1 0.000318531 -9.46088e-17 -8.81422e-21 -5.86551e-23 -1.68284e-23 -1.86657e-21 -2.00931e-17 -5.5281e-19 -3.4042e-22 -5.60824e-26 -4.57403e-25 5.00077e-22 1.11204e-19
1886.91 -7.45223e-22 5.55112e-17 0.55 -9.55491e-28 -4.05447e-25 -1.73762e-21 1 6.92534e-18 -2.77556e-17 0.55 -6.84276e-25 1.60687e-28 1 0.000318531 5.76593e-17 5.79716e-21 -1.16458e-23 1.26953e-24 3.56017e-21 1.54854e-17 -5.5281e-19 -3.4042e-22 -5.60824e-26 -4.57403e-25 5.00077e-22 1.11204e-19
1886.92 -1.50742e-21 5.55112e-17 0.55 1.1714e-28 -7.1428e-26 -3.33425e-21 1 6.966e-18 -2.77556e-17 0.55 -1.01646e-25 -5.59471e-28 1 0.000318531 5.76593e-17 5.79716e-21 -1.16458e-23 1.26953e-24 3.56017e-21 1.54854e-17 -5.5281e-19 -3.4042e-22 -5.60824e-26 -4.57403e-25 5.00077e-22 1.11204e-19
1886.92 9.1715e-22 5.55112e-17 0.55 6.21416e-28 -4.10624e-26 2.19424e-21 1 6.966e-18 -2.77556e-17 0.55 -5.05327e-26 -1.38442e-27 1 0.000318531 -9.89355e-17 -9.8302e-21 -5.92153e-23 -2.57998e-23 -5.9447e-20 -2.39788e-17 1.27361e-20 -5.78134e-24 -7.99253e-26 -5.47325e-25 2.11977e-22 -1.28544e-19
1886.93 1.20643e-21 5.55112e-17 0.55 -2.39148e-28 7.42794e-26 2.65989e-21 1 6.93889e-18 -2.77556e-17 0.55 1.08878e-25 4.71211e-28 1 0.000318531 -9.89355e-17 -9.8302e-21 -5.92153e-23 -2.57998e-23 -5.9447e-20 -2.39788e-17 -9.93413e-21 3.80295e-24 -2.60919e-27 -2.30253e-26 2.61127e-25 1.03641e-19
1886.93 -7.54485e-22 5.55112e-17 0.55 -9.83548e-29 1.01191e-26 -1.76555e-21 1 6.92534e-18 -2.77556e-17 0.55 7.58554e-27 6.54075e-29 1 0.000318531 4.39146e-17 -1.89472e-21 -3.49463e-24 2.03437e-25 8.97111e-23 1.13261e-17 -9.93413e-21 3.80295e-24 -2.60919e-27 -2.30253e-26 2.61127e-25 1.03641e-19
1886.94 -1.66099e-21 5.55112e-17 0.55 -1.10248e-27 -4.25435e-25 -3.81408e-21 1 6.91179e-18 -2.77556e-17 0.55 -7.17747e-25 3.80286e-28 1 0.000318531 4.39146e-17 -1.89472e-21 -3.49463e-24 2.03437e-25 8.97111e-23 1.13261e-17 -2.55398e-19 -1.78305e-22 -2.01842e-27 -4.4422e-26 -1.11647e-22 -1.60078e-19
1886.95 1.2782e-21 5.55112e-17 0.55 4.8963e-28 -7.09533e-26 2.96173e-21 1 6.966e-18 -2.77556e-17 0.55 -1.08653e-25 -1.35729e-27 1 0.000318531 -6.02072e-18 4.95033e-21 -3.15574e-23 -7.54572e-24 -7.3606e-22 -7.14485e-18 -2.55398e-19 -1.78305e-22 -2.01842e-27 -4.4422e-26 -1.11647e-22 -1.60078e-19
1886.95 1.32814e-21 5.55112e-17 0.55 3.01912e-28 1.29565e-26 2.92948e-21 1 6.93889e-18 -2.77556e-17 0.55 5.38749e-27 -6.61878e-28 1 0.000318531 -6.02072e-18 4.95033e-21 -3.15574e-23 -7.54572e-24 -7.3606e-22 -7.14485e-18 2.66343e-19 1.74171e-22 -1.19994e-28 4.83164e-27 -5.71922e-25 4.77405e-20
1886.96 -7.45293e-22 5.55112e-17 0.55 3.8482e-29 -7.56533e-26 -1.73781e-21 1 6.92534e-18 -2.77556e-17 0.55 -1.34332e-25 -5.24632e-28 1 0.000318531 3.92364e-18 -3.07011e-21 2.35428e-24 5.19866e-25 -1.14368e-23 2.7101e-18 2.66343e-19 1.74171e-22 -1.19994e-28 4.83164e-27 -5.71922e-25 4.77405e-20
1886.96 -1.54097e-21 5.55112e-17 0.55 -9.28647e-28 -4.5388e-25 -3.54341e-21 1 6.92534e-18 -2.77556e-17 0.55 -7.65536e-25 6.0755e-30 1 0.000318531 3.92364e-18 -3.07011e-21 2.35428e-24 5.19866e-25 -1.14368e-23 2.7101e-18 -2.65757e-19 -1.73127e-22 -7.63756e-26 -5.17942e-25 2.13502e-22 -5.26428e-20
1886.96 -1.05948e-21 5.55112e-17 0.55 -7.74147e-28 -4.76108e-25 -2.25681e-21 1 6.966e-18 -2.77556e-17 0.55 -7.66445e-25 -3.67076e-28 1 0.000318531 5.91536e-17 1.38427e-20 -5.80565e-23 -2.27024e-23 -5.90899e-20 1.09469e-17 -2.65757e-19 -1.73127e-22 -7.63756e-26 -5.17942e-25 2.13502e-22 -5.26428e-20
1886.97 2.94923e-22 5.55112e-17 0.55 5.34399e-28 -6.0201e-26 8.38334e-22 1 6.966e-18 -2.77556e-17 0.55 -7.28297e-26 -1.2782e-27 1 0.000318531 5.91536e-17 1.38427e-20 -5.80565e-23 -2.27024e-23 -5.90899e-20 1.09469e-17 -2.65757e-19 -1.73127e-22 -7.63756e-26 -5.17942e-25 2.13502e-22 -5.26428e-20
1886.97 1.42567e-21 5.55112e-17 0.55 -3.3765e-28 -4.26541e-25 3.29485e-21 1 6.966e-18 -2.77556e-17 0.55 -7.02042e-25 -1.01742e-27 1 0.000318531 5.91536e-17 1.38427e-20 -5.80565e-23 -2.27024e-23 -5.90899e-20 1.09469e-17 -2.65757e-19 -1.73127e-22 -7.63756e-26 -5.17942e-25 2.13502e-22 -5.26428e-20
1886.97 1.93192e-21 5.55112e-17 0.55 6.07867e-28 4.03162e-28 4.31478e-21 1 6.95245e-18 -2.77556e-17 0.55 -1.24757e-26 -1.24416e-27 1 0.000318531 5.91536e-17 1.38427e-20 -5.80565e-23 -2.27024e-23 -5.90899e-20 1.09469e-17 2.10729e-21 -1.82789e-24 3.19283e-28 1.26356e-26 -9.82228e-25 -2.17679e-20
1886.97 1.20669e-21 5.55112e-17 0.55 2.99706e-28 8.80769e-27 2.66048e-21 1 6.93889e-18 -2.77556e-17 0.55 -3.01366e-28 -6.56998e-28 1 0.000318531 -4.4018e-17 -9.88618e-21 4.61883e-24 -1.37742e-25 -1.09235e-22 -9.11393e-18 2.10729e-21 -1.82789e-24 3.19283e-28 1.26356e-26 -9.82228e-25 -2.17679e-20
1886.98 -3.69289e-22 5.55112e-17 0.55 3.73696e-29 -8.60581e-27 -8.873e-22 1 6.92534e-18 -2.77556e-17 0.55 -2.38478e-26 -2.1394e-28 1 0.000318531 -4.4018e-17 -9.88618e-21 4.61883e-24 -1.37742e-25 -1.09235e-22 -9.11393e-18 2.10729e-21 -1.82789e-24 3.19283e-28 1.26356e-26 -9.82228e-25 -2.17679e-20
1886.98 -1.89495e-21 5.55112e-17 0.55 -1.2362e-29 -5.53963e-26 -4.34361e-21 1 6.92534e-18 -2.77556e-17 0.55 -9.89157e-26 -2.624e-28 1 0.000318531 -4.4018e-17 -9.88618e-21 4.61883e-24 -1.37742e-25 -1.09235e-22 -9.11393e-18 2.50846e-19 1.79386e-22 -4.91419e-27 -5.55996e-26 -1.1145e-22 1.89927e-19
1886.99 -1.68055e-21 5.55112e-17 0.55 -4.4953e-29 -1.20859e-25 -3.71698e-21 1 6.966e-18 -2.77556e-17 0.55 -1.82405e-25 -5.19753e-28 1 0.000318531 -4.4018e-17 -9.88618e-21 4.61883e-24 -1.37742e-25 -1.09235e-22 -9.11393e-18 2.50846e-19 1.79386e-22 -4.91419e-27 -5.55996e-26 -1.1145e-22 1.89927e-19
1886.99 1.73093e-21 5.55112e-17 0.55 -3.69535e-28 -4.08065e-25 3.87792e-21 1 6.95245e-18 -2.77556e-17 0.55 -6.90367e-25 -9.16906e-28 1 0.000318531 7.92991e-17 4.36683e-21 -2.7553e-23 -4.67925e-24 -6.42287e-22 2.11371e-17 2.7441e-19 1.70144e-22 1.36785e-25 1.0189e-24 -5.99946e-22 -3.78062e-20
1887 -4.16246e-22 5.55112e-17 0.55 -2.49448e-29 3.57561e-28 -9.83308e-22 1 6.92534e-18 -2.77556e-17 0.55 -7.16653e-27 -9.15496e-29 1 0.000318531 -9.46059e-17 -8.83628e-21 9.47219e-23 2.83618e-23 5.635e-20 -2.00942e-17 -1.06467e-20 5.04245e-24 -7.59188e-26 -5.08649e-25 2.25611e-22 1.11911e-19
1887.01 -1.54095e-21 5.55112e-17 0.55 -1.24004e-28 -8.26917e-26 -3.54336e-21 1 6.92534e-18 -2.77556e-17 0.55 -1.46557e-25 -2.54268e-28 1 0.000318531 5.7673e-17 5.79882e-21 -4.79461e-23 -1.99684e-23 -5.9046e-20 1.5488e-17 -1.06467e-20 5.04245e-24 -7.59188e-26 -5.08649e-25 2.25611e-22 1.11911e-19
1887.01 -1.05946e-21 5.55112e-17 0.55 8.39074e-29 -1.14773e-25 -2.2568e-21 1 6.97955e-18 -2.77556e-17 0.55 -1.63904e-25 -7.40723e-28 1 0.000318531 5.7673e-17 5.79882e-21 -4.79461e-23 -1.99684e-23 -5.9046e-20 1.5488e-17 -1.06467e-20 5.04245e-24 -7.59188e-26 -5.08649e-25 2.25611e-22 1.11911e-19
1887.01 1.42553e-21 5.55112e-17 0.55 5.32896e-28 -6.92391e-26 3.2945e-21 1 6.95245e-18 -2.77556e-17 0.55 -1.06222e-25 -1.42196e-27 1 0.000318531 5.7673e-17 5.79882e-21 -4.79461e-23 -1.99684e-23 -5.9046e-20 1.5488e-17 1.24355e-20 -5.91164e-24 -5.63213e-26 -4.60701e-25 4.98934e-22 -1.27931e-19
1887.02 8.04897e-22 5.55112e-17 0.55 2.62527e-28 5.44733e-26 1.74648e-21 1 6.93889e-18 -2.77556e-17 0.55 7.64165e-26 -3.3023e-28 1 0.000318531 -9.89303e-17 -9.83266e-21 -1.2591e-23 -2.00055e-24 3.2434e-21 -2.39773e-17 -9.93508e-21 3.80296e-24 1.22097e-27 1.0341e-26 -1.31395e-24 1.0365e-19
1887.03 -1.89479e-21 5.55112e-17 0.55 -3.18925e-28 5.99145e-25 -4.34324e-21 1 6.92534e-18 -2.77556e-17 0.55 9.9257e-25 2.41383e-27 1 0.000318531 -9.89303e-17 -9.83266e-21 -1.2591e-23 -2.00055e-24 3.2434e-21 -2.39773e-17 -2.55695e-19 -1.78438e-22 1.39076e-25 1.02462e-24 -5.98178e-22 -1.59503e-19
1887.04 1.27808e-21 5.55112e-17 0.55 5.13865e-28 6.04257e-25 2.96146e-21 1 6.966e-18 -2.77556e-17 0.55 1.0173e-24 9.05722e-28 1 0.000318531 4.39238e-17 -1.89848e-21 3.16645e-24 1.67968e-24 7.88544e-23 1.13282e-17 -2.55695e-19 -1.78438e-22 1.39076e-25 1.02462e-24 -5.98178e-22 -1.59503e-19
1887.04 1.32812e-21 5.55112e-17 0.55 -4.70382e-28 -4.10196e-25 2.92946e-21 1 6.93889e-18 -2.77556e-17 0.55 -7.00243e-25 -7.32127e-28 1 0.000318531 -6.01788e-18 4.9441e-21 8.89065e-23 2.83795e-23 5.66136e-20 -7.14473e-18 2.66339e-19 1.74173e-22 -6.82575e-26 -5.70684e-25 2.61272e-22 4.77884e-20
1887.05 -1.71761e-21 5.55112e-17 0.55 -2.99651e-28 6.09049e-25 -3.92922e-21 1 6.93889e-18 -2.77556e-17 0.55 1.01178e-24 2.39341e-27 1 0.000318531 3.92431e-18 -3.06634e-21 -7.09207e-23 -1.50881e-23 1.79653e-21 2.71181e-18 -2.66057e-19 -1.73257e-22 -5.31514e-26 -4.4134e-25 5.00832e-22 -5.20356e-20
1887.06 1.79894e-21 5.55112e-17 0.55 5.786e-28 6.19311e-25 4.10251e-21 1 6.95245e-18 -2.77556e-17 0.55 1.0354e-24 8.31652e-28 1 0.000318531 5.91486e-17 1.38431e-20 -1.45276e-23 8.6086e-25 3.603e-21 1.09462e-17 2.40668e-21 -1.69816e-24 -7.91035e-26 -5.33065e-25 2.119e-22 -2.23677e-20
1887.06 1.54826e-21 5.55112e-17 0.55 4.7666e-28 6.20714e-25 3.44502e-21 1 6.95245e-18 -2.77556e-17 0.55 1.02302e-24 1.02671e-27 1 0.000318531 -4.40174e-17 -9.89458e-21 -5.54903e-23 -2.39475e-23 -5.93483e-20 -9.11397e-18 2.40668e-21 -1.69816e-24 -7.91035e-26 -5.33065e-25 2.119e-22 -2.23677e-20
1887.07 -1.8949e-21 5.55112e-17 0.55 -2.79046e-28 -2.40972e-26 -4.34351e-21 1 6.92534e-18 -2.77556e-17 0.55 -4.6724e-26 2.97807e-28 1 0.000318531 -4.40174e-17 -9.89458e-21 -5.54903e-23 -2.39475e-23 -5.93483e-20 -9.11397e-18 2.50845e-19 1.79386e-22 -1.57107e-27 -1.04274e-26 7.91973e-25 1.89932e-19
1887.08 1.27816e-21 5.55112e-17 0.55 -4.13149e-28 -4.17062e-25 2.96166e-21 1 6.95245e-18 -2.77556e-17 0.55 -6.85807e-25 -8.70655e-28 1 0.000318531 7.92961e-17 4.36611e-21 -6.48477e-25 1.68736e-24 1.32699e-22 2.11368e-17 2.74708e-19 1.70276e-22 -4.50845e-27 -5.30674e-26 -1.13187e-22 -3.8392e-20
1887.09 1.71321e-21 5.55112e-17 0.55 4.93715e-28 6.27322e-25 3.81762e-21 1 6.93889e-18 -2.77556e-17 0.55 1.03344e-24 1.00198e-27 1 0.000318531 7.92961e-17 4.36611e-21 -6.48477e-25 1.68736e-24 1.32699e-22 2.11368e-17 2.74708e-19 1.70276e-22 -4.50845e-27 -5.30674e-26 -1.13187e-22 -3.8392e-20
1887.09 -4.16038e-22 5.55112e-17 0.55 1.15988e-27 -1.97296e-25 -9.82868e-22 1 6.92534e-18 -2.77556e-17 0.55 -3.36769e-25 -2.65043e-27 1 0.000318531 -9.46204e-17 -8.82359e-21 -2.62772e-23 -7.67333e-24 -9.98085e-22 -2.00969e-17 -5.5281e-19 -3.40419e-22 6.26076e-26 5.47773e-25 -3.7448e-22 1.11208e-19
1887.1 -1.72284e-21 5.55112e-17 0.55 -3.2409e-28 -6.15353e-27 -3.88925e-21 1 6.95245e-18 -2.77556e-17 0.55 -4.10082e-27 3.90927e-28 1 0.000318531 5.76839e-17 5.80326e-21 5.56472e-23 1.02213e-23 -2.47836e-21 1.54908e-17 1.27364e-20 -5.78133e-24 -8.03525e-26 -5.53983e-25 2.12427e-22 -1.28546e-19
1887.1 9.17135e-22 5.55112e-17 0.55 5.40789e-28 -1.64527e-26 2.1942e-21 1 6.966e-18 -2.77556e-17 0.55 -9.49452e-27 -1.18984e-27 1 0.000318531 5.76839e-17 5.80326e-21 5.56472e-23 1.02213e-23 -2.47836e-21 1.54908e-17 1.27364e-20 -5.78133e-24 -8.03525e-26 -5.53983e-25 2.12427e-22 -1.28546e-19
1887.11 1.20682e-21 5.55112e-17 0.55 3.9086e-28 -5.46514e-26 2.66076e-21 1 6.93889e-18 -2.77556e-17 0.55 -1.06124e-25 -1.11527e-27 1 0.000318531 -9.89414e-17 -9.82925e-21 -6.0586e-23 -2.60345e-23 -5.94439e-20 -2.39801e-17 -1.02344e-20 3.67291e-24 1.84371e-26 5.06844e-26 2.7375e-22 1.04249e-19
1887.12 -1.37639e-21 5.55112e-17 0.55 -3.19189e-28 3.89304e-26 -3.15452e-21 1 6.91179e-18 -2.77556e-17 0.55 6.03446e-26 6.96425e-28 1 0.000318531 4.39126e-17 -1.89281e-21 3.89662e-23 2.20985e-23 6.26871e-20 1.13261e-17 -2.55398e-19 -1.78305e-22 1.04528e-27 -2.90957e-27 9.03506e-25 -1.6008e-19
1887.12 1.32303e-22 5.55112e-17 0.55 1.12523e-28 6.15483e-25 4.43785e-22 1 6.966e-18 -2.77556e-17 0.55 1.05042e-24 1.64221e-27 1 0.000318531 4.39126e-17 -1.89281e-21 3.89662e-23 2.20985e-23 6.26871e-20 1.13261e-17 -2.55398e-19 -1.78305e-22 1.04528e-27 -2.90957e-27 9.03506e-25 -1.6008e-19
1887.13 1.59115e-21 5.55112e-17 0.55 4.19338e-28 -4.31198e-26 3.54189e-21 1 6.93889e-18 -2.77556e-17 0.55 -8.41276e-26 -1.16078e-27 1 0.000318531 -6.01622e-18 4.95242e-21 -5.3546e-24 -1.30926e-24 4.1075e-23 -7.14406e-18 -4.31572e-21 1.55254e-24 -5.54484e-26 -4.45378e-25 4.9944e-22 4.43367e-20
1887.13 2.36719e-22 5.55112e-17 0.55 2.41532e-28 -7.47165e-26 4.81683e-22 1 6.93889e-18 -2.77556e-17 0.55 -1.33936e-25 -8.94139e-28 1 0.000318531 -6.01622e-18 4.95242e-21 -5.3546e-24 -1.30926e-24 4.1075e-23 -7.14406e-18 -4.31572e-21 1.55254e-24 -5.54484e-26 -4.45378e-25 4.9944e-22 4.43367e-20
1887.14 -1.72296e-21 5.55112e-17 0.55 -6.9715e-28 1.31162e-26 -3.88951e-21 1 6.95245e-18 -2.77556e-17 0.55 2.8034e-26 1.13404e-27 1 0.000318531 2.19616e-17 -1.5466e-21 -8.90864e-24 8.18799e-25 3.48662e-21 6.11167e-18 -2.50199e-19 -1.80504e-22 1.15961e-27 -1.2243e-26 1.64506e-24 -2.15031e-19
1887.15 1.79899e-21 5.55112e-17 0.55 4.38366e-28 -2.5915e-26 4.1026e-21 1 6.95245e-18 -2.77556e-17 0.55 -4.05535e-26 -1.16319e-27 1 0.000318531 -3.09478e-18 4.13388e-21 -1.15004e-23 -1.87809e-24 5.60374e-23 -7.4467e-18 -2.50199e-19 -1.80504e-22 1.15961e-27 -1.2243e-26 1.64506e-24 -2.15031e-19
1887.16 8.05337e-22 5.55112e-17 0.55 3.48411e-28 6.15944e-25 1.7475e-21 1 6.93889e-18 -2.77556e-17 0.55 1.0127e-24 1.25983e-27 1 0.000318531 -3.09478e-18 4.13388e-21 -1.15004e-23 -1.87809e-24 5.60374e-23 -7.4467e-18 -4.80018e-21 1.42396e-24 -7.98545e-26 -5.38187e-25 2.1266e-22 5.16698e-20
1887.16 -1.66128e-21 5.55112e-17 0.55 9.44871e-28 -2.16782e-25 -3.81478e-21 1 6.91179e-18 -2.77556e-17 0.55 -3.69811e-25 -2.3091e-27 1 0.000318531 -3.1859e-18 -7.16918e-21 -5.54126e-23 -2.33879e-23 -5.92624e-20 1.10198e-18 -2.74202e-19 -1.69987e-22 1.27467e-26 1.24951e-25 1.24672e-22 3.16139e-20
1887.17 1.59959e-21 5.55112e-17 0.55 2.74833e-28 6.61742e-25 3.6278e-21 1 6.95245e-18 -2.77556e-17 0.55 1.10092e-24 1.47007e-27 1 0.000318531 7.65728e-17 1.43528e-20 4.3409e-23 1.18069e-23 1.02403e-21 1.73122e-17 2.68984e-19 1.7305e-22 -8.0712e-26 -5.49138e-25 2.11999e-22 2.45834e-20
1887.18 9.78041e-22 5.55112e-17 0.55 -5.6929e-28 -4.00753e-25 2.12921e-21 1 6.93889e-18 -2.77556e-17 0.55 -6.84555e-25 -5.32731e-28 1 0.000318531 7.65728e-17 1.43528e-20 4.3409e-23 1.18069e-23 1.02403e-21 1.73122e-17 2.68984e-19 1.7305e-22 -8.0712e-26 -5.49138e-25 2.11999e-22 2.45834e-20
1887.18 -1.04027e-21 5.55112e-17 0.55 2.03821e-28 -5.5525e-26 -2.40306e-21 1 6.92534e-18 -2.77556e-17 0.55 -9.93661e-26 -6.37235e-28 1 0.000318531 -3.89759e-17 -6.91467e-21 -5.73222e-23 -2.41398e-23 -5.93358e-20 -7.68182e-18 2.5586e-19 1.79741e-22 -2.66666e-27 -1.01507e-26 2.89586e-25 1.57146e-19
1887.19 -1.71756e-21 5.55112e-17 0.55 -1.33672e-28 -4.9345e-26 -3.92911e-21 1 6.93889e-18 -2.77556e-17 0.55 -8.61334e-26 -1.59094e-29 1 0.000318531 6.77338e-17 1.04697e-20 1.73797e-24 1.02123e-24 1.32256e-22 1.77826e-17 2.5586e-19 1.79741e-22 -2.66666e-27 -1.01507e-26 2.89586e-25 1.57146e-19
1887.19 -1.05961e-21 5.55112e-17 0.55 -1.9809e-29 -4.80884e-26 -2.25713e-21 1 6.97955e-18 -2.77556e-17 0.55 -5.27026e-26 -2.56168e-28 1 0.000318531 6.77338e-17 1.04697e-20 1.73797e-24 1.02123e-24 1.32256e-22 1.77826e-17 2.5586e-19 1.79741e-22 -2.66666e-27 -1.01507e-26 2.89586e-25 1.57146e-19
1887.19 1.42546e-21 5.55112e-17 0.55 4.58207e-28 -5.22893e-26 3.29436e-21 1 6.95245e-18 -2.77556e-17 0.55 -7.79555e-26 -1.2564e-27 1 0.000318531 6.77338e-17 1.04697e-20 1.73797e-24 1.02123e-24 1.32256e-22 1.77826e-17 2.76614e-19 1.69447e-22 -8.10658e-26 -5.54062e-25 2.11399e-22 -5.38961e-20
1887.2 -3.69279e-22 5.55112e-17 0.55 2.07778e-28 5.85405e-25 -8.87266e-22 1 6.92534e-18 -2.77556e-17 0.55 9.66702e-25 1.45646e-27 1 0.000318531 -1.01818e-16 -1.27163e-20 -5.82813e-23 -2.54099e-23 -5.94689e-20 -2.27977e-17 -1.1764e-20 5.05798e-24 -5.57655e-26 -4.46272e-25 4.99554e-22 1.20921e-19
1887.21 -1.66095e-21 5.55112e-17 0.55 3.69872e-29 -6.23095e-26 -3.814e-21 1 6.91179e-18 -2.77556e-17 0.55 -1.12212e-25 -3.39653e-28 1 0.000318531 6.4354e-17 4.02045e-21 -8.47797e-24 1.66451e-24 3.56813e-21 1.71042e-17 -1.1764e-20 5.05798e-24 -5.57655e-26 -4.46272e-25 4.99554e-22 1.20921e-19
1887.21 -1.96022e-21 5.55112e-17 0.55 -1.97285e-28 -5.79443e-26 -4.41303e-21 1 6.93889e-18 -2.77556e-17 0.55 -8.80148e-26 5.78537e-29 1 0.000318531 6.4354e-17 4.02045e-21 -8.47797e-24 1.66451e-24 3.56813e-21 1.71042e-17 1.39996e-20 -5.95345e-24 -3.77536e-28 -9.76707e-27 -1.91669e-25 -1.43906e-19
1887.22 1.59982e-21 5.55112e-17 0.55 -5.0151e-28 -3.88866e-25 3.62832e-21 1 6.95245e-18 -2.77556e-17 0.55 -6.51026e-25 -6.43128e-28 1 0.000318531 6.4354e-17 4.02045e-21 -8.47797e-24 1.66451e-24 3.56813e-21 1.71042e-17 1.39996e-20 -5.95345e-24 -3.77536e-28 -9.76707e-27 -1.91669e-25 -1.43906e-19
1887.22 2.36594e-22 5.55112e-17 0.55 2.66952e-28 5.99852e-25 4.81406e-22 1 6.93889e-18 -2.77556e-17 0.55 9.90946e-25 1.36504e-27 1 0.000318531 -7.39767e-17 -4.11705e-21 -3.5005e-24 -2.06496e-24 -1.35898e-22 -1.99154e-17 -4.25449e-21 1.38955e-24 1.38118e-25 1.03125e-24 -5.98902e-22 4.12646e-20
1887.23 -1.05968e-21 5.55112e-17 0.55 -2.06165e-28 -3.52196e-26 -2.25728e-21 1 6.966e-18 -2.77556e-17 0.55 -3.12414e-26 1.27094e-28 1 0.000318531 3.43443e-17 -4.61671e-22 9.52518e-23 3.03227e-23 5.66438e-20 8.28677e-18 -2.502e-19 -1.80504e-22 7.93199e-27 5.85917e-26 1.3457e-23 -2.15021e-19
1887.24 1.95684e-21 5.55112e-17 0.55 -4.74634e-28 -3.73577e-25 4.40742e-21 1 6.95245e-18 -2.77556e-17 0.55 -6.30818e-25 -6.51117e-28 1 0.000318531 -3.08676e-18 4.13073e-21 8.47934e-24 1.89624e-24 1.3761e-22 -7.44482e-18 -5.10029e-21 1.29381e-24 -5.62972e-26 -4.51957e-25 4.99639e-22 5.22769e-20
1887.25 -7.54301e-22 5.55112e-17 0.55 1.09203e-28 -9.19226e-26 -1.76515e-21 1 6.92534e-18 -2.77556e-17 0.55 -1.62577e-25 -6.7711e-28 1 0.000318531 -3.08676e-18 4.13073e-21 8.47934e-24 1.89624e-24 1.3761e-22 -7.44482e-18 -2.742e-19 -1.69986e-22 -2.16718e-27 -1.66819e-26 -1.20522e-23 3.15965e-20
1887.26 -1.68041e-21 5.55112e-17 0.55 -2.97828e-29 -7.22855e-26 -3.71665e-21 1 6.966e-18 -2.77556e-17 0.55 -1.01404e-25 -2.84893e-28 1 0.000318531 -3.18596e-18 -7.16798e-21 -8.87921e-24 3.96693e-25 3.42809e-21 1.10223e-18 2.61376e-21 -2.03259e-24 1.3949e-25 1.03495e-24 -6.00521e-22 -2.94616e-20
1887.27 1.32814e-21 5.55112e-17 0.55 3.2159e-28 -3.4787e-26 2.92949e-21 1 6.93889e-18 -2.77556e-17 0.55 -7.42265e-26 -9.61125e-28 1 0.000318531 7.65542e-17 1.43609e-20 -8.99365e-24 -1.02344e-24 7.99501e-23 1.73082e-17 2.61376e-21 -2.03259e-24 1.3949e-25 1.03495e-24 -6.00521e-22 -2.94616e-20
1887.27 2.36681e-22 5.55112e-17 0.55 -6.56623e-28 -4.22493e-25 4.81603e-22 1 6.92534e-18 -2.77556e-17 0.55 -7.13873e-25 -4.19469e-28 1 0.000318531 -5.88074e-17 -7.43201e-21 9.53346e-23 2.96647e-23 5.64271e-20 -1.23252e-17 2.55857e-19 1.79741e-22 -4.44864e-27 -4.90166e-26 -1.12743e-22 1.57175e-19
1887.28 -1.71755e-21 5.55112e-17 0.55 -3.24709e-29 5.60721e-25 -3.92909e-21 1 6.93889e-18 -2.77556e-17 0.55 9.31188e-25 1.8103e-27 1 0.000318531 -5.88074e-17 -7.43201e-21 9.53346e-23 2.96647e-23 5.64271e-20 -1.23252e-17 2.55857e-19 1.79741e-22 -4.44864e-27 -4.90166e-26 -1.12743e-22 1.57175e-19
1887.29 -3.69144e-22 5.55112e-17 0.55 1.51342e-28 -7.92224e-26 -8.86967e-22 1 6.92534e-18 -2.77556e-17 0.55 -1.41604e-25 -7.25042e-28 1 0.000318531 -1.01817e-16 -1.27036e-20 -2.12521e-24 -1.7082e-24 -2.30163e-22 -2.27975e-17 -5.53329e-19 -3.40144e-22 -7.93078e-26 -5.33221e-25 2.12735e-22 1.19017e-19
1887.3 -1.89483e-21 5.55112e-17 0.55 3.77069e-29 -7.0238e-26 -4.34336e-21 1 6.92534e-18 -2.77556e-17 0.55 -1.23668e-25 -3.80637e-28 1 0.000318531 -1.01817e-16 -1.27036e-20 -2.12521e-24 -1.7082e-24 -2.30163e-22 -2.27975e-17 -5.53329e-19 -3.40144e-22 -7.93078e-26 -5.33221e-25 2.12735e-22 1.19017e-19
1887.31 1.32287e-22 5.55112e-17 0.55 3.38991e-28 -4.74852e-26 4.43728e-22 1 6.966e-18 -2.77556e-17 0.55 -5.51206e-26 -8.87776e-28 1 0.000318531 6.43518e-17 4.0119e-21 -5.50453e-23 -2.21585e-23 -5.91192e-20 1.71039e-17 1.4e-20 -5.95314e-24 4.28092e-30 -2.69029e-28 -3.95471e-25 -1.4391e-19
1887.31 1.71301e-21 5.55112e-17 0.55 3.43901e-28 2.64211e-26 3.81717e-21 1 6.95245e-18 -2.77556e-17 0.55 3.13976e-26 -7.19728e-28 1 0.000318531 -7.39823e-17 -4.11223e-21 -4.0786e-25 -1.8416e-24 -1.37318e-22 -1.99166e-17 -3.958e-21 1.52187e-24 -3.97261e-27 -5.0371e-26 -1.11981e-22 4.06945e-20
1887.32 2.3661e-22 5.55112e-17 0.55 1.6399e-28 -5.66275e-26 4.8144e-22 1 6.93889e-18 -2.77556e-17 0.55 -1.03771e-25 -7.19622e-28 1 0.000318531 -7.39823e-17 -4.11223e-21 -4.0786e-25 -1.8416e-24 -1.37318e-22 -1.99166e-17 -3.958e-21 1.52187e-24 -3.97261e-27 -5.0371e-26 -1.11981e-22 4.06945e-20
1887.32 -1.0402e-21 5.55112e-17 0.55 4.48016e-29 -9.31931e-26 -2.40291e-21 1 6.91179e-18 -2.77556e-17 0.55 -1.62182e-25 -5.72549e-28 1 0.000318531 3.43415e-17 -4.55401e-22 -2.84965e-23 -6.03332e-24 -7.03164e-22 8.28686e-18 -3.958e-21 1.52187e-24 -3.97261e-27 -5.0371e-26 -1.11981e-22 4.06945e-20
1887.33 -3.93999e-22 5.55112e-17 0.55 -6.18834e-28 -4.73185e-25 -6.99765e-22 1 6.966e-18 -2.77556e-17 0.55 -7.53989e-25 -6.42049e-28 1 0.000318531 3.43415e-17 -4.55401e-22 -2.84965e-23 -6.03332e-24 -7.03164e-22 8.28686e-18 -2.50496e-19 -1.80636e-22 1.40564e-25 1.03752e-24 -5.97887e-22 -2.14458e-19
1887.33 1.9568e-21 5.55112e-17 0.55 2.45794e-28 3.71768e-26 4.40733e-21 1 6.95245e-18 -2.77556e-17 0.55 5.41361e-26 -4.9157e-28 1 0.000318531 -3.09889e-18 4.13006e-21 8.93787e-23 2.84624e-23 5.66254e-20 -7.44798e-18 2.66131e-19 1.7409e-22 -7.64102e-26 -5.12396e-25 2.25529e-22 5.23351e-20
1887.34 -1.09715e-21 5.55112e-17 0.55 -8.56106e-28 -4.43609e-25 -2.53545e-21 1 6.91179e-18 -2.77556e-17 0.55 -7.47023e-25 -9.48873e-29 1 0.000318531 -3.17846e-18 -7.16935e-21 -4.80631e-23 -2.10523e-23 -5.91746e-20 1.10371e-18 -2.74203e-19 -1.69987e-22 -5.35814e-26 -4.3492e-25 5.00468e-22 3.16195e-20
1887.35 1.32043e-22 5.55112e-17 0.55 3.47467e-28 -1.03651e-25 4.43167e-22 1 6.966e-18 -2.77556e-17 0.55 -1.48783e-25 -1.18102e-27 1 0.000318531 7.65541e-17 1.4349e-20 -1.04802e-23 1.73044e-24 3.61876e-21 1.73086e-17 -2.74203e-19 -1.69987e-22 -5.35814e-26 -4.3492e-25 5.00468e-22 3.16195e-20
1887.35 1.59943e-21 5.55112e-17 0.55 4.42877e-28 5.84449e-26 3.6274e-21 1 6.95245e-18 -2.77556e-17 0.55 9.48868e-26 -6.67579e-28 1 0.000318531 7.65541e-17 1.4349e-20 -1.04802e-23 1.73044e-24 3.61876e-21 1.73086e-17 2.90826e-21 -1.90061e-24 2.23733e-27 1.67724e-26 -1.89018e-24 -3.00112e-20
1887.36 2.36263e-22 5.55112e-17 0.55 7.96096e-29 1.19163e-26 4.80645e-22 1 6.92534e-18 -2.77556e-17 0.55 1.05291e-26 -2.63012e-28 1 0.000318531 -5.8791e-17 -7.43717e-21 3.27145e-24 3.05321e-25 -1.48486e-22 -1.23207e-17 2.55564e-19 1.79609e-22 1.36697e-25 1.01963e-24 -5.99093e-22 1.57711e-19
1887.37 -1.71744e-21 5.55112e-17 0.55 -8.81143e-29 -1.04241e-25 -3.92885e-21 1 6.93889e-18 -2.77556e-17 0.55 -1.77676e-25 -3.73963e-28 1 0.000318531 -5.8791e-17 -7.43717e-21 3.27145e-24 3.05321e-25 -1.48486e-22 -1.23207e-17 2.55564e-19 1.79609e-22 1.36697e-25 1.01963e-24 -5.99093e-22 1.57711e-19
1887.38 1.79877e-21 5.55112e-17 0.55 6.14494e-28 -6.85362e-25 4.1021e-21 1 6.966e-18 -2.77556e-17 0.55 -1.14022e-24 -3.59371e-27 1 0.000318531 6.77271e-17 1.04682e-20 9.50208e-23 3.11032e-23 5.67027e-20 1.77804e-17 2.7631e-19 1.69319e-22 -6.94261e-26 -5.84591e-25 2.60194e-22 -5.3251e-20
1887.38 1.54787e-21 5.55112e-17 0.55 -6.56845e-29 5.86606e-26 3.44414e-21 1 6.93889e-18 -2.77556e-17 0.55 8.57615e-26 1.18678e-28 1 0.000318531 -1.01813e-16 -1.27034e-20 -7.24585e-23 -1.71174e-23 1.57705e-21 -2.2795e-17 2.7631e-19 1.69319e-22 -6.94261e-26 -5.84591e-25 2.60194e-22 -5.3251e-20
1887.39 -1.09717e-21 5.55112e-17 0.55 -5.91785e-29 -7.03833e-26 -2.53547e-21 1 6.92534e-18 -2.77556e-17 0.55 -1.24645e-25 -3.37856e-28 1 0.000318531 -1.01813e-16 -1.27034e-20 -7.24585e-23 -1.71174e-23 1.57705e-21 -2.2795e-17 -1.17635e-20 5.05799e-24 -5.61009e-26 -4.56543e-25 5.00037e-22 1.20917e-19
1887.39 1.3236e-22 5.55112e-17 0.55 4.84229e-28 -5.84295e-26 4.43886e-22 1 6.966e-18 -2.77556e-17 0.55 -7.33725e-26 -1.18885e-27 1 0.000318531 6.43497e-17 4.02214e-21 -1.14897e-23 1.4183e-24 3.57145e-21 1.71032e-17 1.25665e-20 -5.93905e-24 1.37505e-25 1.01861e-24 -5.99648e-22 -1.31715e-19
1887.4 1.71285e-21 5.55112e-17 0.55 1.35187e-27 4.72682e-25 3.81679e-21 1 6.95245e-18 -2.77556e-17 0.55 7.7556e-25 -8.67189e-28 1 0.000318531 6.43497e-17 4.02214e-21 -1.14897e-23 1.4183e-24 3.57145e-21 1.71032e-17 2.62021e-19 1.7631e-22 -1.90001e-27 -1.4562e-26 8.98076e-26 9.37885e-20
1887.41 -1.04026e-21 5.55112e-17 0.55 -1.66433e-28 6.18304e-25 -2.40301e-21 1 6.91179e-18 -2.77556e-17 0.55 1.02429e-24 2.1921e-27 1 0.000318531 -9.30724e-17 -7.12201e-21 9.19705e-23 2.76319e-23 5.63828e-20 -2.30241e-17 2.62021e-19 1.7631e-22 -1.90001e-27 -1.4562e-26 8.98076e-26 9.37885e-20
1887.41 -1.72245e-21 5.55112e-17 0.55 -7.76465e-29 5.71404e-25 -3.88837e-21 1 6.95245e-18 -2.77556e-17 0.55 9.59007e-25 1.89627e-27 1 0.000318531 4.19064e-17 5.64133e-22 -1.35044e-24 3.85405e-25 8.6295e-23 1.04862e-17 2.88495e-19 1.65758e-22 -7.91339e-26 -5.47918e-25 2.12752e-22 -1.75687e-19
1887.42 1.77811e-21 5.55112e-17 0.55 1.40183e-27 -2.61992e-25 3.95656e-21 1 6.93889e-18 -2.77556e-17 0.55 -4.50909e-25 -3.54137e-27 1 0.000318531 -4.49322e-17 -2.75615e-21 -6.23455e-23 -2.57227e-23 -5.92838e-20 -1.64199e-17 -5.33068e-21 1.59575e-24 1.05361e-26 1.1271e-25 1.23537e-22 5.47269e-20
1887.43 2.45711e-23 5.55112e-17 0.55 -2.60205e-28 4.46984e-26 1.181e-23 1 6.92534e-18 -2.77556e-17 0.55 6.72819e-26 4.28152e-28 1 0.000318531 -4.49322e-17 -2.75615e-21 -6.23455e-23 -2.57227e-23 -5.92838e-20 -1.64199e-17 -5.33068e-21 1.59575e-24 1.05361e-26 1.1271e-25 1.23537e-22 5.47269e-20
