1.49009e+09 45 0.219738 0.215979 -0.0245622 -1.59803 0.131203 0.0554844 1.59039 100 0.176813 0 0 0 27.5001 1.31522 99.9914 0 0 0 4.12383e-05
1.49009e+09 45 0.219738 0.215979 -0.0245622 -1.59803 0.131203 0.0554844 1.59039 100 0.176813 0 0 0 27.5001 1.31522 99.9914 0 0 0 4.12383e-05
1.49009e+09 45 0.21637 0.212204 -0.0240815 -1.59804 0.130935 0.055454 1.59039 99.9997 -0.189467 0 0 0 27.4999 -1.38656 99.9904 0 0 0 -4.41944e-05
1.49009e+09 45 0.21637 0.212204 -0.0240815 -1.59804 0.130935 0.055454 1.59039 99.9997 -0.189467 0 0 0 27.4999 -1.38656 99.9904 0 0 0 -4.41944e-05
1.49009e+09 45 0.218054 0.214091 -0.024322 -1.59804 0.131069 0.0554692 1.59039 100.003 -0.105893 0 0 0 27.5009 -0.787395 99.9969 0 0 0 -2.46954e-05
1.49009e+09 45 0.218054 0.214091 -0.024322 -1.59804 0.131069 0.0554692 1.59039 100.003 -0.105893 0 0 0 27.5009 -0.787395 99.9969 0 0 0 -2.46954e-05
1.49009e+09 45 0.187431 0.20756 0.129785 -1.57325 0.425647 0.0886803 1.59003 99.9957 0.251777 0 0 0 27.4988 1.85768 99.9827 0 0 0 5.87387e-05
1.49009e+09 45 0.187431 0.20756 0.129785 -1.57325 0.425647 0.0886803 1.59003 99.9957 0.251777 0 0 0 27.4988 1.85768 99.9827 0 0 0 5.87387e-05
1.49009e+09 45 0.218054 0.214091 -0.024322 -1.59804 0.131069 0.0554692 1.59039 100.005 0.0514541 0 0 0 27.5013 0.393288 99.9992 0 0 0 1.19967e-05
1.49009e+09 45 0.218054 0.214091 -0.024322 -1.59804 0.131069 0.0554692 1.59039 100.005 0.0514541 0 0 0 27.5013 0.393288 99.9992 0 0 0 1.19967e-05
1.49009e+09 45 0.21637 0.212204 -0.0240815 -1.59804 0.130935 0.055454 1.59039 99.9951 -0.259339 0 0 0 27.4987 -1.91113 99.9817 0 0 0 -6.05071e-05
1.49009e+09 45 0.21637 0.212204 -0.0240815 -1.59804 0.130935 0.055454 1.59039 99.9951 -0.259339 0 0 0 27.4987 -1.91113 99.9817 0 0 0 -6.05071e-05
1.49009e+09 45 0.219738 0.215979 -0.0245622 -1.59803 0.131203 0.0554844 1.59039 100.005 0.0113487 0 0 0 27.5014 0.0761631 100 0 0 0 2.64532e-06
1.49009e+09 45 0.219738 0.215979 -0.0245622 -1.59803 0.131203 0.0554844 1.59039 100.005 0.0113487 0 0 0 27.5014 0.0761631 100 0 0 0 2.64532e-06
1.49009e+09 45 0.202571 0.187295 0.123415 -1.54586 0.150157 0.0557823 1.62995 99.995 0.260405 0 0 0 27.4986 1.93048 99.9814 0 0 0 6.09402e-05
1.49009e+09 45 0.202571 0.187295 0.123415 -1.54586 0.150157 0.0557823 1.62995 99.995 0.260405 0 0 0 27.4986 1.93048 99.9814 0 0 0 6.09402e-05
1.49009e+09 45 0.223618 0.247071 -0.143981 -1.61304 -0.0136485 0.0399725 1.56828 100.005 -0.0141847 0 0 0 27.5014 -0.0904698 100 0 0 0 -3.30921e-06
1.49009e+09 45 0.223618 0.247071 -0.143981 -1.61304 -0.0136485 0.0399725 1.56828 100.005 -0.0141847 0 0 0 27.5014 -0.0904698 100 0 0 0 -3.30921e-06
1.49009e+09 45 0.21637 0.212204 -0.0240815 -1.59804 0.130935 0.055454 1.59039 99.9952 -0.257964 0 0 0 27.4987 -1.89794 99.982 0 0 0 -6.01861e-05
1.49009e+09 45 0.21637 0.212204 -0.0240815 -1.59804 0.130935 0.055454 1.59039 99.9952 -0.257964 0 0 0 27.4987 -1.89794 99.982 0 0 0 -6.01861e-05
1.49009e+09 45 0.218054 0.214091 -0.024322 -1.59804 0.131069 0.0554692 1.59039 100.005 -0.0328483 0 0 0 27.5013 -0.249621 99.9997 0 0 0 -7.66062e-06
1.49009e+09 45 0.218054 0.214091 -0.024322 -1.59804 0.131069 0.0554692 1.59039 100.005 -0.0328483 0 0 0 27.5013 -0.249621 99.9997 0 0 0 -7.66062e-06
1.49009e+09 45 0.187431 0.20756 0.129785 -1.57325 0.425647 0.0886803 1.59003 99.995 0.261164 0 0 0 27.4986 1.92957 99.9814 0 0 0 6.09309e-05
1.49009e+09 45 0.187431 0.20756 0.129785 -1.57325 0.425647 0.0886803 1.59003 99.995 0.261164 0 0 0 27.4986 1.92957 99.9814 0 0 0 6.09309e-05
