 1.00008 4 -0.947031 -0.371264 3.76552 2.49377 -1.79671 -0.071475 1.00008 5 -1.08393 -0.544643 3.8468 3.10207 3.85751e-06 -0.115474 -2.27077e-16 -2.51826e-20 0 0 0 -4.41803e-21 1.43081e-20 5.29352e-24 0 0 0 4.348e-21
 1.00008 4 -0.947031 -0.371264 3.76552 2.49377 -1.79671 -0.071475 1.00008 5 -1.08393 -0.544643 3.8468 3.10207 3.85751e-06 -0.115474 -2.27077e-16 -2.51826e-20 0 0 0 -4.41803e-21 1.43081e-20 5.29352e-24 0 0 0 4.348e-21
 1.0001 4 -0.947031 -0.371264 3.76552 2.49377 -1.79671 -0.071475 1.0001 5 -1.08393 -0.544643 3.8468 3.10207 3.85751e-06 -0.115474 -2.27071e-16 -3.78676e-21 0 0 0 -3.56895e-21 2.10816e-21 8.20671e-27 0 0 0 6.33153e-22
 1.0001 4 -0.947031 -0.371264 3.76552 2.49377 -1.79671 -0.071475 1.0001 5 -1.08393 -0.544643 3.8468 3.10207 3.85751e-06 -0.115474 -2.27071e-16 -3.78676e-21 0 0 0 -3.56895e-21 2.10816e-21 8.20671e-27 0 0 0 6.33153e-22
 1.00008 4 -0.947031 -0.371264 3.76552 2.49377 -1.79671 -0.071475 1.00008 5 -1.08393 -0.544643 3.8468 3.10207 3.85751e-06 -0.115474 -2.27393e-16 -1.16401e-18 0 0 0 -4.96162e-20 6.63666e-19 2.86612e-22 0 0 0 2.02076e-19
 1.00008 4 -0.947031 -0.371264 3.76552 2.49377 -1.79671 -0.071475 1.00008 5 -1.08393 -0.544643 3.8468 3.10207 3.85751e-06 -0.115474 -2.27393e-16 -1.16401e-18 0 0 0 -4.96162e-20 6.63666e-19 2.86612e-22 0 0 0 2.02076e-19
 1.00012 4 -0.975962 -0.351981 3.85177 -2.61479 1.94624 -0.143237 1.00012 5 -1.06964 -0.598215 3.84798 3.09865 3.46416e-06 -0.11333 0.999817 0.0139513 0 0 0 1.60011e-05 -0.303864 0.952667 0 0 0 -1.0072e-05
 1.00012 4 -0.975962 -0.351981 3.85177 -2.61479 1.94624 -0.143237 1.00012 5 -1.06964 -0.598215 3.84798 3.09865 3.46416e-06 -0.11333 0.999817 0.0139513 0 0 0 1.60011e-05 -0.303864 0.952667 0 0 0 -1.0072e-05
 1.00005 4 -0.93533 -0.335091 3.70503 2.908 -2.29017 0.677636 1.00005 5 -1.16436 -0.671706 4.17279 -3.07392 -0.257391 -0.0743039 0.988838 0.148956 0 0 0 2.68466e-05 -0.259713 0.965684 0 0 0 -8.7912e-06
 1.00005 4 -0.93533 -0.335091 3.70503 2.908 -2.29017 0.677636 1.00005 5 -1.16436 -0.671706 4.17279 -3.07392 -0.257391 -0.0743039 0.988838 0.148956 0 0 0 2.68466e-05 -0.259713 0.965684 0 0 0 -8.7912e-06
 1.00007 4 -0.952824 -0.330572 3.79068 2.32281 -2.01456 -0.0587471 1.00007 5 -1.07045 -0.655212 3.82003 2.99046 0.615001 1.19187 0.910005 0.414591 0 0 0 2.47842e-05 -0.169614 0.98551 0 0 0 -6.2052e-06
 1.00007 4 -0.952824 -0.330572 3.79068 2.32281 -2.01456 -0.0587471 1.00007 5 -1.07045 -0.655212 3.82003 2.99046 0.615001 1.19187 0.910005 0.414591 0 0 0 2.47842e-05 -0.169614 0.98551 0 0 0 -6.2052e-06
 1.00012 4 -0.959799 -0.320528 3.81807 2.24509 -2.0927 -0.0464709 1.00012 5 -1.11494 -0.732143 4.00985 2.91335 1.11795 -0.131421 0.692359 0.721559 0 0 0 1.88895e-05 -0.0541161 0.998536 0 0 0 -2.5906e-06
 1.00012 4 -0.959799 -0.320528 3.81807 2.24509 -2.0927 -0.0464709 1.00012 5 -1.11494 -0.732143 4.00985 2.91335 1.11795 -0.131421 0.692359 0.721559 0 0 0 1.88895e-05 -0.0541161 0.998536 0 0 0 -2.5906e-06
 1.00009 4 -0.969538 -0.316483 3.76129 2.37938 -1.85429 0.131245 1.00009 5 -1.11719 -0.777552 4.19659 -2.70294 -1.42778 -0.369253 0.59408 0.804406 0 0 0 1.64772e-05 -0.262452 0.964947 0 0 0 -8.97676e-06
 1.00009 4 -0.969538 -0.316483 3.76129 2.37938 -1.85429 0.131245 1.00009 5 -1.11719 -0.777552 4.19659 -2.70294 -1.42778 -0.369253 0.59408 0.804406 0 0 0 1.64772e-05 -0.262452 0.964947 0 0 0 -8.97676e-06
 1.00006 4 -1.00064 -0.32534 3.78525 2.68138 -1.68983 0.323041 1.00006 5 -0.986148 -0.716217 3.87623 2.7142 1.55895 -0.129432 0.498052 0.867147 0 0 0 1.38492e-05 -0.488431 0.872603 0 0 0 -1.65395e-05
 1.00006 4 -1.00064 -0.32534 3.78525 2.68138 -1.68983 0.323041 1.00006 5 -0.986148 -0.716217 3.87623 2.7142 1.55895 -0.129432 0.498052 0.867147 0 0 0 1.38492e-05 -0.488431 0.872603 0 0 0 -1.65395e-05
 1.00011 4 -1.05877 -0.347174 3.91435 2.7429 -1.33576 0.148693 1.00011 5 -0.938733 -0.708985 3.86257 2.58446 1.775 -0.127973 0.332905 0.94296 0 0 0 9.25439e-06 -0.632943 0.774196 0 0 0 -2.14014e-05
 1.00011 4 -1.05877 -0.347174 3.91435 2.7429 -1.33576 0.148693 1.00011 5 -0.938733 -0.708985 3.86257 2.58446 1.775 -0.127973 0.332905 0.94296 0 0 0 9.25439e-06 -0.632943 0.774196 0 0 0 -2.14014e-05
 1.00006 4 -1.07171 -0.351475 3.90361 -2.28411 1.03664 -0.625762 1.00006 5 -0.919259 -0.724606 3.93062 2.30442 2.06355 0.901994 0.111853 0.993725 0 0 0 3.26981e-06 -0.68901 0.724748 0 0 0 -2.32568e-05
 1.00006 4 -1.07171 -0.351475 3.90361 -2.28411 1.03664 -0.625762 1.00006 5 -0.919259 -0.724606 3.93062 2.30442 2.06355 0.901994 0.111853 0.993725 0 0 0 3.26981e-06 -0.68901 0.724748 0 0 0 -2.32568e-05
 1.00007 4 -1.06101 -0.350427 3.8237 -2.52212 1.10961 -0.746398 1.00007 5 -0.869217 -0.705348 3.82865 -2.13159 -2.28929 0.123951 -0.0503301 0.998686 0 0 0 -6.93625e-06 -0.720491 0.693424 0 0 0 -2.40269e-05
 1.00007 4 -1.06101 -0.350427 3.8237 -2.52212 1.10961 -0.746398 1.00007 5 -0.869217 -0.705348 3.82865 -2.13159 -2.28929 0.123951 -0.0503301 0.998686 0 0 0 -6.93625e-06 -0.720491 0.693424 0 0 0 -2.40269e-05
 1.00013 4 -1.07061 -0.359225 3.83342 -2.41914 0.789533 -0.532564 1.00013 5 -0.825239 -0.673725 3.67965 1.9331 2.02233 1.07488 -0.0650869 0.997877 0 0 0 -1.48248e-06 -0.766036 0.642791 0 0 0 -2.5607e-05
 1.00013 4 -1.07061 -0.359225 3.83342 -2.41914 0.789533 -0.532564 1.00013 5 -0.825239 -0.673725 3.67965 1.9331 2.02233 1.07488 -0.0650869 0.997877 0 0 0 -1.48248e-06 -0.766036 0.642791 0 0 0 -2.5607e-05
 1.00003 4 -1.05852 -0.356664 3.80517 2.85923 -1.08531 -0.268363 1.00003 5 -0.862092 -0.708911 3.82836 -2.13196 -2.28968 0.123909 -0.0731645 0.99737 0 0 0 5.41977e-06 -0.727736 0.685894 0 0 0 -2.42748e-05
 1.00003 4 -1.05852 -0.356664 3.80517 2.85923 -1.08531 -0.268363 1.00003 5 -0.862092 -0.708911 3.82836 -2.13196 -2.28968 0.123909 -0.0731645 0.99737 0 0 0 5.41977e-06 -0.727736 0.685894 0 0 0 -2.42748e-05
 1.00013 4 -1.10592 -0.372976 4.00845 3.07959 -1.38853 0.177045 1.00013 5 -0.907903 -0.744639 3.94455 -2.0808 -2.19659 -0.259986 0.00580426 0.999982 0 0 0 4.93844e-07 -0.662412 0.749135 0 0 0 -2.21997e-05
 1.00013 4 -1.10592 -0.372976 4.00845 3.07959 -1.38853 0.177045 1.00013 5 -0.907903 -0.744639 3.94455 -2.0808 -2.19659 -0.259986 0.00580426 0.999982 0 0 0 4.93844e-07 -0.662412 0.749135 0 0 0 -2.21997e-05
 1.0001 4 -1.01541 -0.343675 3.74797 2.78946 -1.49923 -0.317942 1.0001 5 -0.884885 -0.715114 3.69161 -2.32483 -2.08459 0.356518 0.139996 0.990152 0 0 0 4.12197e-06 -0.542089 0.84032 0 0 0 -1.826e-05
 1.0001 4 -1.01541 -0.343675 3.74797 2.78946 -1.49923 -0.317942 1.0001 5 -0.884885 -0.715114 3.69161 -2.32483 -2.08459 0.356518 0.139996 0.990152 0 0 0 4.12197e-06 -0.542089 0.84032 0 0 0 -1.826e-05
 1.00005 4 -1.02736 -0.351109 3.86683 -2.34778 1.44448 0.139186 1.00005 5 -0.958585 -0.749801 3.82889 -2.24477 -1.71706 -1.17066 0.298642 0.954369 0 0 0 -6.79323e-06 -0.393857 0.919174 0 0 0 1.1596e-06
 1.00005 4 -1.02736 -0.351109 3.86683 -2.34778 1.44448 0.139186 1.00005 5 -0.958585 -0.749801 3.82889 -2.24477 -1.71706 -1.17066 0.298642 0.954369 0 0 0 -6.79323e-06 -0.393857 0.919174 0 0 0 1.1596e-06
 1.00007 4 -0.996965 -0.350236 3.84498 -2.0462 1.58294 -0.443897 1.00007 5 -1.05282 -0.791941 4.01903 2.66338 1.64605 -0.133054 0.443801 0.896128 0 0 0 -3.72209e-06 -0.245717 0.969343 0 0 0 8.36141e-06
 1.00007 4 -0.996965 -0.350236 3.84498 -2.0462 1.58294 -0.443897 1.00007 5 -1.05282 -0.791941 4.01903 2.66338 1.64605 -0.133054 0.443801 0.896128 0 0 0 -3.72209e-06 -0.245717 0.969343 0 0 0 8.36141e-06
 1.00009 4 -0.929666 -0.341878 3.67581 2.27759 -2.05508 -0.0536389 1.00009 5 -1.05233 -0.751882 3.83746 2.89315 1.56427 -0.159226 0.601372 0.798969 0 0 0 1.61217e-05 -0.0628264 0.998025 0 0 0 -2.91735e-06
 1.00009 4 -0.929666 -0.341878 3.67581 2.27759 -2.05508 -0.0536389 1.00009 5 -1.05233 -0.751882 3.83746 2.89315 1.56427 -0.159226 0.601372 0.798969 0 0 0 1.61217e-05 -0.0628264 0.998025 0 0 0 -2.91735e-06
 1.00013 4 -0.947587 -0.363361 3.81933 2.09232 -2.24709 -0.0439777 1.00013 5 -1.1425 -0.779083 4.02638 2.81077 1.17528 0.164347 0.711 0.703188 0 0 0 1.90002e-05 0.0827422 0.996571 0 0 0 1.95923e-06
 1.00013 4 -0.947587 -0.363361 3.81933 2.09232 -2.24709 -0.0439777 1.00013 5 -1.1425 -0.779083 4.02638 2.81077 1.17528 0.164347 0.711 0.703188 0 0 0 1.90002e-05 0.0827422 0.996571 0 0 0 1.95923e-06
 1.00006 4 -0.92808 -0.365929 3.78974 2.01118 -2.31891 -0.0388825 1.00006 5 -1.11367 -0.735334 3.84794 2.81211 0.973195 1.26045 -5.32674e-08 3.6707e-07 0 0 0 -7.47328e-09 -4.76945e-08 2.59552e-07 0 0 0 -2.18544e-08
 1.00006 4 -0.92808 -0.365929 3.78974 2.01118 -2.31891 -0.0388825 1.00006 5 -1.11367 -0.735334 3.84794 2.81211 0.973195 1.26045 -5.32674e-08 3.6707e-07 0 0 0 -7.47328e-09 -4.76945e-08 2.59552e-07 0 0 0 -2.18544e-08
 1.00006 4 -0.929466 -0.373759 3.84251 2.25709 -2.9184 0.313573 1.00006 5 -1.1835 -0.750346 4.00986 3.0594 0.877276 0.0429432 1.68156e-07 6.40744e-07 0 0 0 2.35569e-08 -5.14342e-08 4.55583e-07 0 0 0 -2.34655e-08
 1.00006 4 -0.929466 -0.373759 3.84251 2.25709 -2.9184 0.313573 1.00006 5 -1.1835 -0.750346 4.00986 3.0594 0.877276 0.0429432 1.68156e-07 6.40744e-07 0 0 0 2.35569e-08 -5.14342e-08 4.55583e-07 0 0 0 -2.34655e-08
 1.00006 4 -0.941079 -0.389665 3.93877 1.82283 -2.46803 -0.0279544 1.00006 5 -1.17217 -0.711411 3.89906 3.08944 0.722898 0.0401956 1.68684e-07 6.40022e-07 0 0 0 2.36309e-08 -5.1336e-08 4.56398e-07 0 0 0 -2.34209e-08
 1.00006 4 -0.941079 -0.389665 3.93877 1.82283 -2.46803 -0.0279544 1.00006 5 -1.17217 -0.711411 3.89906 3.08944 0.722898 0.0401956 1.68684e-07 6.40022e-07 0 0 0 2.36309e-08 -5.1336e-08 4.56398e-07 0 0 0 -2.34209e-08
 1.00007 4 -0.903307 -0.383852 3.8249 1.57592 -2.58057 0.288271 1.00007 5 -1.15645 -0.669558 3.78091 3.2168 0.645372 1.19639 1.69119e-07 6.39404e-07 0 0 0 2.36919e-08 -5.12321e-08 4.57154e-07 0 0 0 -2.33737e-08
 1.00007 4 -0.903307 -0.383852 3.8249 1.57592 -2.58057 0.288271 1.00007 5 -1.15645 -0.669558 3.78091 3.2168 0.645372 1.19639 1.69119e-07 6.39404e-07 0 0 0 2.36919e-08 -5.12321e-08 4.57154e-07 0 0 0 -2.33737e-08
 1.00011 4 -0.888098 -0.388117 3.80491 1.42884 -2.6011 0.126506 1.00011 5 -1.24922 -0.693075 4.02953 -3.08319 -0.431562 -0.0557929 1.69487e-07 6.38859e-07 0 0 0 2.37435e-08 -5.11241e-08 4.57862e-07 0 0 0 -2.33246e-08
 1.00011 4 -0.888098 -0.388117 3.80491 1.42884 -2.6011 0.126506 1.00011 5 -1.24922 -0.693075 4.02953 -3.08319 -0.431562 -0.0557929 1.69487e-07 6.38859e-07 0 0 0 2.37435e-08 -5.11241e-08 4.57862e-07 0 0 0 -2.33246e-08
 1.00021 4 -0.901652 -0.40488 3.89808 -1.22306 2.25874 -0.0615398 1.00021 5 -1.17129 -0.621468 3.73376 -3.17785 -0.369839 0.277922 1.69809e-07 6.38357e-07 0 0 0 2.37887e-08 -5.10044e-08 4.58582e-07 0 0 0 -2.32702e-08
 1.00021 4 -0.901652 -0.40488 3.89808 -1.22306 2.25874 -0.0615398 1.00021 5 -1.17129 -0.621468 3.73376 -3.17785 -0.369839 0.277922 1.69809e-07 6.38357e-07 0 0 0 2.37887e-08 -5.10044e-08 4.58582e-07 0 0 0 -2.32702e-08
 1.00046 4 -0.847517 -0.392704 3.69692 1.22182 -2.70108 0.122184 1.00046 5 -1.21445 -0.613414 3.82377 3.09588 0.220019 -0.130344 1.70115e-07 6.37851e-07 0 0 0 2.38316e-08 -5.08607e-08 4.59379e-07 0 0 0 -2.32048e-08
 1.00046 4 -0.847517 -0.392704 3.69692 1.22182 -2.70108 0.122184 1.00046 5 -1.21445 -0.613414 3.82377 3.09588 0.220019 -0.130344 1.70115e-07 6.37851e-07 0 0 0 2.38316e-08 -5.08607e-08 4.59379e-07 0 0 0 -2.32048e-08
 1.00006 4 -0.892181 -0.425929 3.92364 -1.03857 2.77043 0.108034 1.00006 5 -1.23613 -0.591349 3.85272 3.10061 0.110597 -0.129483 1.70391e-07 6.37356e-07 0 0 0 2.38702e-08 -5.06929e-08 4.60238e-07 0 0 0 -2.31285e-08
 1.00006 4 -0.892181 -0.425929 3.92364 -1.03857 2.77043 0.108034 1.00006 5 -1.23613 -0.591349 3.85272 3.10061 0.110597 -0.129483 1.70391e-07 6.37356e-07 0 0 0 2.38702e-08 -5.06929e-08 4.60238e-07 0 0 0 -2.31285e-08
 1.00012 4 -0.881347 -0.433852 3.89592 0.872625 -2.93506 0.0198584 1.00012 5 -1.21545 -0.551719 3.75826 -3.37011 0.177997 0.0985794 1.68344e-07 6.4031e-07 0 0 0 2.35833e-08 -5.12446e-08 4.56427e-07 0 0 0 -2.33792e-08
 1.00012 4 -0.881347 -0.433852 3.89592 0.872625 -2.93506 0.0198584 1.00012 5 -1.21545 -0.551719 3.75826 -3.37011 0.177997 0.0985794 1.68344e-07 6.4031e-07 0 0 0 2.35833e-08 -5.12446e-08 4.56427e-07 0 0 0 -2.33792e-08
 1.00004 4 -0.825576 -0.419217 3.67254 -0.689242 2.48649 0.155959 1.00004 5 -1.24841 -0.535402 3.8407 3.3883 -0.245377 1.18818 1.68762e-07 6.39718e-07 0 0 0 2.36418e-08 -5.11452e-08 4.57159e-07 0 0 0 -2.33341e-08
 1.00004 4 -0.825576 -0.419217 3.67254 -0.689242 2.48649 0.155959 1.00004 5 -1.24841 -0.535402 3.8407 3.3883 -0.245377 1.18818 1.68762e-07 6.39718e-07 0 0 0 2.36418e-08 -5.11452e-08 4.57159e-07 0 0 0 -2.33341e-08
 1.00006 4 -0.838114 -0.436517 3.73973 0.658443 -2.99787 0.0299228 1.00006 5 -1.32438 -0.546265 4.05958 -2.6735 0.313365 -0.750512 0.969983 -0.243131 0 0 0 2.58423e-05 0.893995 0.448062 0 0 0 2.95409e-05
 1.00006 4 -0.838114 -0.436517 3.73973 0.658443 -2.99787 0.0299228 1.00006 5 -1.32438 -0.546265 4.05958 -2.6735 0.313365 -0.750512 0.969983 -0.243131 0 0 0 2.58423e-05 0.893995 0.448062 0 0 0 2.95409e-05
 1.00013 4 -0.838113 -0.431249 3.73234 -0.618895 2.38325 0.241001 1.00013 5 -1.39175 -0.59251 4.27841 3.27462 -0.301388 0.739833 0.979313 -0.202304 0 0 0 2.61629e-05 0.865196 0.501421 0 0 0 2.85544e-05
 1.00013 4 -0.838113 -0.431249 3.73234 -0.618895 2.38325 0.241001 1.00013 5 -1.39175 -0.59251 4.27841 3.27462 -0.301388 0.739833 0.979313 -0.202304 0 0 0 2.61629e-05 0.865196 0.501421 0 0 0 2.85544e-05
 1.00005 4 -0.842452 -0.410385 3.71679 -0.772658 2.27955 0.0716531 1.00005 5 -1.29534 -0.602072 4.02562 3.30275 -0.0839565 0.970517 0.998828 -0.0482427 0 0 0 2.69431e-05 0.762306 0.647211 0 0 0 2.50113e-05
 1.00005 4 -0.842452 -0.410385 3.71679 -0.772658 2.27955 0.0716531 1.00005 5 -1.29534 -0.602072 4.02562 3.30275 -0.0839565 0.970517 0.998828 -0.0482427 0 0 0 2.69431e-05 0.762306 0.647211 0 0 0 2.50113e-05
 1.0001 4 -0.869125 -0.380923 3.735 -1.25216 2.19526 0.182915 1.0001 5 -1.16438 -0.624918 3.73329 -3.17787 -0.370094 0.277909 0.97037 0.241612 0 0 0 2.64602e-05 0.530066 0.847958 0 0 0 1.70568e-05
 1.0001 4 -0.869125 -0.380923 3.735 -1.25216 2.19526 0.182915 1.0001 5 -1.16438 -0.624918 3.73329 -3.17787 -0.370094 0.277909 0.97037 0.241612 0 0 0 2.64602e-05 0.530066 0.847958 0 0 0 1.70568e-05
 1.00012 4 -0.931117 -0.355621 3.80179 1.91362 -2.29211 0.123217 1.00012 5 -1.12071 -0.723871 3.87107 -3.1163 -0.985914 0.0721208 0.767716 0.640803 0 0 0 2.12423e-05 0.141256 0.989981 0 0 0 3.85646e-06
 1.00012 4 -0.931117 -0.355621 3.80179 1.91362 -2.29211 0.123217 1.00012 5 -1.12071 -0.723871 3.87107 -3.1163 -0.985914 0.0721208 0.767716 0.640803 0 0 0 2.12423e-05 0.141256 0.989981 0 0 0 3.85646e-06
 1.00017 4 -0.954421 -0.331456 3.6489 2.99017 -2.18302 0.96146 1.00017 5 -1.01639 -0.774873 3.94485 2.62118 1.70946 -0.135653 0.367534 0.930026 0 0 0 1.07186e-05 -0.328887 0.94438 0 0 0 -1.17368e-05
 1.00017 4 -0.954421 -0.331456 3.6489 2.99017 -2.18302 0.96146 1.00017 5 -1.01639 -0.774873 3.94485 2.62118 1.70946 -0.135653 0.367534 0.930026 0 0 0 1.07186e-05 -0.328887 0.94438 0 0 0 -1.17368e-05
 1.0001 4 -1.06189 -0.368521 3.82741 -2.51705 1.10711 -0.735322 1.0001 5 -0.869217 -0.726722 3.82989 -2.13232 -2.29007 0.124962 -0.0957812 0.995413 0 0 0 -1.65374e-06 -0.715295 0.698838 0 0 0 -1.51721e-05
 1.0001 4 -1.06189 -0.368521 3.82741 -2.51705 1.10711 -0.735322 1.0001 5 -0.869217 -0.726722 3.82989 -2.13232 -2.29007 0.124962 -0.0957812 0.995413 0 0 0 -1.65374e-06 -0.715295 0.698838 0 0 0 -1.51721e-05
 1.00005 4 -1.12199 -0.414726 3.89833 3.15485 -0.591169 -0.199196 1.00005 5 -0.781001 -0.656891 3.80266 -1.61384 -2.65931 0.118693 -0.484458 0.874816 0 0 0 -2.20033e-05 -0.936964 0.349421 0 0 0 -2.20035e-05
 1.00005 4 -1.12199 -0.414726 3.89833 3.15485 -0.591169 -0.199196 1.00005 5 -0.781001 -0.656891 3.80266 -1.61384 -2.65931 0.118693 -0.484458 0.874816 0 0 0 -2.20033e-05 -0.936964 0.349421 0 0 0 -2.20035e-05
 1.00008 4 -1.07604 -0.435378 3.68551 -2.64808 0.0233208 -1.03438 1.00008 5 -0.753315 -0.579291 3.83972 -0.979307 -2.762 -0.104699 -1.01633e-06 5.4532e-06 0 0 0 -1.42054e-07 -9.10052e-07 3.94039e-06 0 0 0 -3.78044e-07
 1.00008 4 -1.07604 -0.435378 3.68551 -2.64808 0.0233208 -1.03438 1.00008 5 -0.753315 -0.579291 3.83972 -0.979307 -2.762 -0.104699 -1.01633e-06 5.4532e-06 0 0 0 -1.42054e-07 -9.10052e-07 3.94039e-06 0 0 0 -3.78044e-07
 1.00095 4 -1.13866 -0.502467 3.86864 3.21393 0.534698 1.08562 1.00095 5 -0.708909 -0.478426 3.73222 -0.663206 -3.01954 0.0797132 2.55347e-06 9.19976e-06 0 0 0 3.58578e-07 -7.50677e-07 6.73791e-06 0 0 0 -3.40429e-07
 1.00095 4 -1.13866 -0.502467 3.86864 3.21393 0.534698 1.08562 1.00095 5 -0.708909 -0.478426 3.73222 -0.663206 -3.01954 0.0797132 2.55347e-06 9.19976e-06 0 0 0 3.58578e-07 -7.50677e-07 6.73791e-06 0 0 0 -3.40429e-07
 1.00007 4 -1.15428 -0.562438 3.96286 2.97383 0.96704 -0.131169 1.00007 5 -0.747522 -0.397096 3.83801 0.0227782 -2.89304 -0.0354267 2.55094e-06 9.21727e-06 0 0 0 3.57548e-07 -7.61182e-07 6.69302e-06 0 0 0 -3.4523e-07
 1.00007 4 -1.15428 -0.562438 3.96286 2.97383 0.96704 -0.131169 1.00007 5 -0.747522 -0.397096 3.83801 0.0227782 -2.89304 -0.0354267 2.55094e-06 9.21727e-06 0 0 0 3.57548e-07 -7.61182e-07 6.69302e-06 0 0 0 -3.4523e-07
 1.00009 4 -1.10132 -0.59025 3.87914 2.72393 1.56454 -0.132489 1.00009 5 -0.753899 -0.297483 3.63218 -0.365667 2.35689 0.179396 2.52851e-06 9.24747e-06 0 0 0 3.55089e-07 -7.69688e-07 6.64732e-06 0 0 0 -3.49122e-07
 1.00009 4 -1.10132 -0.59025 3.87914 2.72393 1.56454 -0.132489 1.00009 5 -0.753899 -0.297483 3.63218 -0.365667 2.35689 0.179396 2.52851e-06 9.24747e-06 0 0 0 3.55089e-07 -7.69688e-07 6.64732e-06 0 0 0 -3.49122e-07
 1.00032 4 -1.02655 -0.599033 3.75179 2.46781 2.03767 -0.27872 1.00032 5 -0.872952 -0.256077 3.85754 1.03812 -3.16103 -0.377539 2.50457e-06 9.28072e-06 0 0 0 3.51738e-07 -7.74902e-07 6.60803e-06 0 0 0 -3.51511e-07
 1.00032 4 -1.02655 -0.599033 3.75179 2.46781 2.03767 -0.27872 1.00032 5 -0.872952 -0.256077 3.85754 1.03812 -3.16103 -0.377539 2.50457e-06 9.28072e-06 0 0 0 3.51738e-07 -7.74902e-07 6.60803e-06 0 0 0 -3.51511e-07
 1.00045 4 -1.022 -0.63833 3.91469 -2.10695 -2.55172 0.105116 1.00045 5 -0.964558 -0.223144 3.85565 1.52875 -2.66161 -0.0334821 2.46833e-06 9.32651e-06 0 0 0 3.46666e-07 -7.77752e-07 6.56751e-06 0 0 0 -3.52825e-07
 1.00045 4 -1.022 -0.63833 3.91469 -2.10695 -2.55172 0.105116 1.00045 5 -0.964558 -0.223144 3.85565 1.52875 -2.66161 -0.0334821 2.46833e-06 9.32651e-06 0 0 0 3.46666e-07 -7.77752e-07 6.56751e-06 0 0 0 -3.52825e-07
 1.00011 4 -0.97699 -0.637293 3.93808 1.4438 2.42765 0.606143 1.00011 5 -1.07991 -0.230749 3.91735 2.06783 -2.50289 -0.0103292 2.42246e-06 9.38065e-06 0 0 0 3.40243e-07 -7.7741e-07 6.52931e-06 0 0 0 -3.52685e-07
 1.00011 4 -0.97699 -0.637293 3.93808 1.4438 2.42765 0.606143 1.00011 5 -1.07991 -0.230749 3.91735 2.06783 -2.50289 -0.0103292 2.42246e-06 9.38065e-06 0 0 0 3.40243e-07 -7.7741e-07 6.52931e-06 0 0 0 -3.52685e-07
 1.00014 4 -0.895327 -0.589263 3.77792 -1.0397 -2.91261 0.09743 1.00014 5 -1.12254 -0.259394 3.77224 2.71486 -2.25762 0.981049 2.37036e-06 9.43893e-06 0 0 0 3.32949e-07 -7.74e-07 6.49669e-06 0 0 0 -3.51145e-07
 1.00014 4 -0.895327 -0.589263 3.77792 -1.0397 -2.91261 0.09743 1.00014 5 -1.12254 -0.259394 3.77224 2.71486 -2.25762 0.981049 2.37036e-06 9.43893e-06 0 0 0 3.32949e-07 -7.74e-07 6.49669e-06 0 0 0 -3.51145e-07
 1.00002 4 -0.890816 -0.570247 3.8966 0.406248 2.75532 0.62 1.00002 5 -1.167 -0.315835 3.71162 2.66784 -1.50119 -0.253533 2.4871e-06 9.26936e-06 0 0 0 3.49282e-07 -7.45028e-07 6.7018e-06 0 0 0 -3.37871e-07
 1.00002 4 -0.890816 -0.570247 3.8966 0.406248 2.75532 0.62 1.00002 5 -1.167 -0.315835 3.71162 2.66784 -1.50119 -0.253533 2.4871e-06 9.26936e-06 0 0 0 3.49282e-07 -7.45028e-07 6.7018e-06 0 0 0 -3.37871e-07
 1.00007 4 -0.854966 -0.51298 3.81778 0.109605 -3.07273 0.0563951 1.00007 5 -1.22925 -0.40888 3.78277 3.19574 -1.05946 1.25676 2.47125e-06 9.29557e-06 0 0 0 3.47067e-07 -7.526e-07 6.6601e-06 0 0 0 -3.41336e-07
 1.00007 4 -0.854966 -0.51298 3.81778 0.109605 -3.07273 0.0563951 1.00007 5 -1.22925 -0.40888 3.78277 3.19574 -1.05946 1.25676 2.47125e-06 9.29557e-06 0 0 0 3.47067e-07 -7.526e-07 6.6601e-06 0 0 0 -3.41336e-07
 1.00008 4 -0.840126 -0.469664 3.76152 0.490632 -3.02943 0.0481972 1.00008 5 -1.26899 -0.490006 3.88031 3.04028 -0.564513 -0.118282 2.4524e-06 9.32202e-06 0 0 0 3.44428e-07 -7.56809e-07 6.62843e-06 0 0 0 -3.43265e-07
 1.00008 4 -0.840126 -0.469664 3.76152 0.490632 -3.02943 0.0481972 1.00008 5 -1.26899 -0.490006 3.88031 3.04028 -0.564513 -0.118282 2.4524e-06 9.32202e-06 0 0 0 3.44428e-07 -7.56809e-07 6.62843e-06 0 0 0 -3.43265e-07
 1.00016 4 -0.846015 -0.419951 3.74028 -0.804455 2.44156 0.108561 1.00016 5 -1.29909 -0.602083 4.02604 3.30146 -0.0840361 0.974272 2.42171e-06 9.36109e-06 0 0 0 3.40133e-07 -7.59701e-07 6.59125e-06 0 0 0 -3.44596e-07
 1.00016 4 -0.846015 -0.419951 3.74028 -0.804455 2.44156 0.108561 1.00016 5 -1.29909 -0.602083 4.02604 3.30146 -0.0840361 0.974272 2.42171e-06 9.36109e-06 0 0 0 3.40133e-07 -7.59701e-07 6.59125e-06 0 0 0 -3.44596e-07
 1.00013 4 -0.903372 -0.388702 3.85508 1.52757 -2.65957 -0.0131928 1.00013 5 -1.21731 -0.679217 3.93837 3.12792 0.537991 1.0075 2.46232e-06 9.30038e-06 0 0 0 3.45815e-07 -7.47661e-07 6.67035e-06 0 0 0 -3.39083e-07
 1.00013 4 -0.903372 -0.388702 3.85508 1.52757 -2.65957 -0.0131928 1.00013 5 -1.21731 -0.679217 3.93837 3.12792 0.537991 1.0075 2.46232e-06 9.30038e-06 0 0 0 3.45815e-07 -7.47661e-07 6.67035e-06 0 0 0 -3.39083e-07
 1.00004 4 -0.954105 -0.362905 3.8996 -1.64334 1.97567 -0.254537 1.00004 5 -1.1083 -0.717897 3.82527 3.02687 1.0205 -0.241319 2.4384e-06 9.33424e-06 0 0 0 3.42467e-07 -7.53258e-07 6.62904e-06 0 0 0 -3.41648e-07
 1.00004 4 -0.954105 -0.362905 3.8996 -1.64334 1.97567 -0.254537 1.00004 5 -1.1083 -0.717897 3.82527 3.02687 1.0205 -0.241319 2.4384e-06 9.33424e-06 0 0 0 3.42467e-07 -7.53258e-07 6.62904e-06 0 0 0 -3.41648e-07
 1.00007 4 -0.967323 -0.335246 3.74659 2.39148 -1.93331 -0.0630549 1.00007 5 -1.01436 -0.746613 3.82543 2.54052 1.55393 -0.184292 2.44703e-06 9.32058e-06 0 0 0 3.43675e-07 -7.50006e-07 6.64841e-06 0 0 0 -3.40159e-07
 1.00007 4 -0.967323 -0.335246 3.74659 2.39148 -1.93331 -0.0630549 1.00007 5 -1.01436 -0.746613 3.82543 2.54052 1.55393 -0.184292 2.44703e-06 9.32058e-06 0 0 0 3.43675e-07 -7.50006e-07 6.64841e-06 0 0 0 -3.40159e-07
 1.00013 4 -1.02814 -0.346567 3.7982 2.62939 -1.53125 0.126553 1.00013 5 -0.949818 -0.764084 3.95864 -2.3349 -2.08999 0.135231 2.4527e-06 9.31169e-06 0 0 0 3.44467e-07 -7.47898e-07 6.66106e-06 0 0 0 -3.39194e-07
 1.00013 4 -1.02814 -0.346567 3.7982 2.62939 -1.53125 0.126553 1.00013 5 -0.949818 -0.764084 3.95864 -2.3349 -2.08999 0.135231 2.4527e-06 9.31169e-06 0 0 0 3.44467e-07 -7.47898e-07 6.66106e-06 0 0 0 -3.39194e-07
 1.00006 4 -1.06068 -0.364113 3.78243 2.90998 -1.03876 -0.0973043 1.00006 5 -0.810981 -0.67712 3.66467 2.00291 2.3085 -0.243999 2.3797e-06 9.35468e-06 0 0 0 3.34394e-07 -7.91216e-07 6.65564e-06 0 0 0 -3.56841e-07
 1.00006 4 -1.06068 -0.364113 3.78243 2.90998 -1.03876 -0.0973043 1.00006 5 -0.810981 -0.67712 3.66467 2.00291 2.3085 -0.243999 2.3797e-06 9.35468e-06 0 0 0 3.34394e-07 -7.91216e-07 6.65564e-06 0 0 0 -3.56841e-07
 1.00097 4 -1.08984 -0.398618 3.7721 3.2376 -0.512241 1.21071 1.00097 5 -0.797792 -0.659497 3.9275 1.55035 2.59942 0.175936 2.38632e-06 9.36273e-06 0 0 0 3.35318e-07 -7.90939e-07 6.66092e-06 0 0 0 -3.56862e-07
 1.00097 4 -1.08984 -0.398618 3.7721 3.2376 -0.512241 1.21071 1.00097 5 -0.797792 -0.659497 3.9275 1.55035 2.59942 0.175936 2.38632e-06 9.36273e-06 0 0 0 3.35318e-07 -7.90939e-07 6.66092e-06 0 0 0 -3.56862e-07
 1.00004 4 -1.10245 -0.435772 3.75494 -3.2818 0.00144849 0.08416 1.00004 5 -0.726463 -0.5576 3.76433 -1.0423 -2.9199 0.0955883 2.61342e-06 9.28827e-06 0 0 0 -2.4341e-07 -7.92729e-07 6.67953e-06 0 0 0 2.73163e-07
 1.00004 4 -1.10245 -0.435772 3.75494 -3.2818 0.00144849 0.08416 1.00004 5 -0.726463 -0.5576 3.76433 -1.0423 -2.9199 0.0955883 2.61342e-06 9.28827e-06 0 0 0 -2.4341e-07 -7.92729e-07 6.67953e-06 0 0 0 2.73163e-07
 1.00008 4 -1.15033 -0.506749 3.90804 -3.18406 -0.612143 -0.173359 1.00008 5 -0.712952 -0.453922 3.75217 -0.442971 -2.91498 0.100861 2.49763e-06 9.34059e-06 -0 0 0 -1.92196e-13 -8.05865e-07 6.67314e-06 0 0 0 2.96013e-13
 1.00008 4 -1.15033 -0.506749 3.90804 -3.18406 -0.612143 -0.173359 1.00008 5 -0.712952 -0.453922 3.75217 -0.442971 -2.91498 0.100861 2.49763e-06 9.34059e-06 -0 0 0 -1.92196e-13 -8.05865e-07 6.67314e-06 0 0 0 2.96013e-13
 1.00006 4 -1.10349 -0.542485 3.80336 2.92072 1.12495 -0.137543 1.00006 5 -0.724248 -0.348775 3.67826 0.0541849 -3.07215 0.0364177 2.49763e-06 9.34059e-06 0 0 0 -2.16127e-13 -8.05865e-07 6.67314e-06 0 0 0 2.77034e-13
 1.00006 4 -1.10349 -0.542485 3.80336 2.92072 1.12495 -0.137543 1.00006 5 -0.724248 -0.348775 3.67826 0.0541849 -3.07215 0.0364177 2.49763e-06 9.34059e-06 0 0 0 -2.16127e-13 -8.05865e-07 6.67314e-06 0 0 0 2.77034e-13
 1.00013 4 -1.13027 -0.611663 4.01316 -2.52888 -1.64289 0.0210926 1.00013 5 -0.813085 -0.285387 3.83512 0.560799 -3.02029 0.0166111 2.49763e-06 9.34059e-06 0 0 0 -3.13209e-14 -8.05865e-07 6.67314e-06 0 0 0 -5.72829e-14
 1.00013 4 -1.13027 -0.611663 4.01316 -2.52888 -1.64289 0.0210926 1.00013 5 -0.813085 -0.285387 3.83512 0.560799 -3.02029 0.0166111 2.49763e-06 9.34059e-06 0 0 0 -3.13209e-14 -8.05865e-07 6.67314e-06 0 0 0 -5.72829e-14
 1.00003 4 -1.06387 -0.621932 3.91738 -2.22855 -2.04546 -0.187849 1.00003 5 -0.872743 -0.232085 3.77605 -0.934261 2.42685 -0.085454 2.49494e-06 9.33074e-06 0 0 0 6.11414e-08 -7.9234e-07 6.67137e-06 0 0 0 -5.84046e-08
 1.00003 4 -1.06387 -0.621932 3.91738 -2.22855 -2.04546 -0.187849 1.00003 5 -0.872743 -0.232085 3.77605 -0.934261 2.42685 -0.085454 2.49494e-06 9.33074e-06 0 0 0 6.11414e-08 -7.9234e-07 6.67137e-06 0 0 0 -5.84046e-08
 1.00007 4 -0.998725 -0.620733 3.85528 1.93801 2.50332 -0.127735 1.00007 5 -0.968842 -0.208305 3.79972 1.59119 -2.62006 -0.0438087 2.61779e-06 9.29984e-06 0 0 0 -2.10799e-07 -7.88548e-07 6.68718e-06 0 0 0 2.42125e-07
 1.00007 4 -0.998725 -0.620733 3.85528 1.93801 2.50332 -0.127735 1.00007 5 -0.968842 -0.208305 3.79972 1.59119 -2.62006 -0.0438087 2.61779e-06 9.29984e-06 0 0 0 -2.10799e-07 -7.88548e-07 6.68718e-06 0 0 0 2.42125e-07
 1.00006 4 -0.958503 -0.618065 3.91324 -1.57374 -2.90611 -0.975322 1.00006 5 -1.09439 -0.226665 3.88028 2.00798 -2.24316 0.121452 2.38498e-06 9.34481e-06 0 0 0 3.35087e-07 -7.86022e-07 6.65352e-06 0 0 0 -3.54861e-07
 1.00006 4 -0.958503 -0.618065 3.91324 -1.57374 -2.90611 -0.975322 1.00006 5 -1.09439 -0.226665 3.88028 2.00798 -2.24316 0.121452 2.38498e-06 9.34481e-06 0 0 0 3.35087e-07 -7.86022e-07 6.65352e-06 0 0 0 -3.54861e-07
 1.00007 4 -0.888823 -0.574561 3.80091 0.887328 3.07055 -0.288064 1.00007 5 -1.16027 -0.270561 3.82045 2.35635 -1.79936 -0.105293 2.633e-06 9.28963e-06 0 0 0 -2.1349e-07 -7.92513e-07 6.65739e-06 0 0 0 -3.57369e-07
 1.00007 4 -0.888823 -0.574561 3.80091 0.887328 3.07055 -0.288064 1.00007 5 -1.16027 -0.270561 3.82045 2.35635 -1.79936 -0.105293 2.633e-06 9.28963e-06 0 0 0 -2.1349e-07 -7.92513e-07 6.65739e-06 0 0 0 -3.57369e-07
 1.00007 4 -0.873095 -0.545349 3.84148 0.332303 2.60447 0.51607 1.00007 5 -1.20489 -0.329789 3.79438 2.85312 -1.45141 -0.137187 2.62148e-06 9.28357e-06 0 0 0 -2.1519e-07 -7.82874e-07 6.68176e-06 0 0 0 2.49315e-07
 1.00007 4 -0.873095 -0.545349 3.84148 0.332303 2.60447 0.51607 1.00007 5 -1.20489 -0.329789 3.79438 2.85312 -1.45141 -0.137187 2.62148e-06 9.28357e-06 0 0 0 -2.1519e-07 -7.82874e-07 6.68176e-06 0 0 0 2.49315e-07
 1.00006 4 -0.854966 -0.49873 3.81715 0.109598 -3.07253 0.0549427 1.00006 5 -1.28031 -0.424948 3.93169 -2.47838 0.736394 -0.83317 2.60389e-06 9.29276e-06 0 0 0 -2.35906e-07 -7.75418e-07 6.66426e-06 0 0 0 -3.50936e-07
 1.00006 4 -0.854966 -0.49873 3.81715 0.109598 -3.07253 0.0549427 1.00006 5 -1.28031 -0.424948 3.93169 -2.47838 0.736394 -0.83317 2.60389e-06 9.29276e-06 0 0 0 -2.35906e-07 -7.75418e-07 6.66426e-06 0 0 0 -3.50936e-07
 1.00006 4 -0.854784 -0.451943 3.81845 0.60189 -3.19348 0.31008 1.00006 5 -1.29765 -0.522002 3.97415 3.05919 -0.460003 -0.120211 2.49763e-06 9.34059e-06 0 0 0 -2.08483e-13 -8.05865e-07 6.67314e-06 0 0 0 3.22739e-13
 1.00006 4 -0.854784 -0.451943 3.81845 0.60189 -3.19348 0.31008 1.00006 5 -1.29765 -0.522002 3.97415 3.05919 -0.460003 -0.120211 2.49763e-06 9.34059e-06 0 0 0 -2.08483e-13 -8.05865e-07 6.67314e-06 0 0 0 3.22739e-13
 1.00006 4 -0.901911 -0.423731 3.95423 -1.07361 2.8132 -0.0619738 1.00006 5 -1.23257 -0.594912 3.85255 3.10038 0.110588 -0.129134 0.996808 0.0798096 0 0 0 2.40521e-05 0.70528 0.708931 0 0 0 2.64781e-05
 1.00006 4 -0.901911 -0.423731 3.95423 -1.07361 2.8132 -0.0619738 1.00006 5 -1.23257 -0.594912 3.85255 3.10038 0.110588 -0.129134 0.996808 0.0798096 0 0 0 2.40521e-05 0.70528 0.708931 0 0 0 2.64781e-05
 1.00017 4 -0.917196 -0.375135 3.846 1.73682 -2.52886 -0.0245156 1.00017 5 -1.15499 -0.690514 3.83315 3.04651 0.744675 1.21115 0.882334 0.470636 0 0 0 2.41316e-05 0.364143 0.931352 0 0 0 1.07878e-05
 1.00017 4 -0.917196 -0.375135 3.846 1.73682 -2.52886 -0.0245156 1.00017 5 -1.15499 -0.690514 3.83315 3.04651 0.744675 1.21115 0.882334 0.470636 0 0 0 2.41316e-05 0.364143 0.931352 0 0 0 1.07878e-05
 1.00019 4 -0.948128 -0.347599 3.72902 -1.88033 1.69088 -0.201855 1.00019 5 -1.042 -0.75568 3.83805 2.89378 1.56464 -0.157519 0.557668 0.830089 0 0 0 -4.00172e-09 -0.116265 0.993234 0 0 0 1.20676e-05
 1.00019 4 -0.948128 -0.347599 3.72902 -1.88033 1.69088 -0.201855 1.00019 5 -1.042 -0.75568 3.83805 2.89378 1.56464 -0.157519 0.557668 0.830089 0 0 0 -4.00172e-09 -0.116265 0.993234 0 0 0 1.20676e-05
 1.00008 4 -0.997379 -0.355782 3.66707 -2.15672 1.19873 -0.697289 1.00008 5 -0.932387 -0.77803 3.932 2.3875 2.22164 -0.0175333 0.0679901 0.997708 0 0 0 -1.57841e-05 -0.597243 0.802076 0 0 0 -2.91044e-06
 1.00008 4 -0.997379 -0.355782 3.66707 -2.15672 1.19873 -0.697289 1.00008 5 -0.932387 -0.77803 3.932 2.3875 2.22164 -0.0175333 0.0679901 0.997708 0 0 0 -1.57841e-05 -0.597243 0.802076 0 0 0 -2.91044e-06
 1.00007 4 -1.06868 -0.408579 3.73403 -3.20774 0.770084 0.101291 1.00007 5 -0.756726 -0.661295 3.62612 1.51118 2.29473 1.00478 -0.393166 0.919477 0 0 0 -2.01167e-05 -0.896663 0.442719 0 0 0 -2.01169e-05
 1.00007 4 -1.06868 -0.408579 3.73403 -3.20774 0.770084 0.101291 1.00007 5 -0.756726 -0.661295 3.62612 1.51118 2.29473 1.00478 -0.393166 0.919477 0 0 0 -2.01167e-05 -0.896663 0.442719 0 0 0 -2.01169e-05
 1.00025 4 -1.12961 -0.474242 3.86356 3.38303 -0.122932 1.07602 1.00025 5 -0.7518 -0.628722 3.84856 1.14728 2.64551 0.88113 -0.703858 0.710337 0 0 0 -2.59111e-05 -0.997076 0.0763481 0 0 0 -2.59698e-05
 1.00025 4 -1.12961 -0.474242 3.86356 3.38303 -0.122932 1.07602 1.00025 5 -0.7518 -0.628722 3.84856 1.14728 2.64551 0.88113 -0.703858 0.710337 0 0 0 -2.59111e-05 -0.997076 0.0763481 0 0 0 -2.59698e-05
 1.0001 4 -1.14876 -0.529983 3.90657 3.16273 0.37624 0.0674076 1.0001 5 -0.736889 -0.560822 3.86434 0.708684 2.65447 0.316845 -0.877856 0.478898 0 0 0 -2.67779e-05 -0.978292 -0.207188 0 0 0 -2.67781e-05
 1.0001 4 -1.14876 -0.529983 3.90657 3.16273 0.37624 0.0674076 1.0001 5 -0.736889 -0.560822 3.86434 0.708684 2.65447 0.316845 -0.877856 0.478898 0 0 0 -2.67779e-05 -0.978292 -0.207188 0 0 0 -2.67781e-05
 1.00005 4 -1.07255 -0.529357 3.73481 -2.79147 -0.50887 -1.11365 1.00005 5 -0.797711 -0.547737 3.93441 -0.458988 -3.05242 0.0776739 -0.951472 0.307711 0 0 0 -2.55043e-05 -0.921998 -0.387181 0 0 0 -2.47519e-05
 1.00005 4 -1.07255 -0.529357 3.73481 -2.79147 -0.50887 -1.11365 1.00005 5 -0.797711 -0.547737 3.93441 -0.458988 -3.05242 0.0776739 -0.951472 0.307711 0 0 0 -2.55043e-05 -0.921998 -0.387181 0 0 0 -2.47519e-05
 1.00008 4 -1.07907 -0.551758 3.76384 3.04503 0.668802 -0.127228 1.00008 5 -0.772263 -0.517823 3.79588 0.331175 2.62803 0.27941 -0.97245 0.23308 0 0 0 -2.61699e-05 -0.880797 -0.473484 0 0 0 -2.35992e-05
 1.00008 4 -1.07907 -0.551758 3.76384 3.04503 0.668802 -0.127228 1.00008 5 -0.772263 -0.517823 3.79588 0.331175 2.62803 0.27941 -0.97245 0.23308 0 0 0 -2.61699e-05 -0.880797 -0.473484 0 0 0 -2.35992e-05
 1.00125 4 -1.0562 -0.545645 3.6876 2.90328 0.696638 1.18928 1.00125 5 -0.746902 -0.516822 3.67572 -0.428076 -3.05647 0.0772882 -0.959608 0.281314 0 0 0 -2.57987e-05 -0.890438 -0.455093 0 0 0 -2.38905e-05
 1.00125 4 -1.0562 -0.545645 3.6876 2.90328 0.696638 1.18928 1.00125 5 -0.746902 -0.516822 3.67572 -0.428076 -3.05647 0.0772882 -0.959608 0.281314 0 0 0 -2.57987e-05 -0.890438 -0.455093 0 0 0 -2.38905e-05
 1.00019 4 -1.10982 -0.562981 3.86484 3.05984 0.567748 -0.133094 1.00019 5 -0.782265 -0.573274 3.8428 0.665771 2.95233 -0.166985 -1.81074e-07 1.29159e-06 0 0 0 -2.54273e-08 -1.68939e-07 6.13686e-07 0 0 0 -5.23334e-08
 1.00019 4 -1.10982 -0.562981 3.86484 3.05984 0.567748 -0.133094 1.00019 5 -0.782265 -0.573274 3.8428 0.665771 2.95233 -0.166985 -1.81074e-07 1.29159e-06 0 0 0 -2.54273e-08 -1.68939e-07 6.13686e-07 0 0 0 -5.23334e-08
 1.00005 4 -1.06594 -0.524772 3.72049 3.14705 0.369337 1.26903 1.00005 5 -0.796262 -0.61244 3.90019 0.776269 2.60967 0.656466 -3.64557e-08 1.14902e-06 0 0 0 -5.15187e-09 -6.03868e-08 6.15229e-07 0 0 0 -2.51676e-08
 1.00005 4 -1.06594 -0.524772 3.72049 3.14705 0.369337 1.26903 1.00005 5 -0.796262 -0.61244 3.90019 0.776269 2.60967 0.656466 -3.64557e-08 1.14902e-06 0 0 0 -5.15187e-09 -6.03868e-08 6.15229e-07 0 0 0 -2.51676e-08
 1.00006 4 -1.10077 -0.520103 3.83772 3.10436 0.110733 -0.119323 1.00006 5 -0.817621 -0.657813 3.98373 -1.26325 -2.83644 0.105266 1.0106e-07 9.91961e-07 0 0 0 1.41286e-08 5.03612e-08 6.15629e-07 0 0 0 5.31532e-09
 1.00006 4 -1.10077 -0.520103 3.83772 3.10436 0.110733 -0.119323 1.00006 5 -0.817621 -0.657813 3.98373 -1.26325 -2.83644 0.105266 1.0106e-07 9.91961e-07 0 0 0 1.41286e-08 5.03612e-08 6.15629e-07 0 0 0 5.31532e-09
 1.00021 4 -1.10077 -0.502292 3.83702 3.10024 -0.110578 -0.115585 1.00021 5 -0.782769 -0.656574 3.78642 1.32489 2.37196 0.959731 2.27229e-07 8.25419e-07 0 0 0 3.1819e-08 1.59763e-07 6.14699e-07 0 0 0 4.21181e-08
 1.00021 4 -1.10077 -0.502292 3.83702 3.10024 -0.110578 -0.115585 1.00021 5 -0.782769 -0.656574 3.78642 1.32489 2.37196 0.959731 2.27229e-07 8.25419e-07 0 0 0 3.1819e-08 1.59763e-07 6.14699e-07 0 0 0 4.21181e-08
 1.00006 4 -1.12383 -0.493509 3.9291 -3.13208 0.321141 -0.116365 1.00006 5 -0.794489 -0.690419 3.81929 1.50338 2.27921 0.773679 3.41756e-07 6.51391e-07 0 0 0 4.78778e-08 2.66925e-07 6.12248e-07 0 0 0 8.83368e-08
 1.00006 4 -1.12383 -0.493509 3.9291 -3.13208 0.321141 -0.116365 1.00006 5 -0.794489 -0.690419 3.81929 1.50338 2.27921 0.773679 3.41756e-07 6.51391e-07 0 0 0 4.78778e-08 2.66925e-07 6.12248e-07 0 0 0 8.83368e-08
 1.00014 4 -1.07992 -0.460186 3.7749 -3.16291 0.486079 0.283881 1.00014 5 -0.827118 -0.738892 3.94672 -1.85553 -2.51232 0.120046 -2.90304e-07 1.50715e-06 0 0 0 -4.07443e-08 -3.0719e-07 6.09795e-07 0 0 0 -1.35783e-07
 1.00014 4 -1.07992 -0.460186 3.7749 -3.16291 0.486079 0.283881 1.00014 5 -0.827118 -0.738892 3.94672 -1.85553 -2.51232 0.120046 -2.90304e-07 1.50715e-06 0 0 0 -4.07443e-08 -3.0719e-07 6.09795e-07 0 0 0 -1.35783e-07
 1.00013 4 -1.07065 -0.44446 3.79594 3.07565 -0.663872 -0.33412 1.00013 5 -0.823866 -0.732463 3.77978 2.01272 2.17958 -0.159363 -1.49292e-07 1.32612e-06 0 0 0 -2.09732e-08 -1.8695e-07 6.1414e-07 0 0 0 -8.61803e-08
 1.00013 4 -1.07065 -0.44446 3.79594 3.07565 -0.663872 -0.33412 1.00013 5 -0.823866 -0.732463 3.77978 2.01272 2.17958 -0.159363 -1.49292e-07 1.32612e-06 0 0 0 -2.09732e-08 -1.8695e-07 6.1414e-07 0 0 0 -8.61803e-08
 1.00013 4 -1.08915 -0.444943 3.91467 2.95675 -0.879742 -0.0981535 1.00013 5 -0.865655 -0.758784 3.83156 -2.29555 -2.13743 0.12718 5.21052e-07 1.83759e-06 0 0 0 7.29663e-08 -2.28449e-07 1.08126e-06 0 0 0 -1.04181e-07
 1.00013 4 -1.08915 -0.444943 3.91467 2.95675 -0.879742 -0.0981535 1.00013 5 -0.865655 -0.758784 3.83156 -2.29555 -2.13743 0.12718 5.21052e-07 1.83759e-06 0 0 0 7.29663e-08 -2.28449e-07 1.08126e-06 0 0 0 -1.04181e-07
 1.00007 4 -1.03867 -0.419174 3.79511 3.24278 -1.24981 0.867599 1.00007 5 -0.900562 -0.770673 3.83181 2.34168 1.82942 -0.179296 5.33198e-07 1.81804e-06 0 0 0 7.46696e-08 -2.31568e-07 1.07937e-06 0 0 0 -1.05602e-07
 1.00007 4 -1.03867 -0.419174 3.79511 3.24278 -1.24981 0.867599 1.00007 5 -0.900562 -0.770673 3.83181 2.34168 1.82942 -0.179296 5.33198e-07 1.81804e-06 0 0 0 7.46696e-08 -2.31568e-07 1.07937e-06 0 0 0 -1.05602e-07
 1.00012 4 -1.06116 -0.425909 3.94557 3.10522 -1.58265 0.195065 1.00012 5 -0.908337 -0.752363 3.71421 2.40661 1.61169 1.17793 5.45382e-07 1.79743e-06 0 0 0 7.63782e-08 -2.34417e-07 1.07767e-06 0 0 0 -1.069e-07
 1.00012 4 -1.06116 -0.425909 3.94557 3.10522 -1.58265 0.195065 1.00012 5 -0.908337 -0.752363 3.71421 2.40661 1.61169 1.17793 5.45382e-07 1.79743e-06 0 0 0 7.63782e-08 -2.34417e-07 1.07767e-06 0 0 0 -1.069e-07
 1.00013 4 -1.00495 -0.407125 3.81076 -2.21022 1.34144 -0.502909 1.00013 5 -0.962744 -0.764229 3.77124 -2.68627 -1.47402 0.242158 5.57344e-07 1.77619e-06 0 0 0 7.80557e-08 -2.36972e-07 1.07618e-06 0 0 0 -1.08064e-07
 1.00013 4 -1.00495 -0.407125 3.81076 -2.21022 1.34144 -0.502909 1.00013 5 -0.962744 -0.764229 3.77124 -2.68627 -1.47402 0.242158 5.57344e-07 1.77619e-06 0 0 0 7.80557e-08 -2.36972e-07 1.07618e-06 0 0 0 -1.08064e-07
 1.00011 4 -0.976117 -0.398189 3.76601 -2.67683 1.85599 -0.131533 1.00011 5 -1.03321 -0.78598 3.90818 2.9389 1.34121 1.11656 5.67612e-07 1.75708e-06 0 0 0 7.94957e-08 -2.38988e-07 1.07507e-06 0 0 0 -1.08983e-07
 1.00011 4 -0.976117 -0.398189 3.76601 -2.67683 1.85599 -0.131533 1.00011 5 -1.03321 -0.78598 3.90818 2.9389 1.34121 1.11656 5.67612e-07 1.75708e-06 0 0 0 7.94957e-08 -2.38988e-07 1.07507e-06 0 0 0 -1.08983e-07
 1.00021 4 -0.944119 -0.392894 3.71481 2.8144 -2.18514 0.80841 1.00021 5 -1.10814 -0.803184 4.05168 -2.9534 -0.927118 -0.0629383 5.77664e-07 1.73757e-06 0 0 0 8.09054e-08 -2.40729e-07 1.0742e-06 0 0 0 -1.09776e-07
 1.00021 4 -0.944119 -0.392894 3.71481 2.8144 -2.18514 0.80841 1.00021 5 -1.10814 -0.803184 4.05168 -2.9534 -0.927118 -0.0629383 5.77664e-07 1.73757e-06 0 0 0 8.09054e-08 -2.40729e-07 1.0742e-06 0 0 0 -1.09776e-07
 1.0001 4 -0.953675 -0.408598 3.82803 2.58923 -2.30556 0.384796 1.0001 5 -1.11782 -0.766539 3.95228 3.28653 0.791235 0.956294 5.88086e-07 1.71644e-06 0 0 0 8.23671e-08 -2.42309e-07 1.07354e-06 0 0 0 -1.10496e-07
 1.0001 4 -0.953675 -0.408598 3.82803 2.58923 -2.30556 0.384796 1.0001 5 -1.11782 -0.766539 3.95228 3.28653 0.791235 0.956294 5.88086e-07 1.71644e-06 0 0 0 8.23671e-08 -2.42309e-07 1.07354e-06 0 0 0 -1.10496e-07
 1.00004 4 -0.93718 -0.415812 3.83596 -1.69445 1.82433 -0.105186 1.00004 5 -1.17274 -0.756364 4.02613 3.24408 0.45344 0.940678 5.98112e-07 1.6952e-06 0 0 0 8.37733e-08 -2.43801e-07 1.07315e-06 0 0 0 -1.1107e-07
 1.00004 4 -0.93718 -0.415812 3.83596 -1.69445 1.82433 -0.105186 1.00004 5 -1.17274 -0.756364 4.02613 3.24408 0.45344 0.940678 5.98112e-07 1.6952e-06 0 0 0 8.37733e-08 -2.43801e-07 1.07315e-06 0 0 0 -1.1107e-07
 1.00018 4 -0.899785 -0.414166 3.73885 1.83088 -2.35134 0.117274 1.00018 5 -1.18589 -0.717967 3.97436 -2.72334 -0.226657 -0.78391 6.07232e-07 1.67508e-06 0 0 0 8.50525e-08 -2.44531e-07 1.07317e-06 0 0 0 -1.11509e-07
 1.00018 4 -0.899785 -0.414166 3.73885 1.83088 -2.35134 0.117274 1.00018 5 -1.18589 -0.717967 3.97436 -2.72334 -0.226657 -0.78391 6.07232e-07 1.67508e-06 0 0 0 8.50525e-08 -2.44531e-07 1.07317e-06 0 0 0 -1.11509e-07
 1.00004 4 -0.903035 -0.433726 3.81808 -1.81933 2.75973 -0.139568 1.00004 5 -1.17558 -0.662597 3.8506 3.09053 -0.110234 -0.118484 6.16049e-07 1.65488e-06 0 0 0 8.62892e-08 -2.45267e-07 1.07344e-06 0 0 0 -1.11845e-07
 1.00004 4 -0.903035 -0.433726 3.81808 -1.81933 2.75973 -0.139568 1.00004 5 -1.17558 -0.662597 3.8506 3.09053 -0.110234 -0.118484 6.16049e-07 1.65488e-06 0 0 0 8.62892e-08 -2.45267e-07 1.07344e-06 0 0 0 -1.11845e-07
 1.00021 4 -0.878682 -0.438014 3.75595 -1.26357 2.10989 0.0589103 1.00021 5 -1.21126 -0.641816 3.90843 2.95145 -0.367319 0.0596831 6.23968e-07 1.63609e-06 0 0 0 8.73998e-08 -2.45731e-07 1.07399e-06 0 0 0 -1.12057e-07
 1.00021 4 -0.878682 -0.438014 3.75595 -1.26357 2.10989 0.0589103 1.00021 5 -1.21126 -0.641816 3.90843 2.95145 -0.367319 0.0596831 6.23968e-07 1.63609e-06 0 0 0 8.73998e-08 -2.45731e-07 1.07399e-06 0 0 0 -1.12057e-07
 1.00003 4 -0.895529 -0.465329 3.86629 -1.20934 2.33277 0.201327 1.00003 5 -1.21514 -0.60129 3.87985 3.03407 -0.563359 -0.110633 6.31324e-07 1.61808e-06 0 0 0 8.84316e-08 -2.45996e-07 1.07478e-06 0 0 0 -1.12178e-07
 1.00003 4 -0.895529 -0.465329 3.86629 -1.20934 2.33277 0.201327 1.00003 5 -1.21514 -0.60129 3.87985 3.03407 -0.563359 -0.110633 6.31324e-07 1.61808e-06 0 0 0 8.84316e-08 -2.45996e-07 1.07478e-06 0 0 0 -1.12178e-07
 1.00013 4 -0.868562 -0.469993 3.78048 -0.917918 2.38224 0.101327 1.00013 5 -1.22729 -0.568654 3.88922 2.97567 -0.804472 -0.105375 6.38997e-07 1.59873e-06 0 0 0 8.9508e-08 -2.46092e-07 1.07593e-06 0 0 0 -1.12223e-07
 1.00013 4 -0.868562 -0.469993 3.78048 -0.917918 2.38224 0.101327 1.00013 5 -1.22729 -0.568654 3.88922 2.97567 -0.804472 -0.105375 6.38997e-07 1.59873e-06 0 0 0 8.9508e-08 -2.46092e-07 1.07593e-06 0 0 0 -1.12223e-07
 1.00005 4 -0.904367 -0.508491 3.95667 -0.723577 2.60987 0.0127007 1.00005 5 -1.18096 -0.507498 3.73549 2.78346 -1.0531 -0.101818 6.45624e-07 1.58157e-06 0 0 0 9.04376e-08 -2.46021e-07 1.07727e-06 0 0 0 -1.12191e-07
 1.00005 4 -0.904367 -0.508491 3.95667 -0.723577 2.60987 0.0127007 1.00005 5 -1.18096 -0.507498 3.73549 2.78346 -1.0531 -0.101818 6.45624e-07 1.58157e-06 0 0 0 9.04376e-08 -2.46021e-07 1.07727e-06 0 0 0 -1.12191e-07
 1.00014 4 -0.855575 -0.495884 3.74353 0.658315 -2.99728 0.0356067 1.00014 5 -1.19961 -0.48106 3.7985 2.74061 -1.3657 -0.248749 6.52625e-07 1.56301e-06 0 0 0 9.14196e-08 -2.45783e-07 1.07902e-06 0 0 0 -1.12083e-07
 1.00014 4 -0.855575 -0.495884 3.74353 0.658315 -2.99728 0.0356067 1.00014 5 -1.19961 -0.48106 3.7985 2.74061 -1.3657 -0.248749 6.52625e-07 1.56301e-06 0 0 0 9.14196e-08 -2.45783e-07 1.07902e-06 0 0 0 -1.12083e-07
 1.0001 4 -0.87532 -0.524161 3.82319 0.418795 -3.19626 0.291954 1.0001 5 -1.22033 -0.450651 3.89052 2.74076 -1.62714 0.206996 6.59664e-07 1.54393e-06 0 0 0 9.2407e-08 -2.4537e-07 1.08119e-06 0 0 0 -1.11896e-07
 1.0001 4 -0.87532 -0.524161 3.82319 0.418795 -3.19626 0.291954 1.0001 5 -1.22033 -0.450651 3.89052 2.74076 -1.62714 0.206996 6.59664e-07 1.54393e-06 0 0 0 9.2407e-08 -2.4537e-07 1.08119e-06 0 0 0 -1.11896e-07
 1.00005 4 -0.904995 -0.555288 3.93788 -0.233399 2.75988 0.329395 1.00005 5 -1.18498 -0.411215 3.81539 -1.9859 1.47218 -0.68219 6.65722e-07 1.52722e-06 0 0 0 9.32568e-08 -2.44871e-07 1.08342e-06 0 0 0 -1.1167e-07
 1.00005 4 -0.904995 -0.555288 3.93788 -0.233399 2.75988 0.329395 1.00005 5 -1.18498 -0.411215 3.81539 -1.9859 1.47218 -0.68219 6.65722e-07 1.52722e-06 0 0 0 9.32568e-08 -2.44871e-07 1.08342e-06 0 0 0 -1.1167e-07
 1.00006 4 -0.899353 -0.560929 3.88277 0.0954057 -3.10409 -0.322776 1.00006 5 -1.15241 -0.373659 3.7638 2.38755 -1.93013 -0.0706867 6.71691e-07 1.51054e-06 0 0 0 9.40943e-08 -2.44238e-07 1.08602e-06 0 0 0 -1.11382e-07
 1.00006 4 -0.899353 -0.560929 3.88277 0.0954057 -3.10409 -0.322776 1.00006 5 -1.15241 -0.373659 3.7638 2.38755 -1.93013 -0.0706867 6.71691e-07 1.51054e-06 0 0 0 9.40943e-08 -2.44238e-07 1.08602e-06 0 0 0 -1.11382e-07
 1.00012 4 -0.913289 -0.577424 3.89745 -0.277797 -3.16954 0.321562 1.00012 5 -1.15536 -0.351785 3.84629 2.1692 -2.1692 -0.0599874 6.78053e-07 1.4926e-06 0 0 0 9.49867e-08 -2.4344e-07 1.08914e-06 0 0 0 -1.11019e-07
 1.00012 4 -0.913289 -0.577424 3.89745 -0.277797 -3.16954 0.321562 1.00012 5 -1.15536 -0.351785 3.84629 2.1692 -2.1692 -0.0599874 6.78053e-07 1.4926e-06 0 0 0 9.49867e-08 -2.4344e-07 1.08914e-06 0 0 0 -1.11019e-07
 1.00005 4 -0.953763 -0.604709 4.00815 -0.497419 -3.14599 -0.400703 1.00005 5 -1.12087 -0.318232 3.82606 -1.60468 1.92329 -0.523084 0.180197 0.983628 0 0 0 5.14767e-06 -0.941656 0.336562 0 0 0 -3.16181e-05
 1.00005 4 -0.953763 -0.604709 4.00815 -0.497419 -3.14599 -0.400703 1.00005 5 -1.12087 -0.318232 3.82606 -1.60468 1.92329 -0.523084 0.180197 0.983628 0 0 0 5.14767e-06 -0.941656 0.336562 0 0 0 -3.16181e-05
 1.00007 4 -0.932257 -0.592061 3.83731 -0.952388 -3.07123 0.162778 1.00007 5 -1.12241 -0.283598 3.9585 1.89448 -2.60255 0.0739857 0.320762 0.947159 0 0 0 9.38209e-06 -0.797224 0.603682 0 0 0 -2.67925e-05
 1.00007 4 -0.932257 -0.592061 3.83731 -0.952388 -3.07123 0.162778 1.00007 5 -1.12241 -0.283598 3.9585 1.89448 -2.60255 0.0739857 0.320762 0.947159 0 0 0 9.38209e-06 -0.797224 0.603682 0 0 0 -2.67925e-05
 1.00022 4 -0.931904 -0.584052 3.69419 -1.61851 -2.59144 0.269488 1.00022 5 -1.05678 -0.228167 3.96433 -1.52844 2.36256 -0.159814 0.415828 0.909448 0 0 0 1.21811e-05 -0.458934 0.888479 0 0 0 -1.55281e-05
 1.00022 4 -0.931904 -0.584052 3.69419 -1.61851 -2.59144 0.269488 1.00022 5 -1.05678 -0.228167 3.96433 -1.52844 2.36256 -0.159814 0.415828 0.909448 0 0 0 1.21811e-05 -0.458934 0.888479 0 0 0 -1.55281e-05
 1.00005 4 -1.03081 -0.614118 3.91642 2.02452 2.43286 -0.128898 1.00005 5 -0.925164 -0.203304 3.75298 1.37508 -2.86009 0.526789 0.634022 0.773319 0 0 0 1.73652e-05 -0.145172 0.989408 0 0 0 -5.44062e-06
 1.00005 4 -1.03081 -0.614118 3.91642 2.02452 2.43286 -0.128898 1.00005 5 -0.925164 -0.203304 3.75298 1.37508 -2.86009 0.526789 0.634022 0.773319 0 0 0 1.73652e-05 -0.145172 0.989408 0 0 0 -5.44062e-06
 1.0002 4 -1.01819 -0.56943 3.76665 -2.15742 -2.08801 0.0555051 1.0002 5 -0.89257 -0.226742 3.84976 0.800905 -2.9625 -0.00167631 0.839101 0.543973 0 0 0 2.28814e-05 0.0430499 0.999074 0 0 0 9.78276e-07
 1.0002 4 -1.01819 -0.56943 3.76665 -2.15742 -2.08801 0.0555051 1.0002 5 -0.89257 -0.226742 3.84976 0.800905 -2.9625 -0.00167631 0.839101 0.543973 0 0 0 2.28814e-05 0.0430499 0.999074 0 0 0 9.78276e-07
 1.00013 4 -1.05143 -0.554846 3.80554 -2.29686 -1.88438 0.201418 1.00013 5 -0.848983 -0.24231 3.83685 0.560549 -3.01895 0.0103447 0.928566 0.371155 0 0 0 2.52292e-05 0.219629 0.975583 0 0 0 7.00859e-06
 1.00013 4 -1.05143 -0.554846 3.80554 -2.29686 -1.88438 0.201418 1.00013 5 -0.848983 -0.24231 3.83685 0.560549 -3.01895 0.0103447 0.928566 0.371155 0 0 0 2.52292e-05 0.219629 0.975583 0 0 0 7.00859e-06
 1.00009 4 -1.10659 -0.556486 3.9433 -2.42707 -1.795 -0.896352 1.00009 5 -0.801546 -0.244647 3.74735 0.499597 -3.13061 -0.247884 0.955995 0.293364 0 0 0 2.58636e-05 0.365259 0.930904 0 0 0 1.19138e-05
 1.00009 4 -1.10659 -0.556486 3.9433 -2.42707 -1.795 -0.896352 1.00009 5 -0.801546 -0.244647 3.74735 0.499597 -3.13061 -0.247884 0.955995 0.293364 0 0 0 2.58636e-05 0.365259 0.930904 0 0 0 1.19138e-05
 1.00009 4 -1.06162 -0.520332 3.76105 -2.6361 -1.68666 0.129288 1.00009 5 -0.807079 -0.243676 3.82661 -0.454399 3.10499 -0.282741 0.942316 0.334705 0 0 0 2.53877e-05 0.45062 0.892713 0 0 0 1.47037e-05
 1.00009 4 -1.06162 -0.520332 3.76105 -2.6361 -1.68666 0.129288 1.00009 5 -0.807079 -0.243676 3.82661 -0.454399 3.10499 -0.282741 0.942316 0.334705 0 0 0 2.53877e-05 0.45062 0.892713 0 0 0 1.47037e-05
 1.00008 4 -1.10042 -0.53703 3.9207 -2.66754 -1.74929 -1.02947 1.00008 5 -0.785721 -0.210597 3.67255 0.571359 -2.90543 -0.12589 0.915248 0.402878 0 0 0 2.47359e-05 0.386132 0.922442 0 0 0 1.25693e-05
 1.00008 4 -1.10042 -0.53703 3.9207 -2.66754 -1.74929 -1.02947 1.00008 5 -0.785721 -0.210597 3.67255 0.571359 -2.90543 -0.12589 0.915248 0.402878 0 0 0 2.47359e-05 0.386132 0.922442 0 0 0 1.25693e-05
 1.00005 4 -1.09407 -0.547472 3.97497 -2.32694 -1.9107 -0.180095 1.00005 5 -0.859378 -0.183583 3.84676 0.82857 -3.06129 0.0831689 0.836077 0.548608 0 0 0 2.27222e-05 0.207811 0.97817 0 0 0 6.53688e-06
 1.00005 4 -1.09407 -0.547472 3.97497 -2.32694 -1.9107 -0.180095 1.00005 5 -0.859378 -0.183583 3.84676 0.82857 -3.06129 0.0831689 0.836077 0.548608 0 0 0 2.27222e-05 0.207811 0.97817 0 0 0 6.53688e-06
 1.00006 4 -1.03036 -0.533929 3.8419 -2.20239 -2.20239 0.120772 1.00006 5 -0.884447 -0.139861 3.71823 -1.07069 2.28712 -0.0463562 0.661428 0.750011 0 0 0 1.80872e-05 0.00253518 0.999999 0 0 0 -4.07965e-07
 1.00006 4 -1.03036 -0.533929 3.8419 -2.20239 -2.20239 0.120772 1.00006 5 -0.884447 -0.139861 3.71823 -1.07069 2.28712 -0.0463562 0.661428 0.750011 0 0 0 1.80872e-05 0.00253518 0.999999 0 0 0 -4.07965e-07
 1.00015 4 -0.995162 -0.531172 3.85097 1.94075 2.50673 -0.122728 1.00015 5 -0.957683 -0.118514 3.73458 1.60072 -2.48281 -0.110708 0.424605 0.905384 0 0 0 1.18664e-05 -0.27881 0.960349 0 0 0 -9.71164e-06
 1.00015 4 -0.995162 -0.531172 3.85097 1.94075 2.50673 -0.122728 1.00015 5 -0.957683 -0.118514 3.73458 1.60072 -2.48281 -0.110708 0.424605 0.905384 0 0 0 1.18664e-05 -0.27881 0.960349 0 0 0 -9.71164e-06
 1.00004 4 -0.971523 -0.521779 3.91779 -1.56216 -2.68156 -0.172918 1.00004 5 -1.06714 -0.119291 3.85037 1.93079 -2.31821 0.12758 0.137704 0.990477 0 0 0 4.19473e-06 -0.540336 0.841451 0 0 0 -1.83112e-05
 1.00004 4 -0.971523 -0.521779 3.91779 -1.56216 -2.68156 -0.172918 1.00004 5 -1.06714 -0.119291 3.85037 1.93079 -2.31821 0.12758 0.137704 0.990477 0 0 0 4.19473e-06 -0.540336 0.841451 0 0 0 -1.83112e-05
 1.00009 4 -0.912491 -0.483774 3.80896 -1.29711 -3.31331 -0.861062 1.00009 5 -1.10089 -0.132621 3.75128 2.15956 -1.98827 0.0444832 -0.127088 0.991893 0 0 0 -1.40129e-05 -0.743728 0.668482 0 0 0 -1.40884e-05
 1.00009 4 -0.912491 -0.483774 3.80896 -1.29711 -3.31331 -0.861062 1.00009 5 -1.10089 -0.132621 3.75128 2.15956 -1.98827 0.0444832 -0.127088 0.991893 0 0 0 -1.40129e-05 -0.743728 0.668482 0 0 0 -1.40884e-05
 1.00012 4 -0.903372 -0.464283 3.85787 -0.804947 -2.97742 0.0791124 1.00012 5 -1.16257 -0.153777 3.82606 2.35568 -1.80376 -0.101433 -0.305436 0.952209 0 0 0 -1.83488e-05 -0.851316 0.524647 0 0 0 -1.80904e-05
 1.00012 4 -0.903372 -0.464283 3.85787 -0.804947 -2.97742 0.0791124 1.00012 5 -1.16257 -0.153777 3.82606 2.35568 -1.80376 -0.101433 -0.305436 0.952209 0 0 0 -1.83488e-05 -0.851316 0.524647 0 0 0 -1.80904e-05
 1.0001 4 -0.877136 -0.434125 3.78191 -0.615899 -2.85276 -0.0490287 1.0001 5 -1.1936 -0.163335 3.8652 2.54259 -1.74626 -0.0944463 -0.39253 0.919734 0 0 0 -2.01838e-05 -0.896353 0.443333 0 0 0 -2.00876e-05
 1.0001 4 -0.877136 -0.434125 3.78191 -0.615899 -2.85276 -0.0490287 1.0001 5 -1.1936 -0.163335 3.8652 2.54259 -1.74626 -0.0944463 -0.39253 0.919734 0 0 0 -2.01838e-05 -0.896353 0.443333 0 0 0 -2.00876e-05
 1.00006 4 -0.887054 -0.429313 3.81694 -0.745789 -3.08925 0.335864 1.00006 5 -1.1379 -0.143316 3.69584 -2.10165 1.44214 -0.835687 -0.373275 0.927717 0 0 0 -1.96918e-05 -0.886918 0.461919 0 0 0 -1.97248e-05
 1.00006 4 -0.887054 -0.429313 3.81694 -0.745789 -3.08925 0.335864 1.00006 5 -1.1379 -0.143316 3.69584 -2.10165 1.44214 -0.835687 -0.373275 0.927717 0 0 0 -1.96918e-05 -0.886918 0.461919 0 0 0 -1.97248e-05
 1.00011 4 -0.89452 -0.430416 3.8041 0.890293 3.06456 -0.288982 1.00011 5 -1.16319 -0.117304 3.85391 -2.05644 1.59136 -0.661723 -0.254249 0.967138 0 0 0 -1.81729e-05 -0.822143 0.569278 0 0 0 -1.68342e-05
 1.00011 4 -0.89452 -0.430416 3.8041 0.890293 3.06456 -0.288982 1.00011 5 -1.16319 -0.117304 3.85391 -2.05644 1.59136 -0.661723 -0.254249 0.967138 0 0 0 -1.81729e-05 -0.822143 0.569278 0 0 0 -1.68342e-05
 1.00005 4 -0.923504 -0.439916 3.82752 0.969771 2.3445 0.445037 1.00005 5 -1.11145 -0.0783715 3.82816 2.25566 -2.10029 -0.0839605 -0.0482045 0.99884 0 0 0 -1.20608e-05 -0.686249 0.727368 0 0 0 -1.20608e-05
 1.00005 4 -0.923504 -0.439916 3.82752 0.969771 2.3445 0.445037 1.00005 5 -1.11145 -0.0783715 3.82816 2.25566 -2.10029 -0.0839605 -0.0482045 0.99884 0 0 0 -1.20608e-05 -0.686249 0.727368 0 0 0 -1.20608e-05
 1.00006 4 -0.927791 -0.431853 3.71525 1.4254 2.41736 0.82278 1.00006 5 -1.06691 -0.0463871 3.90379 -1.66679 2.00364 -0.500419 0.219934 0.97552 0 0 0 6.13469e-06 -0.467396 0.884051 0 0 0 -1.63532e-05
 1.00006 4 -0.927791 -0.431853 3.71525 1.4254 2.41736 0.82278 1.00006 5 -1.06691 -0.0463871 3.90379 -1.66679 2.00364 -0.500419 0.219934 0.97552 0 0 0 6.13469e-06 -0.467396 0.884051 0 0 0 -1.63532e-05
 1.00007 4 -1.01346 -0.446096 3.88743 -1.93563 -2.46406 -0.149485 1.00007 5 -0.91619 -0.0287236 3.62053 1.51579 -2.55662 -0.258451 0.498446 0.866926 0 0 0 1.35211e-05 -0.185207 0.982703 0 0 0 -7.11619e-06
 1.00007 4 -1.01346 -0.446096 3.88743 -1.93563 -2.46406 -0.149485 1.00007 5 -0.91619 -0.0287236 3.62053 1.51579 -2.55662 -0.258451 0.498446 0.866926 0 0 0 1.35211e-05 -0.185207 0.982703 0 0 0 -7.11619e-06
 1.00009 4 -1.03665 -0.420358 3.82858 -2.27676 -2.11994 0.116267 1.00009 5 -0.877747 -0.0395521 3.75803 -0.976711 2.31843 -0.454178 0.71504 0.699087 0 0 0 7.05457e-06 0.0884754 0.996081 0 0 0 1.45701e-05
 1.00009 4 -1.03665 -0.420358 3.82858 -2.27676 -2.11994 0.116267 1.00009 5 -0.877747 -0.0395521 3.75803 -0.976711 2.31843 -0.454178 0.71504 0.699087 0 0 0 7.05457e-06 0.0884754 0.996081 0 0 0 1.45701e-05
 1.00012 4 -1.09765 -0.411513 3.95048 2.48201 1.79296 0.0795192 1.00012 5 -0.810864 -0.0560002 3.67774 0.833854 -3.29409 0.744784 0.851701 0.524021 0 0 0 2.27615e-05 0.306148 0.951983 0 0 0 9.37804e-06
 1.00012 4 -1.09765 -0.411513 3.95048 2.48201 1.79296 0.0795192 1.00012 5 -0.810864 -0.0560002 3.67774 0.833854 -3.29409 0.744784 0.851701 0.524021 0 0 0 2.27615e-05 0.306148 0.951983 0 0 0 9.37804e-06
 1.00007 4 -1.10939 -0.386868 3.93445 2.36943 1.54582 0.946167 1.00007 5 -0.800236 -0.0723769 3.76696 -0.550881 3.04194 -0.280787 0.916524 0.399956 0 0 0 2.41398e-05 0.436078 0.899905 0 0 0 1.37346e-05
 1.00007 4 -1.10939 -0.386868 3.93445 2.36943 1.54582 0.946167 1.00007 5 -0.800236 -0.0723769 3.76696 -0.550881 3.04194 -0.280787 0.916524 0.399956 0 0 0 2.41398e-05 0.436078 0.899905 0 0 0 1.37346e-05
 1.00015 4 -1.07094 -0.358718 3.78211 -2.49516 -1.60534 0.208269 1.00015 5 -0.781299 -0.0687512 3.71386 0.489762 -2.91673 0.134986 0.931268 0.364319 0 0 0 1.78378e-05 0.470452 0.882422 0 0 0 2.24279e-05
 1.00015 4 -1.07094 -0.358718 3.78211 -2.49516 -1.60534 0.208269 1.00015 5 -0.781299 -0.0687512 3.71386 0.489762 -2.91673 0.134986 0.931268 0.364319 0 0 0 1.78378e-05 0.470452 0.882422 0 0 0 2.24279e-05
 1.00006 4 -1.10772 -0.368319 3.93113 2.49117 1.62404 0.765577 1.00006 5 -0.792718 -0.0523822 3.7273 0.65941 -3.0023 -0.0157171 0.910901 0.412433 0 0 0 1.70503e-05 0.423691 0.90576 0 0 0 1.35158e-05
 1.00006 4 -1.10772 -0.368319 3.93113 2.49117 1.62404 0.765577 1.00006 5 -0.792718 -0.0523822 3.7273 0.65941 -3.0023 -0.0157171 0.910901 0.412433 0 0 0 1.70503e-05 0.423691 0.90576 0 0 0 1.35158e-05
 1.0011 4 -1.10243 -0.371469 3.95354 2.48592 1.79935 0.0936715 1.0011 5 -0.838587 -0.0287927 3.84305 0.802235 -2.96742 -0.0242556 0.858067 0.513529 0 0 0 2.29302e-05 0.31544 0.948945 0 0 0 2.06365e-05
 1.0011 4 -1.10243 -0.371469 3.95354 2.48592 1.79935 0.0936715 1.0011 5 -0.838587 -0.0287927 3.84305 0.802235 -2.96742 -0.0242556 0.858067 0.513529 0 0 0 2.29302e-05 0.31544 0.948945 0 0 0 2.06365e-05
 1.00013 4 -1.0433 -0.361673 3.8196 2.15565 1.86486 0.993711 1.00013 5 -0.879971 0.00632928 3.84258 1.08544 -3.0446 -0.340271 0.745689 0.666296 0 0 0 8.36577e-06 0.129692 0.991556 0 0 0 3.42982e-06
 1.00013 4 -1.0433 -0.361673 3.8196 2.15565 1.86486 0.993711 1.00013 5 -0.879971 0.00632928 3.84258 1.08544 -3.0446 -0.340271 0.745689 0.666296 0 0 0 8.36577e-06 0.129692 0.991556 0 0 0 3.42982e-06
 1.00009 4 -1.01423 -0.365283 3.85439 1.84898 2.13999 0.896552 1.00009 5 -0.945414 0.0392265 3.81534 1.51772 -2.67123 -0.272951 0.533836 0.845594 0 0 0 -5.76633e-07 -0.144457 0.989515 0 0 0 1.10059e-05
 1.00009 4 -1.01423 -0.365283 3.85439 1.84898 2.13999 0.896552 1.00009 5 -0.945414 0.0392265 3.81534 1.51772 -2.67123 -0.272951 0.533836 0.845594 0 0 0 -5.76633e-07 -0.144457 0.989515 0 0 0 1.10059e-05
 1.00005 4 -0.916626 -0.334004 3.62785 1.43935 2.20965 0.827006 1.00005 5 -1.08919 0.0560191 4.07313 -1.83837 2.47977 -0.176789 0.262351 0.964978 0 0 0 -9.64922e-06 -0.428326 0.903628 0 0 0 3.42419e-06
 1.00005 4 -0.916626 -0.334004 3.62785 1.43935 2.20965 0.827006 1.00005 5 -1.08919 0.0560191 4.07313 -1.83837 2.47977 -0.176789 0.262351 0.964978 0 0 0 -9.64922e-06 -0.428326 0.903628 0 0 0 3.42419e-06
 1.00006 4 -0.898239 -0.318606 3.68047 1.41868 2.86241 -0.28825 1.00006 5 -1.02481 0.039948 3.57695 -2.39557 2.37967 0.27962 -0.00608829 0.999985 0 0 0 -1.09642e-05 -0.655001 0.755629 0 0 0 -1.09642e-05
 1.00006 4 -0.898239 -0.318606 3.68047 1.41868 2.86241 -0.28825 1.00006 5 -1.02481 0.039948 3.57695 -2.39557 2.37967 0.27962 -0.00608829 0.999985 0 0 0 -1.09642e-05 -0.655001 0.755629 0 0 0 -1.09642e-05
 1.00007 4 -0.88545 -0.298028 3.73232 -0.843723 -2.78956 -0.0437442 1.00007 5 -1.12124 0.0244029 3.74769 -2.48187 2.01724 0.281976 -0.21845 0.975848 0 0 0 -1.61832e-05 -0.800615 0.599176 0 0 0 -1.62394e-05
 1.00007 4 -0.88545 -0.298028 3.73232 -0.843723 -2.78956 -0.0437442 1.00007 5 -1.12124 0.0244029 3.74769 -2.48187 2.01724 0.281976 -0.21845 0.975848 0 0 0 -1.61832e-05 -0.800615 0.599176 0 0 0 -1.62394e-05
 1.00006 4 -0.884723 -0.27924 3.7946 -0.683121 -2.87011 0.108089 1.00006 5 -1.18643 0.00897448 3.8635 2.55031 -1.75156 -0.105208 -0.355236 0.934773 0 0 0 -1.93027e-05 -0.877804 0.479012 0 0 0 -1.93385e-05
 1.00006 4 -0.884723 -0.27924 3.7946 -0.683121 -2.87011 0.108089 1.00006 5 -1.18643 0.00897448 3.8635 2.55031 -1.75156 -0.105208 -0.355236 0.934773 0 0 0 -1.93027e-05 -0.877804 0.479012 0 0 0 -1.93385e-05
 1.00022 4 -0.908006 -0.273408 3.91381 0.541967 2.5761 0.355291 1.00022 5 -1.20524 0.00812941 3.89928 2.63359 -1.78845 0.813127 -0.396501 0.91803 0 0 0 -2.01832e-05 -0.89826 0.439455 0 0 0 -2.02245e-05
 1.00022 4 -0.908006 -0.273408 3.91381 0.541967 2.5761 0.355291 1.00022 5 -1.20524 0.00812941 3.89928 2.63359 -1.78845 0.813127 -0.396501 0.91803 0 0 0 -2.01832e-05 -0.89826 0.439455 0 0 0 -2.02245e-05
 1.00016 4 -0.923823 -0.271858 3.95828 0.647615 2.78229 0.414006 1.00016 5 -1.25409 0.0303725 4.08708 2.6795 -1.8972 0.593676 -0.339865 0.940471 0 0 0 -1.89696e-05 -0.869834 0.493337 0 0 0 -1.89936e-05
 1.00016 4 -0.923823 -0.271858 3.95828 0.647615 2.78229 0.414006 1.00016 5 -1.25409 0.0303725 4.08708 2.6795 -1.8972 0.593676 -0.339865 0.940471 0 0 0 -1.89696e-05 -0.869834 0.493337 0 0 0 -1.89936e-05
 1.00005 4 -0.896317 -0.27229 3.7848 -0.994464 -3.02977 0.335302 1.00005 5 -1.12223 0.0522209 3.74541 -2.57479 2.06836 0.103812 2.29622e-07 8.67104e-07 0 0 0 3.2165e-08 -6.91511e-08 6.21726e-07 0 0 0 -3.15558e-08
 1.00005 4 -0.896317 -0.27229 3.7848 -0.994464 -3.02977 0.335302 1.00005 5 -1.12223 0.0522209 3.74541 -2.57479 2.06836 0.103812 2.29622e-07 8.67104e-07 0 0 0 3.2165e-08 -6.91511e-08 6.21726e-07 0 0 0 -3.15558e-08
 1.00024 4 -0.944521 -0.293181 3.92417 -1.19565 -3.03186 0.125791 1.00024 5 -1.11192 0.0689428 3.80009 2.3354 -2.02548 -0.0984303 2.29342e-07 8.67543e-07 0 0 0 3.21257e-08 -6.90758e-08 6.21081e-07 0 0 0 -3.15329e-08
 1.00024 4 -0.944521 -0.293181 3.92417 -1.19565 -3.03186 0.125791 1.00024 5 -1.11192 0.0689428 3.80009 2.3354 -2.02548 -0.0984303 2.29342e-07 8.67543e-07 0 0 0 3.21257e-08 -6.90758e-08 6.21081e-07 0 0 0 -3.15329e-08
 1.00005 4 -0.888423 -0.280012 3.63639 1.11713 2.22735 0.805592 1.00005 5 -1.11834 0.0849552 3.92582 -1.88424 2.02783 -0.730306 2.4708e-07 8.66801e-07 0 0 0 -2.35656e-08 -8.02812e-08 6.22094e-07 0 0 0 1.67299e-08
 1.00005 4 -0.888423 -0.280012 3.63639 1.11713 2.22735 0.805592 1.00005 5 -1.11834 0.0849552 3.92582 -1.88424 2.02783 -0.730306 2.4708e-07 8.66801e-07 0 0 0 -2.35656e-08 -8.02812e-08 6.22094e-07 0 0 0 1.67299e-08
 1.00022 4 -0.926075 -0.29393 3.72782 1.3116 2.33288 0.36088 1.00022 5 -1.07343 0.0950509 3.8859 -1.73013 1.99966 -0.391857 2.20083e-07 8.7245e-07 0 0 0 3.08503e-08 -7.4426e-08 6.1985e-07 0 0 0 -3.36814e-08
 1.00022 4 -0.926075 -0.29393 3.72782 1.3116 2.33288 0.36088 1.00022 5 -1.07343 0.0950509 3.8859 -1.73013 1.99966 -0.391857 2.20083e-07 8.7245e-07 0 0 0 3.08503e-08 -7.4426e-08 6.1985e-07 0 0 0 -3.36814e-08
 1.00047 4 -0.971564 -0.307448 3.84358 1.67459 2.53684 -0.172182 1.00047 5 -1.05096 0.102285 3.9175 -1.60674 2.08237 -0.338986 2.45189e-07 8.67218e-07 0 0 0 -2.00703e-08 -7.31024e-08 6.23745e-07 0 0 0 2.30736e-08
 1.00047 4 -0.971564 -0.307448 3.84358 1.67459 2.53684 -0.172182 1.00047 5 -1.05096 0.102285 3.9175 -1.60674 2.08237 -0.338986 2.45189e-07 8.67218e-07 0 0 0 -2.00703e-08 -7.31024e-08 6.23745e-07 0 0 0 2.30736e-08
 1.00014 4 -0.937995 -0.293701 3.64218 1.55882 2.12764 0.830452 1.00014 5 -1.00607 0.102217 3.8786 -1.503 2.3706 -0.566136 2.31409e-07 8.7452e-07 0 0 0 -1.56971e-08 -7.96179e-08 6.22196e-07 0 0 0 1.40309e-08
 1.00014 4 -0.937995 -0.293701 3.64218 1.55882 2.12764 0.830452 1.00014 5 -1.00607 0.102217 3.8786 -1.503 2.3706 -0.566136 2.31409e-07 8.7452e-07 0 0 0 -1.56971e-08 -7.96179e-08 6.22196e-07 0 0 0 1.40309e-08
