 1.0001 4 -0.947031 -0.371264 3.76552 2.49377 -1.79671 -0.071475 1.0001 5 -1.08393 -0.544643 3.8468 3.10207 3.85751e-06 -0.115474 -6.05077e-17 -1.89673e-16 9.26914e-20 -9.74941e-22 4.13711e-21 -8.49929e-18 1.56491e-15 -7.54848e-16 -9.19191e-20 2.56867e-20 1.57887e-20 9.16561e-17
 1.0001 4 -0.947031 -0.371264 3.76552 2.49377 -1.79671 -0.071475 1.0001 5 -1.08393 -0.544643 3.8468 3.10207 3.85751e-06 -0.115474 -6.05077e-17 -1.89673e-16 9.26914e-20 -9.74941e-22 4.13711e-21 -8.49929e-18 1.56491e-15 -7.54848e-16 -9.19191e-20 2.56867e-20 1.57887e-20 9.16561e-17
 1.00005 4 -0.947031 -0.371264 3.76552 2.49377 -1.79671 -0.071475 1.00005 5 -1.08393 -0.544643 3.8468 3.10207 3.85751e-06 -0.115474 -6.05077e-17 -1.89673e-16 9.46348e-20 6.92918e-21 -2.90237e-20 -8.49929e-18 1.35795e-15 -7.54847e-16 -9.19191e-20 2.56867e-20 1.57887e-20 2.95118e-17
 1.00005 4 -0.947031 -0.371264 3.76552 2.49377 -1.79671 -0.071475 1.00005 5 -1.08393 -0.544643 3.8468 3.10207 3.85751e-06 -0.115474 -6.05077e-17 -1.89673e-16 9.46348e-20 6.92918e-21 -2.90237e-20 -8.49929e-18 1.35795e-15 -7.54847e-16 -9.19191e-20 2.56867e-20 1.57887e-20 2.95118e-17
 1.00016 4 -0.947031 -0.371264 3.76552 2.49377 -1.79671 -0.071475 1.00016 5 -1.08393 -0.544643 3.8468 3.10207 3.85751e-06 -0.115474 3.78555e-16 5.6518e-16 1.93377e-19 4.19884e-19 -1.76119e-18 5.29993e-17 -1.56697e-15 7.54847e-16 -3.83074e-20 1.56054e-18 9.59908e-19 -9.22848e-17
 1.00016 4 -0.947031 -0.371264 3.76552 2.49377 -1.79671 -0.071475 1.00016 5 -1.08393 -0.544643 3.8468 3.10207 3.85751e-06 -0.115474 3.78555e-16 5.6518e-16 1.93377e-19 4.19884e-19 -1.76119e-18 5.29993e-17 -1.56697e-15 7.54847e-16 -3.83074e-20 1.56054e-18 9.59908e-19 -9.22848e-17
 1.00012 4 -0.970969 -0.374729 3.86416 2.4681 -1.89205 0.331615 1.00012 5 -1.07715 -0.531055 3.81356 -2.60921 0.0747117 -0.987971 -0.994128 0.0276975 0.104609 -9.43839e-07 1.90788e-06 -2.73973e-06 0.278761 -0.945293 -0.169455 1.52197e-06 1.48847e-06 -1.65824e-05
 1.00012 4 -0.970969 -0.374729 3.86416 2.4681 -1.89205 0.331615 1.00012 5 -1.07715 -0.531055 3.81356 -2.60921 0.0747117 -0.987971 -0.994128 0.0276975 0.104609 -9.43839e-07 1.90788e-06 -2.73973e-06 0.278761 -0.945293 -0.169455 1.52197e-06 1.48847e-06 -1.65824e-05
 1.00008 4 -1.01414 -0.386771 4.04673 -2.33797 1.8766 0.0494554 1.00008 5 -1.05614 -0.497119 3.70527 2.96582 -0.175806 -0.226622 -0.985865 0.115959 0.120881 -1.09746e-06 2.11568e-06 -2.6859e-05 0.192212 -0.963648 -0.185565 1.67437e-06 1.69869e-06 5.42926e-06
 1.00008 4 -1.01414 -0.386771 4.04673 -2.33797 1.8766 0.0494554 1.00008 5 -1.05614 -0.497119 3.70527 2.96582 -0.175806 -0.226622 -0.985865 0.115959 0.120881 -1.09746e-06 2.11568e-06 -2.6859e-05 0.192212 -0.963648 -0.185565 1.67437e-06 1.69869e-06 5.42926e-06
 1.00005 4 -1.02582 -0.393069 4.11197 2.25428 -2.08753 -0.0521066 1.00005 5 -1.1599 -0.519052 4.03641 3.07737 -0.350474 -0.110943 0.00374505 -6.12496e-05 0.0281084 -3.31491e-07 -5.4076e-07 3.37003e-08 0.00365312 -0.0194285 0.0773178 -6.14382e-07 1.46235e-07 2.17468e-08
 1.00005 4 -1.02582 -0.393069 4.11197 2.25428 -2.08753 -0.0521066 1.00005 5 -1.1599 -0.519052 4.03641 3.07737 -0.350474 -0.110943 0.00374505 -6.12496e-05 0.0281084 -3.31491e-07 -5.4076e-07 3.37003e-08 0.00365312 -0.0194285 0.0773178 -6.14382e-07 1.46235e-07 2.17468e-08
 1.00011 4 -1.01815 -0.40074 4.1116 2.08592 -2.25254 -0.0427407 1.00011 5 -1.25221 -0.538382 4.31963 3.16282 -0.552057 0.18164 0.00434496 -0.000150633 0.0280216 -3.29583e-07 -5.38864e-07 4.15209e-08 0.00260164 -0.0210716 0.0769291 -6.11177e-07 1.45614e-07 2.21922e-09
 1.00011 4 -1.01815 -0.40074 4.1116 2.08592 -2.25254 -0.0427407 1.00011 5 -1.25221 -0.538382 4.31963 3.16282 -0.552057 0.18164 0.00434496 -0.000150633 0.0280216 -3.29583e-07 -5.38864e-07 4.15209e-08 0.00260164 -0.0210716 0.0769291 -6.11177e-07 1.45614e-07 2.21922e-09
 1.00004 4 -0.983764 -0.399127 4.01748 1.91016 -2.40116 -0.0331027 1.00004 5 -1.11748 -0.45644 3.83308 2.85466 -0.8332 -0.0930587 -0.840895 0.528882 0.0955951 -9.62623e-07 3.3521e-07 -9.94706e-06 -0.240482 -0.990432 0.00894193 2.42328e-08 1.0217e-06 -1.96857e-05
 1.00004 4 -0.983764 -0.399127 4.01748 1.91016 -2.40116 -0.0331027 1.00004 5 -1.11748 -0.45644 3.83308 2.85466 -0.8332 -0.0930587 -0.840895 0.528882 0.0955951 -9.62623e-07 3.3521e-07 -9.94706e-06 -0.240482 -0.990432 0.00894193 2.42328e-08 1.0217e-06 -1.96857e-05
 1.00008 4 -0.869644 -0.377671 3.63044 -1.25763 2.10504 -0.185005 1.00008 5 -1.10992 -0.416881 3.78836 2.78396 -1.31927 -0.0888535 -0.664624 0.738327 0.0954278 -9.61479e-07 3.38146e-07 -1.44992e-05 -0.49842 -0.889024 0.00874714 2.38115e-08 1.01901e-06 -1.70072e-05
 1.00008 4 -0.869644 -0.377671 3.63044 -1.25763 2.10504 -0.185005 1.00008 5 -1.10992 -0.416881 3.78836 2.78396 -1.31927 -0.0888535 -0.664624 0.738327 0.0954278 -9.61479e-07 3.38146e-07 -1.44992e-05 -0.49842 -0.889024 0.00874714 2.38115e-08 1.01901e-06 -1.70072e-05
 1.00013 4 -0.802371 -0.394326 3.44928 1.02787 -2.79339 -0.113901 1.00013 5 -0.914779 -0.314174 3.1455 2.46949 -1.68274 -0.222095 0.00541085 -0.0020593 0.0277594 -3.27788e-07 -5.53448e-07 1.56392e-07 -0.00830253 -0.0219331 0.0762812 -6.0072e-07 1.35509e-07 -2.9508e-07
 1.00013 4 -0.802371 -0.394326 3.44928 1.02787 -2.79339 -0.113901 1.00013 5 -0.914779 -0.314174 3.1455 2.46949 -1.68274 -0.222095 0.00541085 -0.0020593 0.0277594 -3.27788e-07 -5.53448e-07 1.56392e-07 -0.00830253 -0.0219331 0.0762812 -6.0072e-07 1.35509e-07 -2.9508e-07
 1.00005 4 -0.667312 -0.384308 2.97365 -0.412408 2.41232 0.209847 1.00005 5 -0.82158 -0.263795 2.88732 2.15005 -2.06855 -0.0995718 0.00506241 -0.00292697 0.027747 -3.26869e-07 -5.73767e-07 1.29594e-07 -0.0125411 -0.0188376 0.076529 -6.01173e-07 1.32909e-07 -2.87871e-07
 1.00005 4 -0.667312 -0.384308 2.97365 -0.412408 2.41232 0.209847 1.00005 5 -0.82158 -0.263795 2.88732 2.15005 -2.06855 -0.0995718 0.00506241 -0.00292697 0.027747 -3.26869e-07 -5.73767e-07 1.29594e-07 -0.0125411 -0.0188376 0.076529 -6.01173e-07 1.32909e-07 -2.87871e-07
 1.00007 4 -0.539483 -0.384387 2.53929 0.0421972 2.45322 0.195731 1.00007 5 -0.645337 -0.194308 2.35174 -1.9557 2.70598 0.146259 0.00433962 -0.00354934 0.0277967 -3.24591e-07 -6.02065e-07 8.64401e-08 -0.0154323 -0.0139883 0.0770391 -6.1078e-07 1.32557e-07 -1.96156e-07
 1.00007 4 -0.539483 -0.384387 2.53929 0.0421972 2.45322 0.195731 1.00007 5 -0.645337 -0.194308 2.35174 -1.9557 2.70598 0.146259 0.00433962 -0.00354934 0.0277967 -3.24591e-07 -6.02065e-07 8.64401e-08 -0.0154323 -0.0139883 0.0770391 -6.1078e-07 1.32557e-07 -1.96156e-07
 1.00007 4 -0.40687 -0.393732 2.10127 0.50406 2.64364 0.286069 1.00007 5 -0.471314 -0.130239 1.83748 1.30928 -2.65736 -0.113219 0.003418 -0.00379633 0.0278925 -3.23236e-07 -6.47322e-07 3.95823e-07 -0.0162952 -0.00852992 0.0776569 -6.20225e-07 1.33568e-07 -5.96133e-07
 1.00007 4 -0.40687 -0.393732 2.10127 0.50406 2.64364 0.286069 1.00007 5 -0.471314 -0.130239 1.83748 1.30928 -2.65736 -0.113219 0.003418 -0.00379633 0.0278925 -3.23236e-07 -6.47322e-07 3.95823e-07 -0.0162952 -0.00852992 0.0776569 -6.20225e-07 1.33568e-07 -5.96133e-07
 1.00007 4 -0.261636 -0.353061 1.44471 -1.1522 -3.27123 -0.238863 1.00007 5 -0.217047 -0.122232 1.26274 -0.668606 2.41052 -0.147005 -0.839808 -0.542736 0.0118141 -2.08874e-07 -1.20185e-06 -2.24394e-05 0.748927 -0.643271 0.159054 -1.43581e-06 -2.44105e-07 2.02121e-05
 1.00007 4 -0.261636 -0.353061 1.44471 -1.1522 -3.27123 -0.238863 1.00007 5 -0.217047 -0.122232 1.26274 -0.668606 2.41052 -0.147005 -0.839808 -0.542736 0.0118141 -2.08874e-07 -1.20185e-06 -2.24394e-05 0.748927 -0.643271 0.159054 -1.43581e-06 -2.44105e-07 2.02121e-05
