 1.00007 4 -0.947031 -0.371264 3.76552 2.49377 -1.79671 -0.071475 1.00007 5 -1.08393 -0.544643 3.8468 3.10207 3.85751e-06 -0.115474 -1.62999e-33 -5.0064e-33 0 0 0 -4.48246e-34 2.52033e-37 -3.49274e-42 0 0 0 7.2116e-38
 1.00007 4 -0.947031 -0.371264 3.76552 2.49377 -1.79671 -0.071475 1.00007 5 -1.08393 -0.544643 3.8468 3.10207 3.85751e-06 -0.115474 -1.62999e-33 -5.0064e-33 0 0 0 -4.48246e-34 2.52033e-37 -3.49274e-42 0 0 0 7.2116e-38
 1.00017 4 -0.947031 -0.371264 3.76552 2.49377 -1.79671 -0.071475 1.00017 5 -1.08393 -0.544643 3.8468 3.10207 3.85751e-06 -0.115474 -1.62999e-33 -5.0064e-33 0 0 0 -4.48246e-34 2.52033e-37 -3.49274e-42 0 0 0 7.2116e-38
 1.00017 4 -0.947031 -0.371264 3.76552 2.49377 -1.79671 -0.071475 1.00017 5 -1.08393 -0.544643 3.8468 3.10207 3.85751e-06 -0.115474 -1.62999e-33 -5.0064e-33 0 0 0 -4.48246e-34 2.52033e-37 -3.49274e-42 0 0 0 7.2116e-38
 1.0002 4 -0.947031 -0.371264 3.76552 2.49377 -1.79671 -0.071475 1.0002 5 -1.08393 -0.544643 3.8468 3.10207 3.85751e-06 -0.115474 -1.62999e-33 -5.0064e-33 0 0 0 -4.48246e-34 2.52033e-37 -3.49274e-42 0 0 0 7.2116e-38
 1.0002 4 -0.947031 -0.371264 3.76552 2.49377 -1.79671 -0.071475 1.0002 5 -1.08393 -0.544643 3.8468 3.10207 3.85751e-06 -0.115474 -1.62999e-33 -5.0064e-33 0 0 0 -4.48246e-34 2.52033e-37 -3.49274e-42 0 0 0 7.2116e-38
 1.00018 4 -0.947031 -0.371264 3.76552 2.49377 -1.79671 -0.071475 1.00018 5 -1.08393 -0.544643 3.8468 3.10207 3.85751e-06 -0.115474 -1.62999e-33 -5.0064e-33 0 0 0 -4.48246e-34 2.52033e-37 -3.49274e-42 0 0 0 7.2116e-38
 1.00018 4 -0.947031 -0.371264 3.76552 2.49377 -1.79671 -0.071475 1.00018 5 -1.08393 -0.544643 3.8468 3.10207 3.85751e-06 -0.115474 -1.62999e-33 -5.0064e-33 0 0 0 -4.48246e-34 2.52033e-37 -3.49274e-42 0 0 0 7.2116e-38
 1.00006 4 -0.947031 -0.371264 3.76552 2.49377 -1.79671 -0.071475 1.00006 5 -1.08393 -0.544643 3.8468 3.10207 3.85751e-06 -0.115474 -1.63598e-33 -5.00555e-33 0 0 0 -4.49894e-34 2.52997e-37 -3.49037e-42 0 0 0 7.21303e-38
 1.00006 4 -0.947031 -0.371264 3.76552 2.49377 -1.79671 -0.071475 1.00006 5 -1.08393 -0.544643 3.8468 3.10207 3.85751e-06 -0.115474 -1.63598e-33 -5.00555e-33 0 0 0 -4.49894e-34 2.52997e-37 -3.49037e-42 0 0 0 7.21303e-38
 1.00008 4 -0.947031 -0.371264 3.76552 2.49377 -1.79671 -0.071475 1.00008 5 -1.08393 -0.544643 3.8468 3.10207 3.85751e-06 -0.115474 -1.62999e-33 -5.0064e-33 0 0 0 -4.48246e-34 2.52033e-37 -3.49274e-42 0 0 0 7.2116e-38
 1.00008 4 -0.947031 -0.371264 3.76552 2.49377 -1.79671 -0.071475 1.00008 5 -1.08393 -0.544643 3.8468 3.10207 3.85751e-06 -0.115474 -1.62999e-33 -5.0064e-33 0 0 0 -4.48246e-34 2.52033e-37 -3.49274e-42 0 0 0 7.2116e-38
 1.00012 4 -0.947031 -0.371264 3.76552 2.49377 -1.79671 -0.071475 1.00012 5 -1.08393 -0.544643 3.8468 3.10207 3.85751e-06 -0.115474 -1.63598e-33 -5.00555e-33 0 0 0 -4.49894e-34 2.52997e-37 -3.49037e-42 0 0 0 7.21303e-38
 1.00012 4 -0.947031 -0.371264 3.76552 2.49377 -1.79671 -0.071475 1.00012 5 -1.08393 -0.544643 3.8468 3.10207 3.85751e-06 -0.115474 -1.63598e-33 -5.00555e-33 0 0 0 -4.49894e-34 2.52997e-37 -3.49037e-42 0 0 0 7.21303e-38
 1.00005 4 -0.947031 -0.371264 3.76552 2.49377 -1.79671 -0.071475 1.00005 5 -1.08393 -0.544643 3.8468 3.10207 3.85751e-06 -0.115474 -1.62999e-33 -5.0064e-33 0 0 0 -4.48246e-34 2.52033e-37 -3.49274e-42 0 0 0 7.2116e-38
 1.00005 4 -0.947031 -0.371264 3.76552 2.49377 -1.79671 -0.071475 1.00005 5 -1.08393 -0.544643 3.8468 3.10207 3.85751e-06 -0.115474 -1.62999e-33 -5.0064e-33 0 0 0 -4.48246e-34 2.52033e-37 -3.49274e-42 0 0 0 7.2116e-38
 1.00018 4 -0.947031 -0.371264 3.76552 2.49377 -1.79671 -0.071475 1.00018 5 -1.08393 -0.544643 3.8468 3.10207 3.85751e-06 -0.115474 -1.63598e-33 -5.00555e-33 0 0 0 -4.49894e-34 2.52997e-37 -3.49037e-42 0 0 0 7.21303e-38
 1.00018 4 -0.947031 -0.371264 3.76552 2.49377 -1.79671 -0.071475 1.00018 5 -1.08393 -0.544643 3.8468 3.10207 3.85751e-06 -0.115474 -1.63598e-33 -5.00555e-33 0 0 0 -4.49894e-34 2.52997e-37 -3.49037e-42 0 0 0 7.21303e-38
 1.00005 4 -0.947031 -0.371264 3.76552 2.49377 -1.79671 -0.071475 1.00005 5 -1.08393 -0.544643 3.8468 3.10207 3.85751e-06 -0.115474 -1.63598e-33 -5.00555e-33 0 0 0 -4.49894e-34 2.52997e-37 -3.49037e-42 0 0 0 7.21303e-38
 1.00005 4 -0.947031 -0.371264 3.76552 2.49377 -1.79671 -0.071475 1.00005 5 -1.08393 -0.544643 3.8468 3.10207 3.85751e-06 -0.115474 -1.63598e-33 -5.00555e-33 0 0 0 -4.49894e-34 2.52997e-37 -3.49037e-42 0 0 0 7.21303e-38
 1.00037 4 -0.947031 -0.371264 3.76552 2.49377 -1.79671 -0.071475 1.00037 5 -1.08393 -0.544643 3.8468 3.10207 3.85751e-06 -0.115474 -1.62999e-33 -5.0064e-33 0 0 0 -4.48246e-34 2.52033e-37 -3.49274e-42 0 0 0 7.2116e-38
 1.00037 4 -0.947031 -0.371264 3.76552 2.49377 -1.79671 -0.071475 1.00037 5 -1.08393 -0.544643 3.8468 3.10207 3.85751e-06 -0.115474 -1.62999e-33 -5.0064e-33 0 0 0 -4.48246e-34 2.52033e-37 -3.49274e-42 0 0 0 7.2116e-38
 1.00004 4 -0.947031 -0.371264 3.76552 2.49377 -1.79671 -0.071475 1.00004 5 -1.08393 -0.544643 3.8468 3.10207 3.85751e-06 -0.115474 -1.62999e-33 -5.0064e-33 0 0 0 -4.48246e-34 2.52033e-37 -3.49274e-42 0 0 0 7.2116e-38
 1.00004 4 -0.947031 -0.371264 3.76552 2.49377 -1.79671 -0.071475 1.00004 5 -1.08393 -0.544643 3.8468 3.10207 3.85751e-06 -0.115474 -1.62999e-33 -5.0064e-33 0 0 0 -4.48246e-34 2.52033e-37 -3.49274e-42 0 0 0 7.2116e-38
 1.00006 4 -0.947031 -0.371264 3.76552 2.49377 -1.79671 -0.071475 1.00006 5 -1.08393 -0.544643 3.8468 3.10207 3.85751e-06 -0.115474 -1.63598e-33 -5.00555e-33 0 0 0 -4.49894e-34 2.52997e-37 -3.49037e-42 0 0 0 7.21303e-38
 1.00006 4 -0.947031 -0.371264 3.76552 2.49377 -1.79671 -0.071475 1.00006 5 -1.08393 -0.544643 3.8468 3.10207 3.85751e-06 -0.115474 -1.63598e-33 -5.00555e-33 0 0 0 -4.49894e-34 2.52997e-37 -3.49037e-42 0 0 0 7.21303e-38
 1.00016 4 -0.947031 -0.371264 3.76552 2.49377 -1.79671 -0.071475 1.00016 5 -1.08393 -0.544643 3.8468 3.10207 3.85751e-06 -0.115474 -1.63598e-33 -5.00555e-33 0 0 0 -4.49894e-34 2.52997e-37 -3.49037e-42 0 0 0 7.21303e-38
 1.00016 4 -0.947031 -0.371264 3.76552 2.49377 -1.79671 -0.071475 1.00016 5 -1.08393 -0.544643 3.8468 3.10207 3.85751e-06 -0.115474 -1.63598e-33 -5.00555e-33 0 0 0 -4.49894e-34 2.52997e-37 -3.49037e-42 0 0 0 7.21303e-38
 1.00008 4 -0.947031 -0.371264 3.76552 2.49377 -1.79671 -0.071475 1.00008 5 -1.08393 -0.544643 3.8468 3.10207 3.85751e-06 -0.115474 -1.63598e-33 -5.00555e-33 0 0 0 -4.49894e-34 2.52997e-37 -3.49037e-42 0 0 0 7.21303e-38
 1.00008 4 -0.947031 -0.371264 3.76552 2.49377 -1.79671 -0.071475 1.00008 5 -1.08393 -0.544643 3.8468 3.10207 3.85751e-06 -0.115474 -1.63598e-33 -5.00555e-33 0 0 0 -4.49894e-34 2.52997e-37 -3.49037e-42 0 0 0 7.21303e-38
 1.00004 4 -0.947031 -0.371264 3.76552 2.49377 -1.79671 -0.071475 1.00004 5 -1.08393 -0.544643 3.8468 3.10207 3.85751e-06 -0.115474 -1.62999e-33 -5.0064e-33 0 0 0 -4.48246e-34 2.52033e-37 -3.49274e-42 0 0 0 7.2116e-38
 1.00004 4 -0.947031 -0.371264 3.76552 2.49377 -1.79671 -0.071475 1.00004 5 -1.08393 -0.544643 3.8468 3.10207 3.85751e-06 -0.115474 -1.62999e-33 -5.0064e-33 0 0 0 -4.48246e-34 2.52033e-37 -3.49274e-42 0 0 0 7.2116e-38
 1.00013 4 -0.98488 -0.300012 3.87512 2.48448 -1.90209 0.362942 1.00013 5 -1.08393 -0.544643 3.8468 3.10207 3.85751e-06 -0.115474 99.8641 -3.16793 0 0 0 27.4626 -22.8528 97.3537 0 0 0 -0.000726495
 1.00013 4 -0.98488 -0.300012 3.87512 2.48448 -1.90209 0.362942 1.00013 5 -1.08393 -0.544643 3.8468 3.10207 3.85751e-06 -0.115474 99.8641 -3.16793 0 0 0 27.4626 -22.8528 97.3537 0 0 0 -0.000726495
 1.00007 4 -0.931626 -0.28595 3.80537 -2.40499 2.08409 0.281256 1.00007 5 -1.08393 -0.544643 3.8468 3.10207 3.85751e-06 -0.115474 100.546 -2.39367 0 0 0 27.65 -18.299 98.3115 0 0 0 -0.000574419
 1.00007 4 -0.931626 -0.28595 3.80537 -2.40499 2.08409 0.281256 1.00007 5 -1.08393 -0.544643 3.8468 3.10207 3.85751e-06 -0.115474 100.546 -2.39367 0 0 0 27.65 -18.299 98.3115 0 0 0 -0.000574419
 1.00006 4 -0.804244 -0.288193 3.68959 1.79959 -2.37097 -0.275335 1.00006 5 -1.08393 -0.544643 3.8468 3.10207 3.85751e-06 -0.115474 99.1157 3.74095 0 0 0 27.2568 27.5194 96.1388 0 0 0 0.000872656
 1.00006 4 -0.804244 -0.288193 3.68959 1.79959 -2.37097 -0.275335 1.00006 5 -1.08393 -0.544643 3.8468 3.10207 3.85751e-06 -0.115474 99.1157 3.74095 0 0 0 27.2568 27.5194 96.1388 0 0 0 0.000872656
 1.0001 4 -0.854784 -0.27748 3.68813 1.92651 -2.17468 0.0254663 1.0001 5 -1.08393 -0.544643 3.8468 3.10207 3.85751e-06 -0.115474 100.803 1.9821 0 0 0 27.7207 13.8315 99.0389 0 0 0 0.000432406
 1.0001 4 -0.854784 -0.27748 3.68813 1.92651 -2.17468 0.0254663 1.0001 5 -1.08393 -0.544643 3.8468 3.10207 3.85751e-06 -0.115474 100.803 1.9821 0 0 0 27.7207 13.8315 99.0389 0 0 0 0.000432406
 1.00007 4 -0.957047 -0.290652 3.72246 -1.99632 1.45902 -0.360051 1.00007 5 -1.08393 -0.544643 3.8468 3.10207 3.85751e-06 -0.115474 99.1558 -3.71537 0 0 0 27.2678 -27.9753 96.0071 0 0 0 -0.000887107
 1.00007 4 -0.957047 -0.290652 3.72246 -1.99632 1.45902 -0.360051 1.00007 5 -1.08393 -0.544643 3.8468 3.10207 3.85751e-06 -0.115474 99.1558 -3.71537 0 0 0 27.2678 -27.9753 96.0071 0 0 0 -0.000887107
 1.00013 4 -0.897773 -0.285377 3.7948 2.10264 -2.07084 -0.109501 1.00013 5 -1.08393 -0.544643 3.8468 3.10207 3.85751e-06 -0.115474 101.251 -0.742427 0 0 0 27.8441 -6.89509 99.7621 0 0 0 -0.000212772
 1.00013 4 -0.897773 -0.285377 3.7948 2.10264 -2.07084 -0.109501 1.00013 5 -1.08393 -0.544643 3.8468 3.10207 3.85751e-06 -0.115474 101.251 -0.742427 0 0 0 27.8441 -6.89509 99.7621 0 0 0 -0.000212772
 1.00012 4 -0.804244 -0.288193 3.68959 1.79959 -2.37097 -0.275335 1.00012 5 -1.08393 -0.544643 3.8468 3.10207 3.85751e-06 -0.115474 98.7184 3.97202 0 0 0 27.1476 30.7767 95.1461 0 0 0 0.000973554
 1.00012 4 -0.804244 -0.288193 3.68959 1.79959 -2.37097 -0.275335 1.00012 5 -1.08393 -0.544643 3.8468 3.10207 3.85751e-06 -0.115474 98.7184 3.97202 0 0 0 27.1476 30.7767 95.1461 0 0 0 0.000973554
 1.00006 4 -0.889995 -0.277085 3.69745 -2.37871 2.27151 0.29487 1.00006 5 -1.08393 -0.544643 3.8468 3.10207 3.85751e-06 -0.115474 101.321 -0.0149203 0 0 0 27.8632 0.0780253 100 0 0 0 -3.18494e-06
 1.00006 4 -0.889995 -0.277085 3.69745 -2.37871 2.27151 0.29487 1.00006 5 -1.08393 -0.544643 3.8468 3.10207 3.85751e-06 -0.115474 101.321 -0.0149203 0 0 0 27.8632 0.0780253 100 0 0 0 -3.18494e-06
 1.00007 4 -0.943789 -0.286562 3.68018 2.38333 -1.76916 -0.253201 1.00007 5 -1.08393 -0.544643 3.8468 3.10207 3.85751e-06 -0.115474 98.7937 -3.93156 0 0 0 27.1683 -30.3564 95.281 0 0 0 -0.000959227
 1.00007 4 -0.943789 -0.286562 3.68018 2.38333 -1.76916 -0.253201 1.00007 5 -1.08393 -0.544643 3.8468 3.10207 3.85751e-06 -0.115474 98.7937 -3.93156 0 0 0 27.1683 -30.3564 95.281 0 0 0 -0.000959227
 1.00007 4 -0.901415 -0.297692 3.94421 2.21899 -2.49303 -0.0181077 1.00007 5 -1.08393 -0.544643 3.8468 3.10207 3.85751e-06 -0.115474 101.24 0.797064 0 0 0 27.8411 5.20887 99.8643 0 0 0 0.000170091
 1.00007 4 -0.901415 -0.297692 3.94421 2.21899 -2.49303 -0.0181077 1.00007 5 -1.08393 -0.544643 3.8468 3.10207 3.85751e-06 -0.115474 101.24 0.797064 0 0 0 27.8411 5.20887 99.8643 0 0 0 0.000170091
 1.00007 4 -0.804244 -0.288193 3.68959 1.79959 -2.37097 -0.275335 1.00007 5 -1.08393 -0.544643 3.8468 3.10207 3.85751e-06 -0.115474 98.7998 3.92799 0 0 0 27.1699 29.9752 95.4016 0 0 0 0.000946646
 1.00007 4 -0.804244 -0.288193 3.68959 1.79959 -2.37097 -0.275335 1.00007 5 -1.08393 -0.544643 3.8468 3.10207 3.85751e-06 -0.115474 98.7998 3.92799 0 0 0 27.1699 29.9752 95.4016 0 0 0 0.000946646
 1.00007 4 -0.958382 -0.294798 3.91118 2.50435 -2.09824 -0.0763792 1.00007 5 -1.08393 -0.544643 3.8468 3.10207 3.85751e-06 -0.115474 101.275 -0.598715 0 0 0 27.8508 -3.85619 99.9257 0 0 0 -0.000127561
 1.00007 4 -0.958382 -0.294798 3.91118 2.50435 -2.09824 -0.0763792 1.00007 5 -1.08393 -0.544643 3.8468 3.10207 3.85751e-06 -0.115474 101.275 -0.598715 0 0 0 27.8508 -3.85619 99.9257 0 0 0 -0.000127561
 1.00007 4 -0.992675 -0.300183 3.87794 2.48671 -1.90335 0.360828 1.00007 5 -1.08393 -0.544643 3.8468 3.10207 3.85751e-06 -0.115474 98.9334 -3.85234 0 0 0 27.2067 -29.5157 95.5448 0 0 0 -0.000932023
 1.00007 4 -0.992675 -0.300183 3.87794 2.48671 -1.90335 0.360828 1.00007 5 -1.08393 -0.544643 3.8468 3.10207 3.85751e-06 -0.115474 98.9334 -3.85234 0 0 0 27.2067 -29.5157 95.5448 0 0 0 -0.000932023
 1.00012 4 -0.897563 -0.297637 3.94319 2.22196 -2.49551 -0.0216185 1.00012 5 -1.08393 -0.544643 3.8468 3.10207 3.85751e-06 -0.115474 101.059 1.42458 0 0 0 27.7913 11.1828 99.3728 0 0 0 0.000358704
 1.00012 4 -0.897563 -0.297637 3.94319 2.22196 -2.49551 -0.0216185 1.00012 5 -1.08393 -0.544643 3.8468 3.10207 3.85751e-06 -0.115474 101.059 1.42458 0 0 0 27.7913 11.1828 99.3728 0 0 0 0.000358704
 1.00014 4 -0.845814 -0.297807 3.84783 1.88979 -2.45034 -0.276354 1.00014 5 -1.08393 -0.544643 3.8468 3.10207 3.85751e-06 -0.115474 99.0692 3.77005 0 0 0 27.244 28.6738 95.8008 0 0 0 0.000904764
 1.00014 4 -0.845814 -0.297807 3.84783 1.88979 -2.45034 -0.276354 1.00014 5 -1.08393 -0.544643 3.8468 3.10207 3.85751e-06 -0.115474 99.0692 3.77005 0 0 0 27.244 28.6738 95.8008 0 0 0 0.000904764
 1.00004 4 -0.971075 -0.2958 3.85526 2.56561 -2.00041 -0.0853061 1.00004 5 -1.08393 -0.544643 3.8468 3.10207 3.85751e-06 -0.115474 100.672 -2.20352 0 0 0 27.6847 -15.1488 98.846 0 0 0 -0.000483987
 1.00004 4 -0.971075 -0.2958 3.85526 2.56561 -2.00041 -0.0853061 1.00004 5 -1.08393 -0.544643 3.8468 3.10207 3.85751e-06 -0.115474 100.672 -2.20352 0 0 0 27.6847 -15.1488 98.846 0 0 0 -0.000483987
 1.00007 4 -0.944765 -0.287742 3.76137 2.70556 -2.25132 0.841176 1.00007 5 -1.08393 -0.544643 3.8468 3.10207 3.85751e-06 -0.115474 99.3396 -3.59062 0 0 0 27.3184 -26.8994 96.3141 0 0 0 -0.000848189
 1.00007 4 -0.944765 -0.287742 3.76137 2.70556 -2.25132 0.841176 1.00007 5 -1.08393 -0.544643 3.8468 3.10207 3.85751e-06 -0.115474 99.3396 -3.59062 0 0 0 27.3184 -26.8994 96.3141 0 0 0 -0.000848189
 1.00006 4 -0.828095 -0.289159 3.73604 1.83033 -2.35237 0.131659 1.00006 5 -1.08393 -0.544643 3.8468 3.10207 3.85751e-06 -0.115474 100.469 2.49926 0 0 0 27.6289 18.8043 98.2161 0 0 0 0.000598937
 1.00006 4 -0.828095 -0.289159 3.73604 1.83033 -2.35237 0.131659 1.00006 5 -1.08393 -0.544643 3.8468 3.10207 3.85751e-06 -0.115474 100.469 2.49926 0 0 0 27.6289 18.8043 98.2161 0 0 0 0.000598937
 1.00006 4 -0.83676 -0.283266 3.71769 -1.58352 1.93374 -0.321973 1.00006 5 -1.08393 -0.544643 3.8468 3.10207 3.85751e-06 -0.115474 99.9601 3.07678 0 0 0 27.489 22.3146 97.4785 0 0 0 0.000701864
 1.00006 4 -0.83676 -0.283266 3.71769 -1.58352 1.93374 -0.321973 1.00006 5 -1.08393 -0.544643 3.8468 3.10207 3.85751e-06 -0.115474 99.9601 3.07678 0 0 0 27.489 22.3146 97.4785 0 0 0 0.000701864
 1.00012 4 -0.984516 -0.298312 3.84249 2.42998 -1.88157 -0.0650869 1.00012 5 -1.08393 -0.544643 3.8468 3.10207 3.85751e-06 -0.115474 99.4327 -3.52319 0 0 0 27.344 -26.0812 96.5389 0 0 0 -0.000827823
 1.00012 4 -0.984516 -0.298312 3.84249 2.42998 -1.88157 -0.0650869 1.00012 5 -1.08393 -0.544643 3.8468 3.10207 3.85751e-06 -0.115474 99.4327 -3.52319 0 0 0 27.344 -26.0812 96.5389 0 0 0 -0.000827823
 1.00005 4 -0.931626 -0.28595 3.80537 -2.40499 2.08409 0.281256 1.00005 5 -1.08393 -0.544643 3.8468 3.10207 3.85751e-06 -0.115474 100.439 -2.53853 0 0 0 27.6208 -17.9827 98.3699 0 0 0 -0.000564373
 1.00005 4 -0.931626 -0.28595 3.80537 -2.40499 2.08409 0.281256 1.00005 5 -1.08393 -0.544643 3.8468 3.10207 3.85751e-06 -0.115474 100.439 -2.53853 0 0 0 27.6208 -17.9827 98.3699 0 0 0 -0.000564373
 1.00006 4 -0.804244 -0.288193 3.68959 1.79959 -2.37097 -0.275335 1.00006 5 -1.08393 -0.544643 3.8468 3.10207 3.85751e-06 -0.115474 99.4424 3.51581 0 0 0 27.3466 26.0176 96.5561 0 0 0 0.000825627
 1.00006 4 -0.804244 -0.288193 3.68959 1.79959 -2.37097 -0.275335 1.00006 5 -1.08393 -0.544643 3.8468 3.10207 3.85751e-06 -0.115474 99.4424 3.51581 0 0 0 27.3466 26.0176 96.5561 0 0 0 0.000825627
 1.00007 4 -0.844327 -0.277441 3.68679 1.92612 -2.1738 0.0254677 1.00007 5 -1.08393 -0.544643 3.8468 3.10207 3.85751e-06 -0.115474 100.578 2.34543 0 0 0 27.6591 16.5173 98.6265 0 0 0 0.000517635
 1.00007 4 -0.844327 -0.277441 3.68679 1.92612 -2.1738 0.0254677 1.00007 5 -1.08393 -0.544643 3.8468 3.10207 3.85751e-06 -0.115474 100.578 2.34543 0 0 0 27.6591 16.5173 98.6265 0 0 0 0.000517635
 1.00013 4 -0.943789 -0.286562 3.68018 2.38333 -1.76916 -0.253201 1.00013 5 -1.08393 -0.544643 3.8468 3.10207 3.85751e-06 -0.115474 99.401 -3.54635 0 0 0 27.3353 -26.3032 96.4787 0 0 0 -0.00083478
 1.00013 4 -0.943789 -0.286562 3.68018 2.38333 -1.76916 -0.253201 1.00013 5 -1.08393 -0.544643 3.8468 3.10207 3.85751e-06 -0.115474 99.401 -3.54635 0 0 0 27.3353 -26.3032 96.4787 0 0 0 -0.00083478
 1.00062 4 -0.923923 -0.284954 3.79157 2.25315 -1.9277 -0.263673 1.00062 5 -1.08393 -0.544643 3.8468 3.10207 3.85751e-06 -0.115474 100.711 -2.14003 0 0 0 27.6955 -14.9811 98.8715 0 0 0 -0.000469088
 1.00062 4 -0.923923 -0.284954 3.79157 2.25315 -1.9277 -0.263673 1.00062 5 -1.08393 -0.544643 3.8468 3.10207 3.85751e-06 -0.115474 100.711 -2.14003 0 0 0 27.6955 -14.9811 98.8715 0 0 0 -0.000469088
 1.00007 4 -0.838729 -0.301447 3.8479 1.89022 -2.45083 -0.277162 1.00007 5 -1.08393 -0.544643 3.8468 3.10207 3.85751e-06 -0.115474 99.1945 3.68936 0 0 0 27.2785 27.7192 96.0814 0 0 0 0.000878903
 1.00007 4 -0.838729 -0.301447 3.8479 1.89022 -2.45083 -0.277162 1.00007 5 -1.08393 -0.544643 3.8468 3.10207 3.85751e-06 -0.115474 99.1945 3.68936 0 0 0 27.2785 27.7192 96.0814 0 0 0 0.000878903
 1.00007 4 -0.940035 -0.2976 3.96994 -2.01711 2.00469 -0.370113 1.00007 5 -1.08393 -0.544643 3.8468 3.10207 3.85751e-06 -0.115474 101.095 1.32658 0 0 0 27.801 9.18657 99.5772 0 0 0 0.00028515
 1.00007 4 -0.940035 -0.2976 3.96994 -2.01711 2.00469 -0.370113 1.00007 5 -1.08393 -0.544643 3.8468 3.10207 3.85751e-06 -0.115474 101.095 1.32658 0 0 0 27.801 9.18657 99.5772 0 0 0 0.00028515
 1.00006 4 -0.971571 -0.294016 3.76519 2.49648 -1.79875 -0.0792493 1.00006 5 -1.08393 -0.544643 3.8468 3.10207 3.85751e-06 -0.115474 98.9021 -3.87018 0 0 0 27.1981 -30.0364 95.3824 0 0 0 -0.000951232
 1.00006 4 -0.971571 -0.294016 3.76519 2.49648 -1.79875 -0.0792493 1.00006 5 -1.08393 -0.544643 3.8468 3.10207 3.85751e-06 -0.115474 98.9021 -3.87018 0 0 0 27.1981 -30.0364 95.3824 0 0 0 -0.000951232
 1.00007 4 -0.897163 -0.286556 3.81075 2.26215 -2.28093 -0.323519 1.00007 5 -1.08393 -0.544643 3.8468 3.10207 3.85751e-06 -0.115474 101.319 -0.103383 0 0 0 27.8627 -1.04247 99.9947 0 0 0 -2.75323e-05
 1.00007 4 -0.897163 -0.286556 3.81075 2.26215 -2.28093 -0.323519 1.00007 5 -1.08393 -0.544643 3.8468 3.10207 3.85751e-06 -0.115474 101.319 -0.103383 0 0 0 27.8627 -1.04247 99.9947 0 0 0 -2.75323e-05
 1.00011 4 -0.852852 -0.308791 3.92934 1.82566 -2.47186 -0.031282 1.00011 5 -1.08393 -0.544643 3.8468 3.10207 3.85751e-06 -0.115474 98.7209 3.97026 0 0 0 27.1483 30.6014 95.2026 0 0 0 0.000968341
 1.00011 4 -0.852852 -0.308791 3.92934 1.82566 -2.47186 -0.031282 1.00011 5 -1.08393 -0.544643 3.8468 3.10207 3.85751e-06 -0.115474 98.7209 3.97026 0 0 0 27.1483 30.6014 95.2026 0 0 0 0.000968341
 1.00025 4 -0.921377 -0.286374 3.80985 2.24668 -2.09158 -0.0649712 1.00025 5 -1.08393 -0.544643 3.8468 3.10207 3.85751e-06 -0.115474 101.319 0.0973096 0 0 0 27.8627 0.832292 99.9966 0 0 0 2.06726e-05
 1.00025 4 -0.921377 -0.286374 3.80985 2.24668 -2.09158 -0.0649712 1.00025 5 -1.08393 -0.544643 3.8468 3.10207 3.85751e-06 -0.115474 101.319 0.0973096 0 0 0 27.8627 0.832292 99.9966 0 0 0 2.06726e-05
 1.00015 4 -0.936496 -0.28359 3.64207 -2.66209 1.97718 0.120164 1.00015 5 -1.08393 -0.544643 3.8468 3.10207 3.85751e-06 -0.115474 98.7264 -3.9675 0 0 0 27.1498 -30.7167 95.1655 0 0 0 -0.000971976
 1.00015 4 -0.936496 -0.28359 3.64207 -2.66209 1.97718 0.120164 1.00015 5 -1.08393 -0.544643 3.8468 3.10207 3.85751e-06 -0.115474 98.7264 -3.9675 0 0 0 27.1498 -30.7167 95.1655 0 0 0 -0.000971976
 1.0001 4 -0.865379 -0.276405 3.68689 -1.82129 1.88603 -0.340054 1.0001 5 -1.08393 -0.544643 3.8468 3.10207 3.85751e-06 -0.115474 101.297 -0.429268 0 0 0 27.8567 -1.31023 99.9915 0 0 0 -3.60027e-05
 1.0001 4 -0.865379 -0.276405 3.68689 -1.82129 1.88603 -0.340054 1.0001 5 -1.08393 -0.544643 3.8468 3.10207 3.85751e-06 -0.115474 101.297 -0.429268 0 0 0 27.8567 -1.31023 99.9915 0 0 0 -3.60027e-05
 1.00009 4 -0.804244 -0.288193 3.68959 1.79959 -2.37097 -0.275335 1.00009 5 -1.08393 -0.544643 3.8468 3.10207 3.85751e-06 -0.115474 98.7144 3.97367 0 0 0 27.1464 30.8115 95.1348 0 0 0 0.00097421
 1.00009 4 -0.804244 -0.288193 3.68959 1.79959 -2.37097 -0.275335 1.00009 5 -1.08393 -0.544643 3.8468 3.10207 3.85751e-06 -0.115474 98.7144 3.97367 0 0 0 27.1464 30.8115 95.1348 0 0 0 0.00097421
 1.00019 4 -0.895703 -0.278163 3.68969 2.28358 -2.05925 -0.264659 1.00019 5 -1.08393 -0.544643 3.8468 3.10207 3.85751e-06 -0.115474 101.308 -0.306155 0 0 0 27.8598 -1.88105 99.9824 0 0 0 -6.513e-05
 1.00019 4 -0.895703 -0.278163 3.68969 2.28358 -2.05925 -0.264659 1.00019 5 -1.08393 -0.544643 3.8468 3.10207 3.85751e-06 -0.115474 101.308 -0.306155 0 0 0 27.8598 -1.88105 99.9824 0 0 0 -6.513e-05
 1.00012 4 -0.946068 -0.286739 3.68262 2.4579 -1.85399 -0.0697544 1.00012 5 -1.08393 -0.544643 3.8468 3.10207 3.85751e-06 -0.115474 98.7293 -3.96591 0 0 0 27.1506 -30.7255 95.1626 0 0 0 -0.00097142
 1.00012 4 -0.946068 -0.286739 3.68262 2.4579 -1.85399 -0.0697544 1.00012 5 -1.08393 -0.544643 3.8468 3.10207 3.85751e-06 -0.115474 98.7293 -3.96591 0 0 0 27.1506 -30.7255 95.1626 0 0 0 -0.00097142
 1.00004 4 -0.883115 -0.295584 3.89138 1.96133 -2.35809 -0.0431285 1.00004 5 -1.08393 -0.544643 3.8468 3.10207 3.85751e-06 -0.115474 101.062 1.41687 0 0 0 27.792 7.80398 99.6951 0 0 0 0.000252054
 1.00004 4 -0.883115 -0.295584 3.89138 1.96133 -2.35809 -0.0431285 1.00004 5 -1.08393 -0.544643 3.8468 3.10207 3.85751e-06 -0.115474 101.062 1.41687 0 0 0 27.792 7.80398 99.6951 0 0 0 0.000252054
 1.00007 4 -0.842504 -0.296354 3.82882 1.87687 -2.42541 -0.0385696 1.00007 5 -1.08393 -0.544643 3.8468 3.10207 3.85751e-06 -0.115474 99.0665 3.77129 0 0 0 27.2433 28.6879 95.7966 0 0 0 0.000905219
 1.00007 4 -0.842504 -0.296354 3.82882 1.87687 -2.42541 -0.0385696 1.00007 5 -1.08393 -0.544643 3.8468 3.10207 3.85751e-06 -0.115474 99.0665 3.77129 0 0 0 27.2433 28.6879 95.7966 0 0 0 0.000905219
 1.00006 4 -0.910107 -0.277883 3.64328 -1.90189 1.60412 -0.58804 1.00006 5 -1.08393 -0.544643 3.8468 3.10207 3.85751e-06 -0.115474 100.901 -1.79116 0 0 0 27.7477 -12.1309 99.2615 0 0 0 -0.000388825
 1.00006 4 -0.910107 -0.277883 3.64328 -1.90189 1.60412 -0.58804 1.00006 5 -1.08393 -0.544643 3.8468 3.10207 3.85751e-06 -0.115474 100.901 -1.79116 0 0 0 27.7477 -12.1309 99.2615 0 0 0 -0.000388825
 1.00008 4 -0.917289 -0.277273 3.59276 2.34532 -1.82003 -0.24914 1.00008 5 -1.08393 -0.544643 3.8468 3.10207 3.85751e-06 -0.115474 98.9766 -3.82623 0 0 0 27.2186 -29.2453 95.6279 0 0 0 -0.000923324
 1.00008 4 -0.917289 -0.277273 3.59276 2.34532 -1.82003 -0.24914 1.00008 5 -1.08393 -0.544643 3.8468 3.10207 3.85751e-06 -0.115474 98.9766 -3.82623 0 0 0 27.2186 -29.2453 95.6279 0 0 0 -0.000923324
 1.00005 4 -0.882144 -0.295867 3.89498 -2.05185 2.46466 0.0525594 1.00005 5 -1.08393 -0.544643 3.8468 3.10207 3.85751e-06 -0.115474 101.03 1.49876 0 0 0 27.7833 11.6923 99.3142 0 0 0 0.000374778
 1.00005 4 -0.882144 -0.295867 3.89498 -2.05185 2.46466 0.0525594 1.00005 5 -1.08393 -0.544643 3.8468 3.10207 3.85751e-06 -0.115474 101.03 1.49876 0 0 0 27.7833 11.6923 99.3142 0 0 0 0.000374778
 1.00008 4 -0.841046 -0.294686 3.81844 1.88423 -2.53398 0.589726 1.00008 5 -1.08393 -0.544643 3.8468 3.10207 3.85751e-06 -0.115474 99.0911 3.75578 0 0 0 27.2501 28.5308 95.8435 0 0 0 0.000900185
 1.00008 4 -0.841046 -0.294686 3.81844 1.88423 -2.53398 0.589726 1.00008 5 -1.08393 -0.544643 3.8468 3.10207 3.85751e-06 -0.115474 99.0911 3.75578 0 0 0 27.2501 28.5308 95.8435 0 0 0 0.000900185
 1.00008 4 -0.980735 -0.298586 3.91486 2.49967 -2.09499 -0.0726573 1.00008 5 -1.08393 -0.544643 3.8468 3.10207 3.85751e-06 -0.115474 100.497 -2.4598 0 0 0 27.6367 -17.0919 98.5285 0 0 0 -0.000545215
 1.00008 4 -0.980735 -0.298586 3.91486 2.49967 -2.09499 -0.0726573 1.00008 5 -1.08393 -0.544643 3.8468 3.10207 3.85751e-06 -0.115474 100.497 -2.4598 0 0 0 27.6367 -17.0919 98.5285 0 0 0 -0.000545215
 1.00007 4 -0.953735 -0.29095 3.81401 2.30949 -1.93145 0.138055 1.00007 5 -1.08393 -0.544643 3.8468 3.10207 3.85751e-06 -0.115474 99.6586 -3.34612 0 0 0 27.4061 -24.6428 96.9161 0 0 0 -0.000776202
 1.00007 4 -0.953735 -0.29095 3.81401 2.30949 -1.93145 0.138055 1.00007 5 -1.08393 -0.544643 3.8468 3.10207 3.85751e-06 -0.115474 99.6586 -3.34612 0 0 0 27.4061 -24.6428 96.9161 0 0 0 -0.000776202
 1.00012 4 -0.84527 -0.296695 3.83338 -1.96351 2.53529 0.0468073 1.00012 5 -1.08393 -0.544643 3.8468 3.10207 3.85751e-06 -0.115474 99.9925 3.04427 0 0 0 27.4979 21.8012 97.5946 0 0 0 0.000693231
 1.00012 4 -0.84527 -0.296695 3.83338 -1.96351 2.53529 0.0468073 1.00012 5 -1.08393 -0.544643 3.8468 3.10207 3.85751e-06 -0.115474 99.9925 3.04427 0 0 0 27.4979 21.8012 97.5946 0 0 0 0.000693231
 1.00005 4 -0.860491 -0.288333 3.79555 1.91235 -2.29046 0.134459 1.00005 5 -1.08393 -0.544643 3.8468 3.10207 3.85751e-06 -0.115474 100.021 3.01647 0 0 0 27.5056 21.811 97.5924 0 0 0 0.000685842
 1.00005 4 -0.860491 -0.288333 3.79555 1.91235 -2.29046 0.134459 1.00005 5 -1.08393 -0.544643 3.8468 3.10207 3.85751e-06 -0.115474 100.021 3.01647 0 0 0 27.5056 21.811 97.5924 0 0 0 0.000685842
 1.00006 4 -0.98093 -0.298311 3.84218 2.42999 -1.88159 -0.0648683 1.00006 5 -1.08393 -0.544643 3.8468 3.10207 3.85751e-06 -0.115474 100.222 -2.80173 0 0 0 27.5611 -21.0805 97.7528 0 0 0 -0.000670769
 1.00006 4 -0.98093 -0.298311 3.84218 2.42999 -1.88159 -0.0648683 1.00006 5 -1.08393 -0.544643 3.8468 3.10207 3.85751e-06 -0.115474 100.222 -2.80173 0 0 0 27.5611 -21.0805 97.7528 0 0 0 -0.000670769
 1.00008 4 -0.94666 -0.290085 3.84925 -1.94433 1.67997 -0.223418 1.00008 5 -1.08393 -0.544643 3.8468 3.10207 3.85751e-06 -0.115474 100.228 -2.79545 0 0 0 27.5626 -18.6552 98.2445 0 0 0 -0.000585735
 1.00008 4 -0.94666 -0.290085 3.84925 -1.94433 1.67997 -0.223418 1.00008 5 -1.08393 -0.544643 3.8468 3.10207 3.85751e-06 -0.115474 100.228 -2.79545 0 0 0 27.5626 -18.6552 98.2445 0 0 0 -0.000585735
 1.00007 4 -0.824155 -0.292994 3.77315 1.78305 -2.45574 0.31915 1.00007 5 -1.08393 -0.544643 3.8468 3.10207 3.85751e-06 -0.115474 99.4279 3.52593 0 0 0 27.3427 26.1157 96.5296 0 0 0 0.0008287
 1.00007 4 -0.824155 -0.292994 3.77315 1.78305 -2.45574 0.31915 1.00007 5 -1.08393 -0.544643 3.8468 3.10207 3.85751e-06 -0.115474 99.4279 3.52593 0 0 0 27.3427 26.1157 96.5296 0 0 0 0.0008287
 1.0001 4 -0.885784 -0.295867 3.89527 -2.05191 2.46474 0.052705 1.0001 5 -1.08393 -0.544643 3.8468 3.10207 3.85751e-06 -0.115474 100.58 2.34217 0 0 0 27.6595 16.4934 98.6305 0 0 0 0.000516878
 1.0001 4 -0.885784 -0.295867 3.89527 -2.05191 2.46474 0.052705 1.0001 5 -1.08393 -0.544643 3.8468 3.10207 3.85751e-06 -0.115474 100.58 2.34217 0 0 0 27.6595 16.4934 98.6305 0 0 0 0.000516878
 1.00006 4 -0.971382 -0.293546 3.78148 -2.22353 1.66494 -0.528243 1.00006 5 -1.08393 -0.544643 3.8468 3.10207 3.85751e-06 -0.115474 99.0701 -3.76898 0 0 0 27.2443 -28.532 95.8432 0 0 0 -0.000904483
 1.00006 4 -0.971382 -0.293546 3.78148 -2.22353 1.66494 -0.528243 1.00006 5 -1.08393 -0.544643 3.8468 3.10207 3.85751e-06 -0.115474 99.0701 -3.76898 0 0 0 27.2443 -28.532 95.8432 0 0 0 -0.000904483
 1.00021 4 -0.931326 -0.287702 3.84033 2.70639 -2.36709 0.0374055 1.00021 5 -1.08393 -0.544643 3.8468 3.10207 3.85751e-06 -0.115474 100.832 -1.92496 0 0 0 27.7289 -15.2607 98.8288 0 0 0 -0.000477961
 1.00021 4 -0.931326 -0.287702 3.84033 2.70639 -2.36709 0.0374055 1.00021 5 -1.08393 -0.544643 3.8468 3.10207 3.85751e-06 -0.115474 100.832 -1.92496 0 0 0 27.7289 -15.2607 98.8288 0 0 0 -0.000477961
 1.00008 4 -0.852852 -0.308791 3.92934 1.82566 -2.47186 -0.031282 1.00008 5 -1.08393 -0.544643 3.8468 3.10207 3.85751e-06 -0.115474 99.0107 3.80521 0 0 0 27.228 28.2901 95.9149 0 0 0 0.000896732
 1.00008 4 -0.852852 -0.308791 3.92934 1.82566 -2.47186 -0.031282 1.00008 5 -1.08393 -0.544643 3.8468 3.10207 3.85751e-06 -0.115474 99.0107 3.80521 0 0 0 27.228 28.2901 95.9149 0 0 0 0.000896732
 1.00005 4 -0.898214 -0.2875 3.82265 2.17472 -2.17471 -0.0520483 1.00005 5 -1.08393 -0.544643 3.8468 3.10207 3.85751e-06 -0.115474 100.934 1.72034 0 0 0 27.7569 11.9518 99.2833 0 0 0 0.000372796
 1.00005 4 -0.898214 -0.2875 3.82265 2.17472 -2.17471 -0.0520483 1.00005 5 -1.08393 -0.544643 3.8468 3.10207 3.85751e-06 -0.115474 100.934 1.72034 0 0 0 27.7569 11.9518 99.2833 0 0 0 0.000372796
 1.00011 4 -0.971571 -0.294016 3.76519 2.49648 -1.79875 -0.0792493 1.00011 5 -1.08393 -0.544643 3.8468 3.10207 3.85751e-06 -0.115474 98.9567 -3.83776 0 0 0 27.2131 -29.2619 95.6228 0 0 0 -0.000927219
 1.00011 4 -0.971571 -0.294016 3.76519 2.49648 -1.79875 -0.0792493 1.00011 5 -1.08393 -0.544643 3.8468 3.10207 3.85751e-06 -0.115474 98.9567 -3.83776 0 0 0 27.2131 -29.2619 95.6228 0 0 0 -0.000927219
 1.00008 4 -0.893439 -0.277082 3.6977 -2.37865 2.27149 0.294485 1.00008 5 -1.08393 -0.544643 3.8468 3.10207 3.85751e-06 -0.115474 100.883 -1.82697 0 0 0 27.7428 -11.098 99.3823 0 0 0 -0.000345939
 1.00008 4 -0.893439 -0.277082 3.6977 -2.37865 2.27149 0.294485 1.00008 5 -1.08393 -0.544643 3.8468 3.10207 3.85751e-06 -0.115474 100.883 -1.82697 0 0 0 27.7428 -11.098 99.3823 0 0 0 -0.000345939
 1.00007 4 -0.852852 -0.308791 3.92934 1.82566 -2.47186 -0.031282 1.00007 5 -1.08393 -0.544643 3.8468 3.10207 3.85751e-06 -0.115474 99.0729 3.76688 0 0 0 27.245 28.5175 95.8475 0 0 0 0.000903829
 1.00007 4 -0.852852 -0.308791 3.92934 1.82566 -2.47186 -0.031282 1.00007 5 -1.08393 -0.544643 3.8468 3.10207 3.85751e-06 -0.115474 99.0729 3.76688 0 0 0 27.245 28.5175 95.8475 0 0 0 0.000903829
 1.00004 4 -0.901785 -0.2875 3.82294 2.17467 -2.17466 -0.0522516 1.00004 5 -1.08393 -0.544643 3.8468 3.10207 3.85751e-06 -0.115474 100.918 1.7549 0 0 0 27.7524 12.198 99.2533 0 0 0 0.000380603
 1.00004 4 -0.901785 -0.2875 3.82294 2.17467 -2.17466 -0.0522516 1.00004 5 -1.08393 -0.544643 3.8468 3.10207 3.85751e-06 -0.115474 100.918 1.7549 0 0 0 27.7524 12.198 99.2533 0 0 0 0.000380603
 1.00009 4 -0.936496 -0.28359 3.64207 -2.66209 1.97718 0.120164 1.00009 5 -1.08393 -0.544643 3.8468 3.10207 3.85751e-06 -0.115474 99.101 -3.7494 0 0 0 27.2528 -28.3289 95.9034 0 0 0 -0.000898145
 1.00009 4 -0.936496 -0.28359 3.64207 -2.66209 1.97718 0.120164 1.00009 5 -1.08393 -0.544643 3.8468 3.10207 3.85751e-06 -0.115474 99.101 -3.7494 0 0 0 27.2528 -28.3289 95.9034 0 0 0 -0.000898145
 1.00033 4 -0.905357 -0.2875 3.82323 2.17461 -2.17461 -0.052454 1.00033 5 -1.08393 -0.544643 3.8468 3.10207 3.85751e-06 -0.115474 101.208 -0.93692 0 0 0 27.8323 -4.77808 99.8859 0 0 0 -0.000145744
 1.00033 4 -0.905357 -0.2875 3.82323 2.17461 -2.17461 -0.052454 1.00033 5 -1.08393 -0.544643 3.8468 3.10207 3.85751e-06 -0.115474 101.208 -0.93692 0 0 0 27.8323 -4.77808 99.8859 0 0 0 -0.000145744
 1.00015 4 -0.852852 -0.308791 3.92934 1.82566 -2.47186 -0.031282 1.00015 5 -1.08393 -0.544643 3.8468 3.10207 3.85751e-06 -0.115474 98.7616 3.94788 0 0 0 27.1594 30.4954 95.2366 0 0 0 0.000965115
 1.00015 4 -0.852852 -0.308791 3.92934 1.82566 -2.47186 -0.031282 1.00015 5 -1.08393 -0.544643 3.8468 3.10207 3.85751e-06 -0.115474 98.7616 3.94788 0 0 0 27.1594 30.4954 95.2366 0 0 0 0.000965115
 1.00021 4 -0.896912 -0.280646 3.73379 -1.84363 1.77859 -0.180111 1.00021 5 -1.08393 -0.544643 3.8468 3.10207 3.85751e-06 -0.115474 101.278 0.575179 0 0 0 27.8514 2.30675 99.9735 0 0 0 6.73195e-05
 1.00021 4 -0.896912 -0.280646 3.73379 -1.84363 1.77859 -0.180111 1.00021 5 -1.08393 -0.544643 3.8468 3.10207 3.85751e-06 -0.115474 101.278 0.575179 0 0 0 27.8514 2.30675 99.9735 0 0 0 6.73195e-05
 1.00005 4 -0.971571 -0.294016 3.76519 2.49648 -1.79875 -0.0792493 1.00005 5 -1.08393 -0.544643 3.8468 3.10207 3.85751e-06 -0.115474 98.7502 -3.95422 0 0 0 27.1563 -30.5621 95.2152 0 0 0 -0.000967334
 1.00005 4 -0.971571 -0.294016 3.76519 2.49648 -1.79875 -0.0792493 1.00005 5 -1.08393 -0.544643 3.8468 3.10207 3.85751e-06 -0.115474 98.7502 -3.95422 0 0 0 27.1563 -30.5621 95.2152 0 0 0 -0.000967334
 1.00007 4 -0.936248 -0.297575 3.96931 -2.01906 2.0068 -0.369386 1.00007 5 -1.08393 -0.544643 3.8468 3.10207 3.85751e-06 -0.115474 101.309 -0.284456 0 0 0 27.8601 -2.08474 99.9784 0 0 0 -6.05068e-05
 1.00007 4 -0.936248 -0.297575 3.96931 -2.01906 2.0068 -0.369386 1.00007 5 -1.08393 -0.544643 3.8468 3.10207 3.85751e-06 -0.115474 101.309 -0.284456 0 0 0 27.8601 -2.08474 99.9784 0 0 0 -6.05068e-05
 1.00008 4 -0.852852 -0.308791 3.92934 1.82566 -2.47186 -0.031282 1.00008 5 -1.08393 -0.544643 3.8468 3.10207 3.85751e-06 -0.115474 98.7185 3.97089 0 0 0 27.1476 30.8136 95.1341 0 0 0 0.000974406
 1.00008 4 -0.852852 -0.308791 3.92934 1.82566 -2.47186 -0.031282 1.00008 5 -1.08393 -0.544643 3.8468 3.10207 3.85751e-06 -0.115474 98.7185 3.97089 0 0 0 27.1476 30.8136 95.1341 0 0 0 0.000974406
 1.00006 4 -0.876063 -0.27224 3.63265 2.0909 -1.95777 -0.155189 1.00006 5 -1.08393 -0.544643 3.8468 3.10207 3.85751e-06 -0.115474 101.319 -0.00819102 0 0 0 27.8628 1.87607 99.9825 0 0 0 5.36932e-05
 1.00006 4 -0.876063 -0.27224 3.63265 2.0909 -1.95777 -0.155189 1.00006 5 -1.08393 -0.544643 3.8468 3.10207 3.85751e-06 -0.115474 101.319 -0.00819102 0 0 0 27.8628 1.87607 99.9825 0 0 0 5.36932e-05
 1.00012 4 -0.992675 -0.300183 3.87794 2.48671 -1.90335 0.360828 1.00012 5 -1.08393 -0.544643 3.8468 3.10207 3.85751e-06 -0.115474 98.775 -3.94072 0 0 0 27.1631 -30.1588 95.3437 0 0 0 -0.000952815
 1.00012 4 -0.992675 -0.300183 3.87794 2.48671 -1.90335 0.360828 1.00012 5 -1.08393 -0.544643 3.8468 3.10207 3.85751e-06 -0.115474 98.775 -3.94072 0 0 0 27.1631 -30.1588 95.3437 0 0 0 -0.000952815
 1.0001 4 -0.871251 -0.28309 3.7634 -1.64858 1.87081 -0.343961 1.0001 5 -1.08393 -0.544643 3.8468 3.10207 3.85751e-06 -0.115474 101.207 0.941186 0 0 0 27.8319 6.19325 99.8081 0 0 0 0.000201184
 1.0001 4 -0.871251 -0.28309 3.7634 -1.64858 1.87081 -0.343961 1.0001 5 -1.08393 -0.544643 3.8468 3.10207 3.85751e-06 -0.115474 101.207 0.941186 0 0 0 27.8319 6.19325 99.8081 0 0 0 0.000201184
 1.00016 4 -0.804244 -0.288193 3.68959 1.79959 -2.37097 -0.275335 1.00016 5 -1.08393 -0.544643 3.8468 3.10207 3.85751e-06 -0.115474 98.8388 3.90523 0 0 0 27.1807 30.0855 95.3669 0 0 0 0.000950228
 1.00016 4 -0.804244 -0.288193 3.68959 1.79959 -2.37097 -0.275335 1.00016 5 -1.08393 -0.544643 3.8468 3.10207 3.85751e-06 -0.115474 98.8388 3.90523 0 0 0 27.1807 30.0855 95.3669 0 0 0 0.000950228
 1.00006 4 -0.903961 -0.277272 3.67861 2.21705 -1.97409 -0.262607 1.00006 5 -1.08393 -0.544643 3.8468 3.10207 3.85751e-06 -0.115474 101.279 -0.565521 0 0 0 27.8517 -3.63192 99.9341 0 0 0 -0.000120471
 1.00006 4 -0.903961 -0.277272 3.67861 2.21705 -1.97409 -0.262607 1.00006 5 -1.08393 -0.544643 3.8468 3.10207 3.85751e-06 -0.115474 101.279 -0.565521 0 0 0 27.8517 -3.63192 99.9341 0 0 0 -0.000120471
 1.00012 4 -0.968413 -0.292367 3.76662 -2.12332 1.52991 -0.490803 1.00012 5 -1.08393 -0.544643 3.8468 3.10207 3.85751e-06 -0.115474 98.7306 -3.96458 0 0 0 27.1509 -30.6855 95.1755 0 0 0 -0.000971033
 1.00012 4 -0.968413 -0.292367 3.76662 -2.12332 1.52991 -0.490803 1.00012 5 -1.08393 -0.544643 3.8468 3.10207 3.85751e-06 -0.115474 98.7306 -3.96458 0 0 0 27.1509 -30.6855 95.1755 0 0 0 -0.000971033
 1.00005 4 -0.898214 -0.2875 3.82265 2.17472 -2.17471 -0.0520483 1.00005 5 -1.08393 -0.544643 3.8468 3.10207 3.85751e-06 -0.115474 101.309 -0.286541 0 0 0 27.86 -2.09878 99.9781 0 0 0 -6.09514e-05
 1.00005 4 -0.898214 -0.2875 3.82265 2.17472 -2.17471 -0.0520483 1.00005 5 -1.08393 -0.544643 3.8468 3.10207 3.85751e-06 -0.115474 101.309 -0.286541 0 0 0 27.86 -2.09878 99.9781 0 0 0 -6.09514e-05
 1.00007 4 -0.852852 -0.308791 3.92934 1.82566 -2.47186 -0.031282 1.00007 5 -1.08393 -0.544643 3.8468 3.10207 3.85751e-06 -0.115474 98.7134 3.97349 0 0 0 27.1462 30.7942 95.1404 0 0 0 0.000973619
 1.00007 4 -0.852852 -0.308791 3.92934 1.82566 -2.47186 -0.031282 1.00007 5 -1.08393 -0.544643 3.8468 3.10207 3.85751e-06 -0.115474 98.7134 3.97349 0 0 0 27.1462 30.7942 95.1404 0 0 0 0.000973619
 1.00007 4 -0.889762 -0.28059 3.73248 -1.84499 1.77999 -0.176218 1.00007 5 -1.08393 -0.544643 3.8468 3.10207 3.85751e-06 -0.115474 101.303 0.358614 0 0 0 27.8584 2.58999 99.9666 0 0 0 7.62819e-05
 1.00007 4 -0.889762 -0.28059 3.73248 -1.84499 1.77999 -0.176218 1.00007 5 -1.08393 -0.544643 3.8468 3.10207 3.85751e-06 -0.115474 101.303 0.358614 0 0 0 27.8584 2.58999 99.9666 0 0 0 7.62819e-05
 1.00008 4 -0.971382 -0.293546 3.78148 -2.22353 1.66494 -0.528243 1.00008 5 -1.08393 -0.544643 3.8468 3.10207 3.85751e-06 -0.115474 98.7218 -3.96918 0 0 0 27.1485 -30.7418 95.1574 0 0 0 -0.000972683
 1.00008 4 -0.971382 -0.293546 3.78148 -2.22353 1.66494 -0.528243 1.00008 5 -1.08393 -0.544643 3.8468 3.10207 3.85751e-06 -0.115474 98.7218 -3.96918 0 0 0 27.1485 -30.7418 95.1574 0 0 0 -0.000972683
 1.00008 4 -0.84891 -0.278111 3.68519 -1.719 1.97615 -0.488461 1.00008 5 -1.08393 -0.544643 3.8468 3.10207 3.85751e-06 -0.115474 101.284 0.531765 0 0 0 27.853 1.66228 99.9863 0 0 0 5.80001e-05
 1.00008 4 -0.84891 -0.278111 3.68519 -1.719 1.97615 -0.488461 1.00008 5 -1.08393 -0.544643 3.8468 3.10207 3.85751e-06 -0.115474 101.284 0.531765 0 0 0 27.853 1.66228 99.9863 0 0 0 5.80001e-05
 1.00021 4 -0.824155 -0.292994 3.77315 1.78305 -2.45574 0.31915 1.00021 5 -1.08393 -0.544643 3.8468 3.10207 3.85751e-06 -0.115474 98.7846 3.93509 0 0 0 27.1658 30.4057 95.2653 0 0 0 0.000960648
 1.00021 4 -0.824155 -0.292994 3.77315 1.78305 -2.45574 0.31915 1.00021 5 -1.08393 -0.544643 3.8468 3.10207 3.85751e-06 -0.115474 98.7846 3.93509 0 0 0 27.1658 30.4057 95.2653 0 0 0 0.000960648
 1.00006 4 -0.933866 -0.285985 3.78283 2.31937 -2.01156 -0.0680859 1.00006 5 -1.08393 -0.544643 3.8468 3.10207 3.85751e-06 -0.115474 101.122 -1.24099 0 0 0 27.8086 -8.2522 99.659 0 0 0 -0.000266415
 1.00006 4 -0.933866 -0.285985 3.78283 2.31937 -2.01156 -0.0680859 1.00006 5 -1.08393 -0.544643 3.8468 3.10207 3.85751e-06 -0.115474 101.122 -1.24099 0 0 0 27.8086 -8.2522 99.659 0 0 0 -0.000266415
 1.00009 4 -0.9392 -0.283305 3.68196 2.45812 -1.85416 -0.0696439 1.00009 5 -1.08393 -0.544643 3.8468 3.10207 3.85751e-06 -0.115474 98.8726 -3.88617 0 0 0 27.19 -29.8765 95.4326 0 0 0 -0.000943673
 1.00009 4 -0.9392 -0.283305 3.68196 2.45812 -1.85416 -0.0696439 1.00009 5 -1.08393 -0.544643 3.8468 3.10207 3.85751e-06 -0.115474 98.8726 -3.88617 0 0 0 27.19 -29.8765 95.4326 0 0 0 -0.000943673
 1.00011 4 -0.858662 -0.289452 3.79898 2.0192 -2.33478 -0.265651 1.00011 5 -1.08393 -0.544643 3.8468 3.10207 3.85751e-06 -0.115474 101.179 1.05013 0 0 0 27.8242 6.94061 99.7589 0 0 0 0.000224788
 1.00011 4 -0.858662 -0.289452 3.79898 2.0192 -2.33478 -0.265651 1.00011 5 -1.08393 -0.544643 3.8468 3.10207 3.85751e-06 -0.115474 101.179 1.05013 0 0 0 27.8242 6.94061 99.7589 0 0 0 0.000224788
 1.00006 4 -0.860204 -0.305115 3.92981 1.82561 -2.47179 -0.0320685 1.00006 5 -1.08393 -0.544643 3.8468 3.10207 3.85751e-06 -0.115474 98.8809 3.88121 0 0 0 27.1922 29.8311 95.4468 0 0 0 0.000941999
 1.00006 4 -0.860204 -0.305115 3.92981 1.82561 -2.47179 -0.0320685 1.00006 5 -1.08393 -0.544643 3.8468 3.10207 3.85751e-06 -0.115474 98.8809 3.88121 0 0 0 27.1922 29.8311 95.4468 0 0 0 0.000941999
 1.00008 4 -0.965736 -0.296674 3.91228 -2.1268 1.83205 -0.453853 1.00008 5 -1.08393 -0.544643 3.8468 3.10207 3.85751e-06 -0.115474 101.177 -1.05566 0 0 0 27.8238 -6.9726 99.7567 0 0 0 -0.000226009
 1.00008 4 -0.965736 -0.296674 3.91228 -2.1268 1.83205 -0.453853 1.00008 5 -1.08393 -0.544643 3.8468 3.10207 3.85751e-06 -0.115474 101.177 -1.05566 0 0 0 27.8238 -6.9726 99.7567 0 0 0 -0.000226009
 1.00006 4 -0.959543 -0.290299 3.76208 -2.06855 1.54926 -0.282664 1.00006 5 -1.08393 -0.544643 3.8468 3.10207 3.85751e-06 -0.115474 99.0306 -3.79274 0 0 0 27.2334 -28.9027 95.732 0 0 0 -0.000912323
 1.00006 4 -0.959543 -0.290299 3.76208 -2.06855 1.54926 -0.282664 1.00006 5 -1.08393 -0.544643 3.8468 3.10207 3.85751e-06 -0.115474 99.0306 -3.79274 0 0 0 27.2334 -28.9027 95.732 0 0 0 -0.000912323
 1.00067 4 -0.835711 -0.287606 3.75083 1.93912 -2.40684 -0.262972 1.00067 5 -1.08393 -0.544643 3.8468 3.10207 3.85751e-06 -0.115474 100.634 2.25932 0 0 0 27.6744 15.5748 98.7797 0 0 0 0.000497202
 1.00067 4 -0.835711 -0.287606 3.75083 1.93912 -2.40684 -0.262972 1.00067 5 -1.08393 -0.544643 3.8468 3.10207 3.85751e-06 -0.115474 100.634 2.25932 0 0 0 27.6744 15.5748 98.7797 0 0 0 0.000497202
 1.00006 4 -0.881458 -0.307832 3.98935 1.97704 -2.55983 0.278425 1.00006 5 -1.08393 -0.544643 3.8468 3.10207 3.85751e-06 -0.115474 99.2543 3.64816 0 0 0 27.2949 27.4653 96.1543 0 0 0 0.000866078
 1.00006 4 -0.881458 -0.307832 3.98935 1.97704 -2.55983 0.278425 1.00006 5 -1.08393 -0.544643 3.8468 3.10207 3.85751e-06 -0.115474 99.2543 3.64816 0 0 0 27.2949 27.4653 96.1543 0 0 0 0.000866078
 1.00007 4 -0.931615 -0.286242 3.76373 2.81119 -2.3795 0.672952 1.00007 5 -1.08393 -0.544643 3.8468 3.10207 3.85751e-06 -0.115474 100.817 -1.95234 0 0 0 27.7246 -13.2982 99.1119 0 0 0 -0.000425639
 1.00007 4 -0.931615 -0.286242 3.76373 2.81119 -2.3795 0.672952 1.00007 5 -1.08393 -0.544643 3.8468 3.10207 3.85751e-06 -0.115474 100.817 -1.95234 0 0 0 27.7246 -13.2982 99.1119 0 0 0 -0.000425639
 1.00006 4 -0.94439 -0.286285 3.74284 2.77736 -2.24642 0.622092 1.00006 5 -1.08393 -0.544643 3.8468 3.10207 3.85751e-06 -0.115474 99.6023 -3.39098 0 0 0 27.3906 -25.048 96.8122 0 0 0 -0.00078912
 1.00006 4 -0.94439 -0.286285 3.74284 2.77736 -2.24642 0.622092 1.00006 5 -1.08393 -0.544643 3.8468 3.10207 3.85751e-06 -0.115474 99.6023 -3.39098 0 0 0 27.3906 -25.048 96.8122 0 0 0 -0.00078912
 1.00009 4 -0.864115 -0.288359 3.79616 1.91252 -2.29076 0.134162 1.00009 5 -1.08393 -0.544643 3.8468 3.10207 3.85751e-06 -0.115474 100.28 2.73339 0 0 0 27.5771 19.5148 98.0774 0 0 0 0.00061284
 1.00009 4 -0.864115 -0.288359 3.79616 1.91252 -2.29076 0.134162 1.00009 5 -1.08393 -0.544643 3.8468 3.10207 3.85751e-06 -0.115474 100.28 2.73339 0 0 0 27.5771 19.5148 98.0774 0 0 0 0.00061284
 1.00008 4 -0.933484 -0.283127 3.6792 2.38287 -1.7689 -0.253999 1.00008 5 -1.08393 -0.544643 3.8468 3.10207 3.85751e-06 -0.115474 100.151 -2.87931 0 0 0 27.5415 -20.4225 97.8924 0 0 0 -0.000650069
 1.00008 4 -0.933484 -0.283127 3.6792 2.38287 -1.7689 -0.253999 1.00008 5 -1.08393 -0.544643 3.8468 3.10207 3.85751e-06 -0.115474 100.151 -2.87931 0 0 0 27.5415 -20.4225 97.8924 0 0 0 -0.000650069
 1.00007 4 -0.942217 -0.288145 3.78865 2.32439 -2.01593 -0.0618786 1.00007 5 -1.08393 -0.544643 3.8468 3.10207 3.85751e-06 -0.115474 100.154 -2.8765 0 0 0 27.5423 -21.902 97.572 0 0 0 -0.000688947
 1.00007 4 -0.942217 -0.288145 3.78865 2.32439 -2.01593 -0.0618786 1.00007 5 -1.08393 -0.544643 3.8468 3.10207 3.85751e-06 -0.115474 100.154 -2.8765 0 0 0 27.5423 -21.902 97.572 0 0 0 -0.000688947
 1.00008 4 -0.850546 -0.294869 3.83369 2.22016 -2.87087 0.328155 1.00008 5 -1.08393 -0.544643 3.8468 3.10207 3.85751e-06 -0.115474 100.263 2.75307 0 0 0 27.5724 19.4043 98.0993 0 0 0 0.00061782
 1.00008 4 -0.850546 -0.294869 3.83369 2.22016 -2.87087 0.328155 1.00008 5 -1.08393 -0.544643 3.8468 3.10207 3.85751e-06 -0.115474 100.263 2.75307 0 0 0 27.5724 19.4043 98.0993 0 0 0 0.00061782
 1.00014 4 -0.873986 -0.297392 3.89095 -1.67663 2.01564 -0.261333 1.00014 5 -1.08393 -0.544643 3.8468 3.10207 3.85751e-06 -0.115474 99.8227 3.20317 0 0 0 27.4513 23.3956 97.2247 0 0 0 0.000736273
 1.00014 4 -0.873986 -0.297392 3.89095 -1.67663 2.01564 -0.261333 1.00014 5 -1.08393 -0.544643 3.8468 3.10207 3.85751e-06 -0.115474 99.8227 3.20317 0 0 0 27.4513 23.3956 97.2247 0 0 0 0.000736273
 1.00013 4 -0.98488 -0.300012 3.87512 2.48448 -1.90209 0.362942 1.00013 5 -1.08393 -0.544643 3.8468 3.10207 3.85751e-06 -0.115474 100.174 -2.85466 0 0 0 27.5477 -21.4895 97.6637 0 0 0 -0.000683631
 1.00013 4 -0.98488 -0.300012 3.87512 2.48448 -1.90209 0.362942 1.00013 5 -1.08393 -0.544643 3.8468 3.10207 3.85751e-06 -0.115474 100.174 -2.85466 0 0 0 27.5477 -21.4895 97.6637 0 0 0 -0.000683631
 1.0001 4 -0.946372 -0.28905 3.8127 -2.01039 1.61639 -0.248018 1.0001 5 -1.08393 -0.544643 3.8468 3.10207 3.85751e-06 -0.115474 99.8406 -3.18719 0 0 0 27.4562 -22.0879 97.5301 0 0 0 -0.000694863
 1.0001 4 -0.946372 -0.28905 3.8127 -2.01039 1.61639 -0.248018 1.0001 5 -1.08393 -0.544643 3.8468 3.10207 3.85751e-06 -0.115474 99.8406 -3.18719 0 0 0 27.4562 -22.0879 97.5301 0 0 0 -0.000694863
 1.00013 4 -0.853288 -0.29707 3.84977 1.86958 -2.39738 0.328131 1.00013 5 -1.08393 -0.544643 3.8468 3.10207 3.85751e-06 -0.115474 100.385 2.60551 0 0 0 27.6059 19.5977 98.0609 0 0 0 0.000623908
 1.00013 4 -0.853288 -0.29707 3.84977 1.86958 -2.39738 0.328131 1.00013 5 -1.08393 -0.544643 3.8468 3.10207 3.85751e-06 -0.115474 100.385 2.60551 0 0 0 27.6059 19.5977 98.0609 0 0 0 0.000623908
 1.00007 4 -0.907503 -0.275901 3.63902 2.35298 -1.98097 -0.0719653 1.00007 5 -1.08393 -0.544643 3.8468 3.10207 3.85751e-06 -0.115474 100.859 -1.87278 0 0 0 27.7361 -12.7208 99.1877 0 0 0 -0.000407429
 1.00007 4 -0.907503 -0.275901 3.63902 2.35298 -1.98097 -0.0719653 1.00007 5 -1.08393 -0.544643 3.8468 3.10207 3.85751e-06 -0.115474 100.859 -1.87278 0 0 0 27.7361 -12.7208 99.1877 0 0 0 -0.000407429
 1.00007 4 -0.982451 -0.298228 3.84127 2.43327 -1.88207 -0.0761054 1.00007 5 -1.08393 -0.544643 3.8468 3.10207 3.85751e-06 -0.115474 99.1178 -3.73797 0 0 0 27.2574 -28.9683 95.7122 0 0 0 -0.000914433
 1.00007 4 -0.982451 -0.298228 3.84127 2.43327 -1.88207 -0.0761054 1.00007 5 -1.08393 -0.544643 3.8468 3.10207 3.85751e-06 -0.115474 99.1178 -3.73797 0 0 0 27.2574 -28.9683 95.7122 0 0 0 -0.000914433
 1.00048 4 -0.860491 -0.288333 3.79555 1.91235 -2.29046 0.134459 1.00048 5 -1.08393 -0.544643 3.8468 3.10207 3.85751e-06 -0.115474 100.974 1.63081 0 0 0 27.7677 12.604 99.2026 0 0 0 0.000403534
 1.00048 4 -0.860491 -0.288333 3.79555 1.91235 -2.29046 0.134459 1.00048 5 -1.08393 -0.544643 3.8468 3.10207 3.85751e-06 -0.115474 100.974 1.63081 0 0 0 27.7677 12.604 99.2026 0 0 0 0.000403534
 1.00013 4 -0.84527 -0.296695 3.83338 -1.96351 2.53529 0.0468073 1.00013 5 -1.08393 -0.544643 3.8468 3.10207 3.85751e-06 -0.115474 1.24456 0.42468 0 0 0 0.342253 1.88525e-07 0.000105651 0 0 0 -2.63947e-11
 1.00013 4 -0.84527 -0.296695 3.83338 -1.96351 2.53529 0.0468073 1.00013 5 -1.08393 -0.544643 3.8468 3.10207 3.85751e-06 -0.115474 1.24456 0.42468 0 0 0 0.342253 1.88525e-07 0.000105651 0 0 0 -2.63947e-11
 1.00007 4 -0.852852 -0.308791 3.92934 1.82566 -2.47186 -0.031282 1.00007 5 -1.08393 -0.544643 3.8468 3.10207 3.85751e-06 -0.115474 0.452793 0.115719 0 0 0 0.124518 -3.7949e-08 3.75473e-05 0 0 0 -3.75643e-12
 1.00007 4 -0.852852 -0.308791 3.92934 1.82566 -2.47186 -0.031282 1.00007 5 -1.08393 -0.544643 3.8468 3.10207 3.85751e-06 -0.115474 0.452793 0.115719 0 0 0 0.124518 -3.7949e-08 3.75473e-05 0 0 0 -3.75643e-12
 1.00014 4 -0.92372 -0.282843 3.74172 2.47353 -2.01535 -0.319478 1.00014 5 -1.08393 -0.544643 3.8468 3.10207 3.85751e-06 -0.115474 0.156698 -0.0199109 0 0 0 0.0430919 8.12746e-09 1.26906e-05 0 0 0 2.91525e-13
 1.00014 4 -0.92372 -0.282843 3.74172 2.47353 -2.01535 -0.319478 1.00014 5 -1.08393 -0.544643 3.8468 3.10207 3.85751e-06 -0.115474 0.156698 -0.0199109 0 0 0 0.0430919 8.12746e-09 1.26906e-05 0 0 0 2.91525e-13
 1.00016 4 -0.805911 -0.310518 3.83531 1.73968 -2.53303 -0.025141 1.00016 5 -1.08393 -0.544643 3.8468 3.10207 3.85751e-06 -0.115474 0.143164 0.0667443 0 0 0 0.03937 8.12729e-09 1.26906e-05 0 0 0 -1.10135e-13
 1.00016 4 -0.805911 -0.310518 3.83531 1.73968 -2.53303 -0.025141 1.00016 5 -1.08393 -0.544643 3.8468 3.10207 3.85751e-06 -0.115474 0.143164 0.0667443 0 0 0 0.03937 8.12729e-09 1.26906e-05 0 0 0 -1.10135e-13
 1.00008 4 -0.709724 -0.364119 3.76409 -0.953082 2.47335 0.0735151 1.00008 5 -1.08393 -0.544643 3.8468 3.10207 3.85751e-06 -0.115474 0.000269718 0.0024088 0 0 0 7.41724e-05 -7.09421e-08 1.90607e-06 0 0 0 -3.08262e-08
 1.00008 4 -0.709724 -0.364119 3.76409 -0.953082 2.47335 0.0735151 1.00008 5 -1.08393 -0.544643 3.8468 3.10207 3.85751e-06 -0.115474 0.000269718 0.0024088 0 0 0 7.41724e-05 -7.09421e-08 1.90607e-06 0 0 0 -3.08262e-08
 1.00341 4 -0.821758 -0.329821 3.98075 1.61531 -2.61364 -0.0184095 1.00341 5 -1.08393 -0.544643 3.8468 3.10207 3.85751e-06 -0.115474 0.0532767 0.0267919 0 0 0 0.0146511 -1.62641e-09 4.79109e-06 0 0 0 -4.90825e-16
 1.00341 4 -0.821758 -0.329821 3.98075 1.61531 -2.61364 -0.0184095 1.00341 5 -1.08393 -0.544643 3.8468 3.10207 3.85751e-06 -0.115474 0.0532767 0.0267919 0 0 0 0.0146511 -1.62641e-09 4.79109e-06 0 0 0 -4.90825e-16
 1.00008 4 -0.89098 -0.296422 3.91426 1.95932 -2.33655 0.336285 1.00008 5 -1.08393 -0.544643 3.8468 3.10207 3.85751e-06 -0.115474 0.0591109 0.00788147 0 0 0 0.0162555 -1.62656e-09 4.79109e-06 0 0 0 -4.04179e-14
 1.00008 4 -0.89098 -0.296422 3.91426 1.95932 -2.33655 0.336285 1.00008 5 -1.08393 -0.544643 3.8468 3.10207 3.85751e-06 -0.115474 0.0591109 0.00788147 0 0 0 0.0162555 -1.62656e-09 4.79109e-06 0 0 0 -4.04179e-14
 1.00011 4 -0.910107 -0.277883 3.64328 -1.90189 1.60412 -0.58804 1.00011 5 -1.08393 -0.544643 3.8468 3.10207 3.85751e-06 -0.115474 0.0584219 -0.0119623 0 0 0 0.016066 -1.6264e-09 4.79109e-06 0 0 0 5.27289e-14
 1.00011 4 -0.910107 -0.277883 3.64328 -1.90189 1.60412 -0.58804 1.00011 5 -1.08393 -0.544643 3.8468 3.10207 3.85751e-06 -0.115474 0.0584219 -0.0119623 0 0 0 0.016066 -1.6264e-09 4.79109e-06 0 0 0 5.27289e-14
 1.00417 4 -0.956321 -0.291412 3.82108 2.77251 -2.26145 0.0844104 1.00417 5 -1.08393 -0.544643 3.8468 3.10207 3.85751e-06 -0.115474 0.0218761 -0.00410792 0 0 0 0.00601592 4.67268e-10 1.78828e-06 0 0 0 6.39852e-15
 1.00417 4 -0.956321 -0.291412 3.82108 2.77251 -2.26145 0.0844104 1.00417 5 -1.08393 -0.544643 3.8468 3.10207 3.85751e-06 -0.115474 0.0218761 -0.00410792 0 0 0 0.00601592 4.67268e-10 1.78828e-06 0 0 0 6.39852e-15
 1.00017 4 -0.940035 -0.2976 3.96994 -2.01711 2.00469 -0.370113 1.00017 5 -1.08393 -0.544643 3.8468 3.10207 3.85751e-06 -0.115474 0.022255 0.000392006 0 0 0 0.00612012 4.67245e-10 1.78828e-06 0 0 0 -2.06322e-15
 1.00017 4 -0.940035 -0.2976 3.96994 -2.01711 2.00469 -0.370113 1.00017 5 -1.08393 -0.544643 3.8468 3.10207 3.85751e-06 -0.115474 0.022255 0.000392006 0 0 0 0.00612012 4.67245e-10 1.78828e-06 0 0 0 -2.06322e-15
 1.00006 4 -0.834626 -0.286357 3.73447 1.93221 -2.39012 -0.0380608 1.00006 5 -1.08393 -0.544643 3.8468 3.10207 3.85751e-06 -0.115474 0.0217442 0.00475697 0 0 0 0.00597965 4.67239e-10 1.78828e-06 0 0 0 -5.95677e-15
 1.00006 4 -0.834626 -0.286357 3.73447 1.93221 -2.39012 -0.0380608 1.00006 5 -1.08393 -0.544643 3.8468 3.10207 3.85751e-06 -0.115474 0.0217442 0.00475697 0 0 0 0.00597965 4.67239e-10 1.78828e-06 0 0 0 -5.95677e-15
 1.00017 4 -0.775227 -0.297522 3.68571 2.00488 -3.082 0.550009 1.00017 5 -1.08393 -0.544643 3.8468 3.10207 3.85751e-06 -0.115474 0.020293 0.00914503 0 0 0 0.00558058 4.67259e-10 1.78828e-06 0 0 0 -5.24502e-15
 1.00017 4 -0.775227 -0.297522 3.68571 2.00488 -3.082 0.550009 1.00017 5 -1.08393 -0.544643 3.8468 3.10207 3.85751e-06 -0.115474 0.020293 0.00914503 0 0 0 0.00558058 4.67259e-10 1.78828e-06 0 0 0 -5.24502e-15
 1.00004 4 -0.736713 -0.324154 3.70162 1.44982 -2.70902 -0.00814157 1.00004 5 -1.08393 -0.544643 3.8468 3.10207 3.85751e-06 -0.115474 0.0180918 0.0129663 0 0 0 0.00497525 4.67304e-10 1.78828e-06 0 0 0 1.03074e-14
 1.00004 4 -0.736713 -0.324154 3.70162 1.44982 -2.70902 -0.00814157 1.00004 5 -1.08393 -0.544643 3.8468 3.10207 3.85751e-06 -0.115474 0.0180918 0.0129663 0 0 0 0.00497525 4.67304e-10 1.78828e-06 0 0 0 1.03074e-14
 1.00007 4 -0.709724 -0.364119 3.76409 -0.953082 2.47335 0.0735151 1.00007 5 -1.08393 -0.544643 3.8468 3.10207 3.85751e-06 -0.115474 0.0150801 0.0163716 0 0 0 0.00414702 4.67346e-10 1.78828e-06 0 0 0 3.92407e-14
 1.00007 4 -0.709724 -0.364119 3.76409 -0.953082 2.47335 0.0735151 1.00007 5 -1.08393 -0.544643 3.8468 3.10207 3.85751e-06 -0.115474 0.0150801 0.0163716 0 0 0 0.00414702 4.67346e-10 1.78828e-06 0 0 0 3.92407e-14
 1.00007 4 -0.737752 -0.366201 3.8696 1.10053 -3.104 0.394067 1.00007 5 -1.08393 -0.544643 3.8468 3.10207 3.85751e-06 -0.115474 0.000181946 0.00016585 0 0 0 5.00329e-05 3.74961e-10 2.45146e-07 0 0 0 1.696e-10
 1.00007 4 -0.737752 -0.366201 3.8696 1.10053 -3.104 0.394067 1.00007 5 -1.08393 -0.544643 3.8468 3.10207 3.85751e-06 -0.115474 0.000181946 0.00016585 0 0 0 5.00329e-05 3.74961e-10 2.45146e-07 0 0 0 1.696e-10
 1.00012 4 -0.737019 -0.335968 3.75565 1.31582 -2.7767 -0.00153527 1.00012 5 -1.08393 -0.544643 3.8468 3.10207 3.85751e-06 -0.115474 0.00606764 0.00469733 0 0 0 0.0016686 -6.18504e-11 6.16494e-07 0 0 0 2.95045e-15
 1.00012 4 -0.737019 -0.335968 3.75565 1.31582 -2.7767 -0.00153527 1.00012 5 -1.08393 -0.544643 3.8468 3.10207 3.85751e-06 -0.115474 0.00606764 0.00469733 0 0 0 0.0016686 -6.18504e-11 6.16494e-07 0 0 0 2.95045e-15
 1.0001 4 -0.767042 -0.322063 3.77941 1.54112 -2.75994 0.263649 1.0001 5 -1.08393 -0.544643 3.8468 3.10207 3.85751e-06 -0.115474 0.00656462 0.00397327 0 0 0 0.00180527 -6.18517e-11 6.16494e-07 0 0 0 4.83787e-16
 1.0001 4 -0.767042 -0.322063 3.77941 1.54112 -2.75994 0.263649 1.0001 5 -1.08393 -0.544643 3.8468 3.10207 3.85751e-06 -0.115474 0.00656462 0.00397327 0 0 0 0.00180527 -6.18517e-11 6.16494e-07 0 0 0 4.83787e-16
 1.00014 4 -0.782245 -0.303818 3.73091 1.6559 -2.58803 -0.0213774 1.00014 5 -1.08393 -0.544643 3.8468 3.10207 3.85751e-06 -0.115474 0.00699051 0.00316447 0 0 0 0.00192239 -6.18454e-11 6.16494e-07 0 0 0 1.85101e-15
 1.00014 4 -0.782245 -0.303818 3.73091 1.6559 -2.58803 -0.0213774 1.00014 5 -1.08393 -0.544643 3.8468 3.10207 3.85751e-06 -0.115474 0.00699051 0.00316447 0 0 0 0.00192239 -6.18454e-11 6.16494e-07 0 0 0 1.85101e-15
 1.00004 4 -0.852852 -0.308791 3.92934 1.82566 -2.47186 -0.031282 1.00004 5 -1.08393 -0.544643 3.8468 3.10207 3.85751e-06 -0.115474 0.00731038 0.00233229 0 0 0 0.00201035 -6.18506e-11 6.16494e-07 0 0 0 -4.24542e-15
 1.00004 4 -0.852852 -0.308791 3.92934 1.82566 -2.47186 -0.031282 1.00004 5 -1.08393 -0.544643 3.8468 3.10207 3.85751e-06 -0.115474 0.00731038 0.00233229 0 0 0 0.00201035 -6.18506e-11 6.16494e-07 0 0 0 -4.24542e-15
 1.00016 4 -0.87414 -0.295916 3.89537 2.16855 -2.61227 -0.0281984 1.00016 5 -1.08393 -0.544643 3.8468 3.10207 3.85751e-06 -0.115474 0.00753371 0.00145754 0 0 0 0.00207177 -6.18474e-11 6.16494e-07 0 0 0 4.46914e-15
 1.00016 4 -0.87414 -0.295916 3.89537 2.16855 -2.61227 -0.0281984 1.00016 5 -1.08393 -0.544643 3.8468 3.10207 3.85751e-06 -0.115474 0.00753371 0.00145754 0 0 0 0.00207177 -6.18474e-11 6.16494e-07 0 0 0 4.46914e-15
 1.00005 4 -0.92327 -0.297545 3.96809 2.29002 -2.39187 -0.0307713 1.00005 5 -1.08393 -0.544643 3.8468 3.10207 3.85751e-06 -0.115474 0.00765387 0.000547261 0 0 0 0.00210481 -6.18449e-11 6.16494e-07 0 0 0 6.50331e-16
 1.00005 4 -0.92327 -0.297545 3.96809 2.29002 -2.39187 -0.0307713 1.00005 5 -1.08393 -0.544643 3.8468 3.10207 3.85751e-06 -0.115474 0.00765387 0.000547261 0 0 0 0.00210481 -6.18449e-11 6.16494e-07 0 0 0 6.50331e-16
 1.00007 4 -0.896912 -0.280646 3.73379 -1.84363 1.77859 -0.180111 1.00007 5 -1.08393 -0.544643 3.8468 3.10207 3.85751e-06 -0.115474 0.00766439 -0.00037188 0 0 0 0.00210771 -6.18496e-11 6.16494e-07 0 0 0 1.62995e-15
 1.00007 4 -0.896912 -0.280646 3.73379 -1.84363 1.77859 -0.180111 1.00007 5 -1.08393 -0.544643 3.8468 3.10207 3.85751e-06 -0.115474 0.00766439 -0.00037188 0 0 0 0.00210771 -6.18496e-11 6.16494e-07 0 0 0 1.62995e-15
 1.00007 4 -0.91253 -0.279616 3.67601 2.21886 -1.89425 0.0362574 1.00007 5 -1.08393 -0.544643 3.8468 3.10207 3.85751e-06 -0.115474 0.00756407 -0.00129074 0 0 0 0.00208012 -6.18507e-11 6.16494e-07 0 0 0 6.31288e-15
 1.00007 4 -0.91253 -0.279616 3.67601 2.21886 -1.89425 0.0362574 1.00007 5 -1.08393 -0.544643 3.8468 3.10207 3.85751e-06 -0.115474 0.00756407 -0.00129074 0 0 0 0.00208012 -6.18507e-11 6.16494e-07 0 0 0 6.31288e-15
 1.00009 4 -0.992675 -0.300183 3.87794 2.48671 -1.90335 0.360828 1.00009 5 -1.08393 -0.544643 3.8468 3.10207 3.85751e-06 -0.115474 0.00735779 -0.00217809 0 0 0 0.00202339 -6.1845e-11 6.16494e-07 0 0 0 2.27109e-16
 1.00009 4 -0.992675 -0.300183 3.87794 2.48671 -1.90335 0.360828 1.00009 5 -1.08393 -0.544643 3.8468 3.10207 3.85751e-06 -0.115474 0.00735779 -0.00217809 0 0 0 0.00202339 -6.1845e-11 6.16494e-07 0 0 0 2.27109e-16
 1.00012 4 -0.981904 -0.297644 3.85663 -2.17183 1.7431 -0.494835 1.00012 5 -1.08393 -0.544643 3.8468 3.10207 3.85751e-06 -0.115474 5.64274e-05 -0.000130161 0 0 0 1.55175e-05 5.26643e-09 8.79646e-08 0 0 0 2.3033e-09
 1.00012 4 -0.981904 -0.297644 3.85663 -2.17183 1.7431 -0.494835 1.00012 5 -1.08393 -0.544643 3.8468 3.10207 3.85751e-06 -0.115474 5.64274e-05 -0.000130161 0 0 0 1.55175e-05 5.26643e-09 8.79646e-08 0 0 0 2.3033e-09
 1.00007 4 -0.953692 -0.289112 3.8141 -2.00902 1.61525 -0.252249 1.00007 5 -1.08393 -0.544643 3.8468 3.10207 3.85751e-06 -0.115474 0.00270417 -0.000517496 0 0 0 0.000743647 2.51246e-11 2.212e-07 0 0 0 2.7363e-15
 1.00007 4 -0.953692 -0.289112 3.8141 -2.00902 1.61525 -0.252249 1.00007 5 -1.08393 -0.544643 3.8468 3.10207 3.85751e-06 -0.115474 0.00270417 -0.000517496 0 0 0 0.000743647 2.51246e-11 2.212e-07 0 0 0 2.7363e-15
 1.0001 4 -0.903961 -0.277272 3.67861 2.21705 -1.97409 -0.262607 1.0001 5 -1.08393 -0.544643 3.8468 3.10207 3.85751e-06 -0.115474 0.00273341 -0.000329844 0 0 0 0.000751688 2.51277e-11 2.212e-07 0 0 0 1.06981e-15
 1.0001 4 -0.903961 -0.277272 3.67861 2.21705 -1.97409 -0.262607 1.0001 5 -1.08393 -0.544643 3.8468 3.10207 3.85751e-06 -0.115474 0.00273341 -0.000329844 0 0 0 0.000751688 2.51277e-11 2.212e-07 0 0 0 1.06981e-15
 1.00007 4 -0.917816 -0.286373 3.80954 2.2467 -2.0916 -0.0648171 1.00007 5 -1.08393 -0.544643 3.8468 3.10207 3.85751e-06 -0.115474 0.00274992 -0.000135114 0 0 0 0.000756229 2.51227e-11 2.212e-07 0 0 0 2.02721e-16
 1.00007 4 -0.917816 -0.286373 3.80954 2.2467 -2.0916 -0.0648171 1.00007 5 -1.08393 -0.544643 3.8468 3.10207 3.85751e-06 -0.115474 0.00274992 -0.000135114 0 0 0 0.000756229 2.51227e-11 2.212e-07 0 0 0 2.02721e-16
 1.00011 4 -0.936248 -0.297575 3.96931 -2.01906 2.0068 -0.369386 1.00011 5 -1.08393 -0.544643 3.8468 3.10207 3.85751e-06 -0.115474 0.00275258 6.02972e-05 0 0 0 0.00075696 2.51165e-11 2.212e-07 0 0 0 -1.2037e-15
 1.00011 4 -0.936248 -0.297575 3.96931 -2.01906 2.0068 -0.369386 1.00011 5 -1.08393 -0.544643 3.8468 3.10207 3.85751e-06 -0.115474 0.00275258 6.02972e-05 0 0 0 0.00075696 2.51165e-11 2.212e-07 0 0 0 -1.2037e-15
 1.00005 4 -0.852423 -0.276367 3.68522 2.06383 -2.29255 -0.264986 1.00005 5 -1.08393 -0.544643 3.8468 3.10207 3.85751e-06 -0.115474 0.00274139 0.000255185 0 0 0 0.000753882 2.5117e-11 2.212e-07 0 0 0 -1.39565e-15
 1.00005 4 -0.852423 -0.276367 3.68522 2.06383 -2.29255 -0.264986 1.00005 5 -1.08393 -0.544643 3.8468 3.10207 3.85751e-06 -0.115474 0.00274139 0.000255185 0 0 0 0.000753882 2.5117e-11 2.212e-07 0 0 0 -1.39565e-15
 1.00013 4 -0.883115 -0.295584 3.89138 1.96133 -2.35809 -0.0431285 1.00013 5 -1.08393 -0.544643 3.8468 3.10207 3.85751e-06 -0.115474 0.00271685 0.000446177 0 0 0 0.000747133 2.51217e-11 2.212e-07 0 0 0 4.81873e-15
 1.00013 4 -0.883115 -0.295584 3.89138 1.96133 -2.35809 -0.0431285 1.00013 5 -1.08393 -0.544643 3.8468 3.10207 3.85751e-06 -0.115474 0.00271685 0.000446177 0 0 0 0.000747133 2.51217e-11 2.212e-07 0 0 0 4.81873e-15
