 1.00005 4 -0.947031 -0.371264 3.76552 2.49377 -1.79671 -0.071475 1.00005 5 -1.08393 -0.544643 3.8468 3.10207 3.85751e-06 -0.115474 2.0154e-33 6.19492e-33 0 0 0 5.54236e-34 -3.14269e-37 4.30893e-42 0 0 0 -8.94656e-38
 1.00005 4 -0.947031 -0.371264 3.76552 2.49377 -1.79671 -0.071475 1.00005 5 -1.08393 -0.544643 3.8468 3.10207 3.85751e-06 -0.115474 2.0154e-33 6.19492e-33 0 0 0 5.54236e-34 -3.14269e-37 4.30893e-42 0 0 0 -8.94656e-38
 1.00011 4 -0.947031 -0.371264 3.76552 2.49377 -1.79671 -0.071475 1.00011 5 -1.08393 -0.544643 3.8468 3.10207 3.85751e-06 -0.115474 2.0154e-33 6.19492e-33 0 0 0 5.54236e-34 -3.14269e-37 4.30893e-42 0 0 0 -8.94656e-38
 1.00011 4 -0.947031 -0.371264 3.76552 2.49377 -1.79671 -0.071475 1.00011 5 -1.08393 -0.544643 3.8468 3.10207 3.85751e-06 -0.115474 2.0154e-33 6.19492e-33 0 0 0 5.54236e-34 -3.14269e-37 4.30893e-42 0 0 0 -8.94656e-38
 1.00005 4 -0.947031 -0.371264 3.76552 2.49377 -1.79671 -0.071475 1.00005 5 -1.08393 -0.544643 3.8468 3.10207 3.85751e-06 -0.115474 2.0154e-33 6.19492e-33 0 0 0 5.54236e-34 -3.14269e-37 4.30893e-42 0 0 0 -8.94656e-38
 1.00005 4 -0.947031 -0.371264 3.76552 2.49377 -1.79671 -0.071475 1.00005 5 -1.08393 -0.544643 3.8468 3.10207 3.85751e-06 -0.115474 2.0154e-33 6.19492e-33 0 0 0 5.54236e-34 -3.14269e-37 4.30893e-42 0 0 0 -8.94656e-38
 1.00007 4 -0.947031 -0.371264 3.76552 2.49377 -1.79671 -0.071475 1.00007 5 -1.08393 -0.544643 3.8468 3.10207 3.85751e-06 -0.115474 2.0154e-33 6.19492e-33 0 0 0 5.54236e-34 -3.14269e-37 4.30893e-42 0 0 0 -8.94656e-38
 1.00007 4 -0.947031 -0.371264 3.76552 2.49377 -1.79671 -0.071475 1.00007 5 -1.08393 -0.544643 3.8468 3.10207 3.85751e-06 -0.115474 2.0154e-33 6.19492e-33 0 0 0 5.54236e-34 -3.14269e-37 4.30893e-42 0 0 0 -8.94656e-38
 1.00012 4 -0.947031 -0.371264 3.76552 2.49377 -1.79671 -0.071475 1.00012 5 -1.08393 -0.544643 3.8468 3.10207 3.85751e-06 -0.115474 2.0154e-33 6.19492e-33 0 0 0 5.54236e-34 -3.14269e-37 4.30893e-42 0 0 0 -8.94656e-38
 1.00012 4 -0.947031 -0.371264 3.76552 2.49377 -1.79671 -0.071475 1.00012 5 -1.08393 -0.544643 3.8468 3.10207 3.85751e-06 -0.115474 2.0154e-33 6.19492e-33 0 0 0 5.54236e-34 -3.14269e-37 4.30893e-42 0 0 0 -8.94656e-38
 1.00034 4 -0.947031 -0.371264 3.76552 2.49377 -1.79671 -0.071475 1.00034 5 -1.08393 -0.544643 3.8468 3.10207 3.85751e-06 -0.115474 2.0154e-33 6.19492e-33 0 0 0 5.54236e-34 -3.14269e-37 4.30893e-42 0 0 0 -8.94656e-38
 1.00034 4 -0.947031 -0.371264 3.76552 2.49377 -1.79671 -0.071475 1.00034 5 -1.08393 -0.544643 3.8468 3.10207 3.85751e-06 -0.115474 2.0154e-33 6.19492e-33 0 0 0 5.54236e-34 -3.14269e-37 4.30893e-42 0 0 0 -8.94656e-38
 1.00015 4 -0.947031 -0.371264 3.76552 2.49377 -1.79671 -0.071475 1.00015 5 -1.08393 -0.544643 3.8468 3.10207 3.85751e-06 -0.115474 2.0154e-33 6.19492e-33 0 0 0 5.54236e-34 -3.14269e-37 4.30893e-42 0 0 0 -8.94656e-38
 1.00015 4 -0.947031 -0.371264 3.76552 2.49377 -1.79671 -0.071475 1.00015 5 -1.08393 -0.544643 3.8468 3.10207 3.85751e-06 -0.115474 2.0154e-33 6.19492e-33 0 0 0 5.54236e-34 -3.14269e-37 4.30893e-42 0 0 0 -8.94656e-38
 1.00002 4 -0.947031 -0.371264 3.76552 2.49377 -1.79671 -0.071475 1.00002 5 -1.08393 -0.544643 3.8468 3.10207 3.85751e-06 -0.115474 2.0154e-33 6.19492e-33 0 0 0 5.54236e-34 -3.14269e-37 4.30893e-42 0 0 0 -8.94656e-38
 1.00002 4 -0.947031 -0.371264 3.76552 2.49377 -1.79671 -0.071475 1.00002 5 -1.08393 -0.544643 3.8468 3.10207 3.85751e-06 -0.115474 2.0154e-33 6.19492e-33 0 0 0 5.54236e-34 -3.14269e-37 4.30893e-42 0 0 0 -8.94656e-38
 1.00077 4 -0.947031 -0.371264 3.76552 2.49377 -1.79671 -0.071475 1.00077 5 -1.08393 -0.544643 3.8468 3.10207 3.85751e-06 -0.115474 2.0154e-33 6.19492e-33 0 0 0 5.54236e-34 -3.14269e-37 4.30893e-42 0 0 0 -8.94656e-38
 1.00077 4 -0.947031 -0.371264 3.76552 2.49377 -1.79671 -0.071475 1.00077 5 -1.08393 -0.544643 3.8468 3.10207 3.85751e-06 -0.115474 2.0154e-33 6.19492e-33 0 0 0 5.54236e-34 -3.14269e-37 4.30893e-42 0 0 0 -8.94656e-38
 1.00007 4 -0.947031 -0.371264 3.76552 2.49377 -1.79671 -0.071475 1.00007 5 -1.08393 -0.544643 3.8468 3.10207 3.85751e-06 -0.115474 2.0154e-33 6.19492e-33 0 0 0 5.54236e-34 -3.14269e-37 4.30893e-42 0 0 0 -8.94656e-38
 1.00007 4 -0.947031 -0.371264 3.76552 2.49377 -1.79671 -0.071475 1.00007 5 -1.08393 -0.544643 3.8468 3.10207 3.85751e-06 -0.115474 2.0154e-33 6.19492e-33 0 0 0 5.54236e-34 -3.14269e-37 4.30893e-42 0 0 0 -8.94656e-38
 1.00007 4 -0.947031 -0.371264 3.76552 2.49377 -1.79671 -0.071475 1.00007 5 -1.08393 -0.544643 3.8468 3.10207 3.85751e-06 -0.115474 2.0154e-33 6.19492e-33 0 0 0 5.54236e-34 -3.14269e-37 4.30893e-42 0 0 0 -8.94656e-38
 1.00007 4 -0.947031 -0.371264 3.76552 2.49377 -1.79671 -0.071475 1.00007 5 -1.08393 -0.544643 3.8468 3.10207 3.85751e-06 -0.115474 2.0154e-33 6.19492e-33 0 0 0 5.54236e-34 -3.14269e-37 4.30893e-42 0 0 0 -8.94656e-38
 1.00011 4 -0.947031 -0.371264 3.76552 2.49377 -1.79671 -0.071475 1.00011 5 -1.08393 -0.544643 3.8468 3.10207 3.85751e-06 -0.115474 2.0154e-33 6.19492e-33 0 0 0 5.54236e-34 -3.14269e-37 4.30893e-42 0 0 0 -8.94656e-38
 1.00011 4 -0.947031 -0.371264 3.76552 2.49377 -1.79671 -0.071475 1.00011 5 -1.08393 -0.544643 3.8468 3.10207 3.85751e-06 -0.115474 2.0154e-33 6.19492e-33 0 0 0 5.54236e-34 -3.14269e-37 4.30893e-42 0 0 0 -8.94656e-38
 1.00062 4 -0.947031 -0.371264 3.76552 2.49377 -1.79671 -0.071475 1.00062 5 -1.08393 -0.544643 3.8468 3.10207 3.85751e-06 -0.115474 2.0154e-33 6.19492e-33 0 0 0 5.54236e-34 -3.14269e-37 4.30893e-42 0 0 0 -8.94656e-38
 1.00062 4 -0.947031 -0.371264 3.76552 2.49377 -1.79671 -0.071475 1.00062 5 -1.08393 -0.544643 3.8468 3.10207 3.85751e-06 -0.115474 2.0154e-33 6.19492e-33 0 0 0 5.54236e-34 -3.14269e-37 4.30893e-42 0 0 0 -8.94656e-38
 1.00084 4 -0.996766 -0.300719 3.86287 -2.48994 1.72103 0.106955 1.00084 5 -1.08393 -0.544643 3.8468 3.10207 3.85751e-06 -0.115474 6.31049 -32.8288 0 0 0 25.33 47.5382 15.4983 0 0 0 0.00203317
 1.00084 4 -0.996766 -0.300719 3.86287 -2.48994 1.72103 0.106955 1.00084 5 -1.08393 -0.544643 3.8468 3.10207 3.85751e-06 -0.115474 6.31049 -32.8288 0 0 0 25.33 47.5382 15.4983 0 0 0 0.00203317
 1.00016 4 -0.947214 -0.28656 3.68044 2.38341 -1.76926 -0.252934 1.00016 5 -1.08393 -0.544643 3.8468 3.10207 3.85751e-06 -0.115474 0.000130958 0.000336412 0 0 0 3.60135e-05 -1.70064e-08 2.4423e-08 0 0 0 -7.43505e-09
 1.00016 4 -0.947214 -0.28656 3.68044 2.38341 -1.76926 -0.252934 1.00016 5 -1.08393 -0.544643 3.8468 3.10207 3.85751e-06 -0.115474 0.000130958 0.000336412 0 0 0 3.60135e-05 -1.70064e-08 2.4423e-08 0 0 0 -7.43505e-09
 1.00005 4 -0.992568 -0.303766 3.87761 2.48601 -1.90291 0.358938 1.00005 5 -1.08393 -0.544643 3.8468 3.10207 3.85751e-06 -0.115474 0.000115841 0.000311815 0 0 0 3.18562e-05 -1.57213e-08 2.44632e-08 0 0 0 -6.83512e-09
 1.00005 4 -0.992568 -0.303766 3.87761 2.48601 -1.90291 0.358938 1.00005 5 -1.08393 -0.544643 3.8468 3.10207 3.85751e-06 -0.115474 0.000115841 0.000311815 0 0 0 3.18562e-05 -1.57213e-08 2.44632e-08 0 0 0 -6.83512e-09
 1.00007 4 -0.935873 -0.288075 3.69872 -2.5472 1.91614 0.276842 1.00007 5 -1.08393 -0.544643 3.8468 3.10207 3.85751e-06 -0.115474 9.17227e-05 0.00026689 0 0 0 2.52238e-05 -1.33071e-08 2.45295e-08 0 0 0 -5.73223e-09
 1.00007 4 -0.935873 -0.288075 3.69872 -2.5472 1.91614 0.276842 1.00007 5 -1.08393 -0.544643 3.8468 3.10207 3.85751e-06 -0.115474 9.17227e-05 0.00026689 0 0 0 2.52238e-05 -1.33071e-08 2.45295e-08 0 0 0 -5.73223e-09
 1.00009 4 -0.967574 -0.301259 3.85574 -2.17796 1.74791 -0.485259 1.00009 5 -1.08393 -0.544643 3.8468 3.10207 3.85751e-06 -0.115474 7.201e-05 0.000222641 0 0 0 1.98027e-05 -1.09913e-08 2.45821e-08 0 0 0 -4.69964e-09
 1.00009 4 -0.967574 -0.301259 3.85574 -2.17796 1.74791 -0.485259 1.00009 5 -1.08393 -0.544643 3.8468 3.10207 3.85751e-06 -0.115474 7.201e-05 0.000222641 0 0 0 1.98027e-05 -1.09913e-08 2.45821e-08 0 0 0 -4.69964e-09
 1.00005 4 -0.974828 -0.306041 3.92735 2.3987 -1.97608 0.36195 1.00005 5 -1.08393 -0.544643 3.8468 3.10207 3.85751e-06 -0.115474 5.43187e-05 0.000173158 0 0 0 1.49376e-05 -8.51505e-09 2.46269e-08 0 0 0 -3.61784e-09
 1.00005 4 -0.974828 -0.306041 3.92735 2.3987 -1.97608 0.36195 1.00005 5 -1.08393 -0.544643 3.8468 3.10207 3.85751e-06 -0.115474 5.43187e-05 0.000173158 0 0 0 1.49376e-05 -8.51505e-09 2.46269e-08 0 0 0 -3.61784e-09
 1.00007 4 -0.924448 -0.293221 3.76276 2.81243 -2.38149 0.666604 1.00007 5 -1.08393 -0.544643 3.8468 3.10207 3.85751e-06 -0.115474 4.09092e-05 0.000123676 0 0 0 1.125e-05 -6.05786e-09 2.46599e-08 0 0 0 -2.56198e-09
 1.00007 4 -0.924448 -0.293221 3.76276 2.81243 -2.38149 0.666604 1.00007 5 -1.08393 -0.544643 3.8468 3.10207 3.85751e-06 -0.115474 4.09092e-05 0.000123676 0 0 0 1.125e-05 -6.05786e-09 2.46599e-08 0 0 0 -2.56198e-09
 1.00007 4 -0.929773 -0.295675 3.81592 2.25095 -2.0959 -0.0567581 1.00007 5 -1.08393 -0.544643 3.8468 3.10207 3.85751e-06 -0.115474 3.15721e-05 7.43294e-05 0 0 0 8.68232e-06 -3.6401e-09 2.46813e-08 0 0 0 -1.53518e-09
 1.00007 4 -0.929773 -0.295675 3.81592 2.25095 -2.0959 -0.0567581 1.00007 5 -1.08393 -0.544643 3.8468 3.10207 3.85751e-06 -0.115474 3.15721e-05 7.43294e-05 0 0 0 8.68232e-06 -3.6401e-09 2.46813e-08 0 0 0 -1.53518e-09
 1.00007 4 -0.919085 -0.295675 3.81504 2.2511 -2.09604 -0.0561519 1.00007 5 -1.08393 -0.544643 3.8468 3.10207 3.85751e-06 -0.115474 2.61428e-05 2.53867e-05 0 0 0 7.18929e-06 -1.23646e-09 2.4692e-08 0 0 0 -5.21524e-10
 1.00007 4 -0.919085 -0.295675 3.81504 2.2511 -2.09604 -0.0561519 1.00007 5 -1.08393 -0.544643 3.8468 3.10207 3.85751e-06 -0.115474 2.61428e-05 2.53867e-05 0 0 0 7.18929e-06 -1.23646e-09 2.4692e-08 0 0 0 -5.21524e-10
 1.00004 4 -0.881361 -0.28574 3.69753 -1.78736 1.7421 -0.536332 1.00004 5 -1.08393 -0.544643 3.8468 3.10207 3.85751e-06 -0.115474 2.44504e-05 -2.49582e-05 0 0 0 6.72386e-06 1.17046e-09 2.46921e-08 0 0 0 4.91115e-10
 1.00004 4 -0.881361 -0.28574 3.69753 -1.78736 1.7421 -0.536332 1.00004 5 -1.08393 -0.544643 3.8468 3.10207 3.85751e-06 -0.115474 2.44504e-05 -2.49582e-05 0 0 0 6.72386e-06 1.17046e-09 2.46921e-08 0 0 0 4.91115e-10
 1.00008 4 -0.864079 -0.283181 3.66321 2.06896 -2.10921 -0.113476 1.00008 5 -1.08393 -0.544643 3.8468 3.10207 3.85751e-06 -0.115474 2.67782e-05 -7.65285e-05 0 0 0 7.36399e-06 3.66233e-09 2.4681e-08 0 0 0 1.54195e-09
 1.00008 4 -0.864079 -0.283181 3.66321 2.06896 -2.10921 -0.113476 1.00008 5 -1.08393 -0.544643 3.8468 3.10207 3.85751e-06 -0.115474 2.67782e-05 -7.65285e-05 0 0 0 7.36399e-06 3.66233e-09 2.4681e-08 0 0 0 1.54195e-09
 1.00009 4 -0.890589 -0.295675 3.81274 2.09491 -2.24987 -0.047227 1.00009 5 -1.08393 -0.544643 3.8468 3.10207 3.85751e-06 -0.115474 3.29186e-05 -0.000126095 0 0 0 9.05263e-06 6.09343e-09 2.46591e-08 0 0 0 2.5745e-09
 1.00009 4 -0.890589 -0.295675 3.81274 2.09491 -2.24987 -0.047227 1.00009 5 -1.08393 -0.544643 3.8468 3.10207 3.85751e-06 -0.115474 3.29186e-05 -0.000126095 0 0 0 9.05263e-06 6.09343e-09 2.46591e-08 0 0 0 2.5745e-09
 1.00015 4 -0.869503 -0.290128 3.76297 1.94995 -2.21488 -0.112382 1.00015 5 -1.08393 -0.544643 3.8468 3.10207 3.85751e-06 -0.115474 4.32838e-05 -0.000176929 0 0 0 1.19031e-05 8.55323e-09 2.46258e-08 0 0 0 3.63168e-09
 1.00015 4 -0.869503 -0.290128 3.76297 1.94995 -2.21488 -0.112382 1.00015 5 -1.08393 -0.544643 3.8468 3.10207 3.85751e-06 -0.115474 4.32838e-05 -0.000176929 0 0 0 1.19031e-05 8.55323e-09 2.46258e-08 0 0 0 3.63168e-09
 1.00009 4 -0.86444 -0.291682 3.78244 2.01392 -2.32206 -0.0426163 1.00009 5 -1.08393 -0.544643 3.8468 3.10207 3.85751e-06 -0.115474 5.73495e-05 -0.000225994 0 0 0 1.57711e-05 1.09842e-08 2.45816e-08 0 0 0 4.69377e-09
 1.00009 4 -0.86444 -0.291682 3.78244 2.01392 -2.32206 -0.0426163 1.00009 5 -1.08393 -0.544643 3.8468 3.10207 3.85751e-06 -0.115474 5.73495e-05 -0.000225994 0 0 0 1.57711e-05 1.09842e-08 2.45816e-08 0 0 0 4.69377e-09
 1.00012 4 -0.853833 -0.291682 3.7816 2.0141 -2.32226 -0.0420038 1.00012 5 -1.08393 -0.544643 3.8468 3.10207 3.85751e-06 -0.115474 7.45388e-05 -0.000272421 0 0 0 2.04982e-05 1.33239e-08 2.45282e-08 0 0 0 5.737e-09
 1.00012 4 -0.853833 -0.291682 3.7816 2.0141 -2.32226 -0.0420038 1.00012 5 -1.08393 -0.544643 3.8468 3.10207 3.85751e-06 -0.115474 7.45388e-05 -0.000272421 0 0 0 2.04982e-05 1.33239e-08 2.45282e-08 0 0 0 5.737e-09
 1.00011 4 -0.870071 -0.301266 3.89336 -1.86385 2.30348 -0.265736 1.00011 5 -1.08393 -0.544643 3.8468 3.10207 3.85751e-06 -0.115474 9.5978e-05 -0.000319248 0 0 0 2.63939e-05 1.57617e-08 2.4461e-08 0 0 0 6.85101e-09
 1.00011 4 -0.870071 -0.301266 3.89336 -1.86385 2.30348 -0.265736 1.00011 5 -1.08393 -0.544643 3.8468 3.10207 3.85751e-06 -0.115474 9.5978e-05 -0.000319248 0 0 0 2.63939e-05 1.57617e-08 2.4461e-08 0 0 0 6.85101e-09
 1.00013 4 -0.879428 -0.307733 3.98849 -1.75406 2.20184 0.0393661 1.00013 5 -1.08393 -0.544643 3.8468 3.10207 3.85751e-06 -0.115474 1.49677e-05 3.93445e-05 0 0 0 4.11613e-06 -1.61635e-09 2.43981e-08 0 0 0 -7.10249e-10
 1.00013 4 -0.879428 -0.307733 3.98849 -1.75406 2.20184 0.0393661 1.00013 5 -1.08393 -0.544643 3.8468 3.10207 3.85751e-06 -0.115474 1.49677e-05 3.93445e-05 0 0 0 4.11613e-06 -1.61635e-09 2.43981e-08 0 0 0 -7.10249e-10
 1.00007 4 -0.804244 -0.288193 3.68959 1.79959 -2.37097 -0.275335 1.00007 5 -1.08393 -0.544643 3.8468 3.10207 3.85751e-06 -0.115474 2.9019e-05 -1.11486e-05 0 0 0 7.98023e-06 8.78861e-10 2.43997e-08 0 0 0 3.84008e-10
 1.00007 4 -0.804244 -0.288193 3.68959 1.79959 -2.37097 -0.275335 1.00007 5 -1.08393 -0.544643 3.8468 3.10207 3.85751e-06 -0.115474 2.9019e-05 -1.11486e-05 0 0 0 7.98023e-06 8.78861e-10 2.43997e-08 0 0 0 3.84008e-10
 1.00008 4 -0.859571 -0.314207 3.98585 -1.71132 2.5103 -0.276799 1.00008 5 -1.08393 -0.544643 3.8468 3.10207 3.85751e-06 -0.115474 0.000721373 0.000250571 0 0 0 0.000198378 4.64019e-12 6.13531e-08 0 0 0 -1.36299e-15
 1.00008 4 -0.859571 -0.314207 3.98585 -1.71132 2.5103 -0.276799 1.00008 5 -1.08393 -0.544643 3.8468 3.10207 3.85751e-06 -0.115474 0.000721373 0.000250571 0 0 0 0.000198378 4.64019e-12 6.13531e-08 0 0 0 -1.36299e-15
 1.00007 4 -0.828639 -0.309561 3.89219 1.92595 -2.62713 -0.35021 1.00007 5 -1.08393 -0.544643 3.8468 3.10207 3.85751e-06 -0.115474 0.000711315 0.000277843 0 0 0 0.000195612 4.64251e-12 6.13531e-08 0 0 0 3.46071e-15
 1.00007 4 -0.828639 -0.309561 3.89219 1.92595 -2.62713 -0.35021 1.00007 5 -1.08393 -0.544643 3.8468 3.10207 3.85751e-06 -0.115474 0.000711315 0.000277843 0 0 0 0.000195612 4.64251e-12 6.13531e-08 0 0 0 3.46071e-15
 1.00013 4 -0.8042 -0.307575 3.81084 2.10555 -3.09539 0.00483192 1.00013 5 -1.08393 -0.544643 3.8468 3.10207 3.85751e-06 -0.115474 0.000700316 0.000304505 0 0 0 0.000192587 4.64119e-12 6.13531e-08 0 0 0 -5.48793e-15
 1.00013 4 -0.8042 -0.307575 3.81084 2.10555 -3.09539 0.00483192 1.00013 5 -1.08393 -0.544643 3.8468 3.10207 3.85751e-06 -0.115474 0.000700316 0.000304505 0 0 0 0.000192587 4.64119e-12 6.13531e-08 0 0 0 -5.48793e-15
 1.00006 4 -0.741807 -0.321026 3.70611 -1.18803 2.22662 -0.159594 1.00006 5 -1.08393 -0.544643 3.8468 3.10207 3.85751e-06 -0.115474 2.13019 18.9363 0 0 0 0.585803 -15.7961 12.267 0 0 0 -0.000500256
 1.00006 4 -0.741807 -0.321026 3.70611 -1.18803 2.22662 -0.159594 1.00006 5 -1.08393 -0.544643 3.8468 3.10207 3.85751e-06 -0.115474 2.13019 18.9363 0 0 0 0.585803 -15.7961 12.267 0 0 0 -0.000500256
 1.00076 4 -0.735683 -0.365551 3.86347 -1.12435 2.46588 0.273812 1.00076 5 -1.08393 -0.544643 3.8468 3.10207 3.85751e-06 -0.115474 0.0842774 0.0805413 0 0 0 0.0231763 -4.56617e-09 9.36578e-06 0 0 0 1.63399e-12
 1.00076 4 -0.735683 -0.365551 3.86347 -1.12435 2.46588 0.273812 1.00076 5 -1.08393 -0.544643 3.8468 3.10207 3.85751e-06 -0.115474 0.0842774 0.0805413 0 0 0 0.0231763 -4.56617e-09 9.36578e-06 0 0 0 1.63399e-12
 1.00004 4 -0.852852 -0.308791 3.92934 1.82566 -2.47186 -0.031282 1.00004 5 -1.08393 -0.544643 3.8468 3.10207 3.85751e-06 -0.115474 0.111591 0.0337214 0 0 0 0.0306875 -4.57049e-09 9.36581e-06 0 0 0 -2.21998e-13
 1.00004 4 -0.852852 -0.308791 3.92934 1.82566 -2.47186 -0.031282 1.00004 5 -1.08393 -0.544643 3.8468 3.10207 3.85751e-06 -0.115474 0.111591 0.0337214 0 0 0 0.0306875 -4.57049e-09 9.36581e-06 0 0 0 -2.21998e-13
 1.00025 4 -0.962079 -0.294813 3.91167 2.50356 -2.09764 -0.0760497 1.00025 5 -1.08393 -0.544643 3.8468 3.10207 3.85751e-06 -0.115474 0.115234 -0.0176311 0 0 0 0.0316893 -4.56993e-09 9.36581e-06 0 0 0 1.70771e-13
 1.00025 4 -0.962079 -0.294813 3.91167 2.50356 -2.09764 -0.0760497 1.00025 5 -1.08393 -0.544643 3.8468 3.10207 3.85751e-06 -0.115474 0.115234 -0.0176311 0 0 0 0.0316893 -4.56993e-09 9.36581e-06 0 0 0 1.70771e-13
 1.00017 4 -0.936859 -0.288129 3.78838 2.70631 -2.34845 0.578318 1.00017 5 -1.08393 -0.544643 3.8468 3.10207 3.85751e-06 -0.115474 0.0430616 -0.00590149 0 0 0 0.0118419 1.22861e-09 3.49198e-06 0 0 0 2.30228e-14
 1.00017 4 -0.936859 -0.288129 3.78838 2.70631 -2.34845 0.578318 1.00017 5 -1.08393 -0.544643 3.8468 3.10207 3.85751e-06 -0.115474 0.0430616 -0.00590149 0 0 0 0.0118419 1.22861e-09 3.49198e-06 0 0 0 2.30228e-14
 1.00007 4 -0.901415 -0.297692 3.94421 2.21899 -2.49303 -0.0181077 1.00007 5 -1.08393 -0.544643 3.8468 3.10207 3.85751e-06 -0.115474 0.0429401 0.00672876 0 0 0 0.0118085 1.22853e-09 3.49198e-06 0 0 0 -2.44396e-14
 1.00007 4 -0.901415 -0.297692 3.94421 2.21899 -2.49303 -0.0181077 1.00007 5 -1.08393 -0.544643 3.8468 3.10207 3.85751e-06 -0.115474 0.0429401 0.00672876 0 0 0 0.0118085 1.22853e-09 3.49198e-06 0 0 0 -2.44396e-14
 1.00053 4 -0.800579 -0.309378 3.80994 -1.81951 2.76151 -0.157178 1.00053 5 -1.08393 -0.544643 3.8468 3.10207 3.85751e-06 -0.115474 0.0393992 0.0183529 0 0 0 0.0108348 1.22859e-09 3.49198e-06 0 0 0 -7.51423e-15
 1.00053 4 -0.800579 -0.309378 3.80994 -1.81951 2.76151 -0.157178 1.00053 5 -1.08393 -0.544643 3.8468 3.10207 3.85751e-06 -0.115474 0.0393992 0.0183529 0 0 0 0.0108348 1.22859e-09 3.49198e-06 0 0 0 -7.51423e-15
 1.00008 4 -0.712273 -0.338878 3.68229 -1.06746 2.29924 0.125245 1.00008 5 -1.08393 -0.544643 3.8468 3.10207 3.85751e-06 -0.115474 0.0324956 0.0288646 0 0 0 0.00893629 1.22886e-09 3.49198e-06 0 0 0 1.02094e-13
 1.00008 4 -0.712273 -0.338878 3.68229 -1.06746 2.29924 0.125245 1.00008 5 -1.08393 -0.544643 3.8468 3.10207 3.85751e-06 -0.115474 0.0324956 0.0288646 0 0 0 0.00893629 1.22886e-09 3.49198e-06 0 0 0 1.02094e-13
 1.00007 4 -0.708594 -0.354291 3.72536 1.00685 -2.70689 -0.00689613 1.00007 5 -1.08393 -0.544643 3.8468 3.10207 3.85751e-06 -0.115474 0.000279978 0.000355976 0 0 0 7.60527e-05 -2.49889e-09 4.51978e-07 0 0 0 -1.17691e-09
 1.00007 4 -0.708594 -0.354291 3.72536 1.00685 -2.70689 -0.00689613 1.00007 5 -1.08393 -0.544643 3.8468 3.10207 3.85751e-06 -0.115474 0.000279978 0.000355976 0 0 0 7.60527e-05 -2.49889e-09 4.51978e-07 0 0 0 -1.17691e-09
 1.00007 4 -0.772334 -0.341136 3.88512 1.46191 -2.69676 -0.0177784 1.00007 5 -1.08393 -0.544643 3.8468 3.10207 3.85751e-06 -0.115474 0.0115522 0.00817706 0 0 0 0.00317685 -1.68538e-10 1.1371e-06 0 0 0 2.9802e-15
 1.00007 4 -0.772334 -0.341136 3.88512 1.46191 -2.69676 -0.0177784 1.00007 5 -1.08393 -0.544643 3.8468 3.10207 3.85751e-06 -0.115474 0.0115522 0.00817706 0 0 0 0.00317685 -1.68538e-10 1.1371e-06 0 0 0 2.9802e-15
 1.00006 4 -0.807876 -0.317369 3.87446 1.57023 -2.51137 0.138361 1.00006 5 -1.08393 -0.544643 3.8468 3.10207 3.85751e-06 -0.115474 0.0127672 0.00610872 0 0 0 0.00351097 -1.68555e-10 1.1371e-06 0 0 0 3.98397e-18
 1.00006 4 -0.807876 -0.317369 3.87446 1.57023 -2.51137 0.138361 1.00006 5 -1.08393 -0.544643 3.8468 3.10207 3.85751e-06 -0.115474 0.0127672 0.00610872 0 0 0 0.00351097 -1.68555e-10 1.1371e-06 0 0 0 3.98397e-18
 1.00008 4 -0.824155 -0.292994 3.77315 1.78305 -2.45574 0.31915 1.00008 5 -1.08393 -0.544643 3.8468 3.10207 3.85751e-06 -0.115474 0.0135999 0.00391929 0 0 0 0.00373996 -1.68562e-10 1.1371e-06 0 0 0 -1.83184e-15
 1.00008 4 -0.824155 -0.292994 3.77315 1.78305 -2.45574 0.31915 1.00008 5 -1.08393 -0.544643 3.8468 3.10207 3.85751e-06 -0.115474 0.0135999 0.00391929 0 0 0 0.00373996 -1.68562e-10 1.1371e-06 0 0 0 -1.83184e-15
 1.00037 4 -0.845463 -0.27811 3.6849 -1.72006 1.97736 -0.48747 1.00037 5 -1.08393 -0.544643 3.8468 3.10207 3.85751e-06 -0.115474 0.0140553 0.00166336 0 0 0 0.0038652 -1.68563e-10 1.1371e-06 0 0 0 -1.98274e-15
 1.00037 4 -0.845463 -0.27811 3.6849 -1.72006 1.97736 -0.48747 1.00037 5 -1.08393 -0.544643 3.8468 3.10207 3.85751e-06 -0.115474 0.0140553 0.00166336 0 0 0 0.0038652 -1.68563e-10 1.1371e-06 0 0 0 -1.98274e-15
 1.00015 4 -0.892239 -0.279498 3.71746 2.07666 -2.03804 0.031292 1.00015 5 -1.08393 -0.544643 3.8468 3.10207 3.85751e-06 -0.115474 0.0141359 -0.000703324 0 0 0 0.00388736 -1.68556e-10 1.1371e-06 0 0 0 -4.87043e-16
 1.00015 4 -0.892239 -0.279498 3.71746 2.07666 -2.03804 0.031292 1.00015 5 -1.08393 -0.544643 3.8468 3.10207 3.85751e-06 -0.115474 0.0141359 -0.000703324 0 0 0 0.00388736 -1.68556e-10 1.1371e-06 0 0 0 -4.87043e-16
 1.00011 4 -0.96721 -0.293954 3.85411 -2.17898 1.74919 -0.492051 1.00011 5 -1.08393 -0.544643 3.8468 3.10207 3.85751e-06 -0.115474 0.0138246 -0.00303274 0 0 0 0.00380177 -1.6855e-10 1.1371e-06 0 0 0 3.38085e-15
 1.00011 4 -0.96721 -0.293954 3.85411 -2.17898 1.74919 -0.492051 1.00011 5 -1.08393 -0.544643 3.8468 3.10207 3.85751e-06 -0.115474 0.0138246 -0.00303274 0 0 0 0.00380177 -1.6855e-10 1.1371e-06 0 0 0 3.38085e-15
 1.00021 4 -0.947031 -0.371264 3.76552 2.49377 -1.79671 -0.071475 1.00021 5 -1.08393 -0.544643 3.8468 3.10207 3.85751e-06 -0.115474 -101.536 -18.9171 0 0 0 -7.08486 50.0018 -88.881 0 0 0 -0.000720222
 1.00021 4 -0.947031 -0.371264 3.76552 2.49377 -1.79671 -0.071475 1.00021 5 -1.08393 -0.544643 3.8468 3.10207 3.85751e-06 -0.115474 -101.536 -18.9171 0 0 0 -7.08486 50.0018 -88.881 0 0 0 -0.000720222
 1.00014 4 -0.941585 -0.369439 3.7647 -2.1077 1.51943 -0.442419 1.00014 5 -1.08393 -0.544643 3.8468 3.10207 3.85751e-06 -0.115474 1.03613e-05 -1.69618e-05 0 0 0 2.84936e-06 6.38374e-10 1.47994e-08 0 0 0 1.81432e-10
 1.00014 4 -0.941585 -0.369439 3.7647 -2.1077 1.51943 -0.442419 1.00014 5 -1.08393 -0.544643 3.8468 3.10207 3.85751e-06 -0.115474 1.03613e-05 -1.69618e-05 0 0 0 2.84936e-06 6.38374e-10 1.47994e-08 0 0 0 1.81432e-10
 0.999996 4 -0.957522 -0.375305 3.84238 -2.05082 1.58651 -0.409387 0.999996 5 -1.08393 -0.544643 3.8468 3.10207 3.85751e-06 -0.115474 6.38778e-06 -3.3056e-05 0 0 0 1.75664e-06 1.44924e-09 1.47969e-08 0 0 0 4.12994e-10
 0.999996 4 -0.957522 -0.375305 3.84238 -2.05082 1.58651 -0.409387 0.999996 5 -1.08393 -0.544643 3.8468 3.10207 3.85751e-06 -0.115474 6.38778e-06 -3.3056e-05 0 0 0 1.75664e-06 1.44924e-09 1.47969e-08 0 0 0 4.12994e-10
 1.00008 4 -0.972515 -0.382093 3.92024 2.38767 -1.96851 0.33163 1.00008 5 -1.08393 -0.544643 3.8468 3.10207 3.85751e-06 -0.115474 3.33557e-06 -4.96884e-05 0 0 0 9.17286e-07 2.29312e-09 1.47925e-08 0 0 0 6.55175e-10
 1.00008 4 -0.972515 -0.382093 3.92024 2.38767 -1.96851 0.33163 1.00008 5 -1.08393 -0.544643 3.8468 3.10207 3.85751e-06 -0.115474 3.33557e-06 -4.96884e-05 0 0 0 9.17286e-07 2.29312e-09 1.47925e-08 0 0 0 6.55175e-10
 1.00011 4 -0.929616 -0.365882 3.77186 2.73048 -2.27545 0.781948 1.00011 5 -1.08393 -0.544643 3.8468 3.10207 3.85751e-06 -0.115474 1.3682e-06 -6.57278e-05 0 0 0 3.76253e-07 3.08863e-09 1.47864e-08 0 0 0 8.8521e-10
 1.00011 4 -0.929616 -0.365882 3.77186 2.73048 -2.27545 0.781948 1.00011 5 -1.08393 -0.544643 3.8468 3.10207 3.85751e-06 -0.115474 1.3682e-06 -6.57278e-05 0 0 0 3.76253e-07 3.08863e-09 1.47864e-08 0 0 0 8.8521e-10
 1.0001 4 -0.932882 -0.366216 3.80258 -1.98487 1.59641 -0.212396 1.0001 5 -1.08393 -0.544643 3.8468 3.10207 3.85751e-06 -0.115474 3.13415e-07 -8.22448e-05 0 0 0 8.61887e-08 3.90034e-09 1.47782e-08 0 0 0 1.12228e-09
 1.0001 4 -0.932882 -0.366216 3.80258 -1.98487 1.59641 -0.212396 1.0001 5 -1.08393 -0.544643 3.8468 3.10207 3.85751e-06 -0.115474 3.13415e-07 -8.22448e-05 0 0 0 8.61887e-08 3.90034e-09 1.47782e-08 0 0 0 1.12228e-09
 1.00005 4 -0.889243 -0.351429 3.64805 2.28729 -1.89551 -0.255553 1.00005 5 -1.08393 -0.544643 3.8468 3.10207 3.85751e-06 -0.115474 2.38409e-07 -9.94166e-05 0 0 0 6.55627e-08 4.74757e-09 1.47678e-08 0 0 0 1.37295e-09
 1.00005 4 -0.889243 -0.351429 3.64805 2.28729 -1.89551 -0.255553 1.00005 5 -1.08393 -0.544643 3.8468 3.10207 3.85751e-06 -0.115474 2.38409e-07 -9.94166e-05 0 0 0 6.55627e-08 4.74757e-09 1.47678e-08 0 0 0 1.37295e-09
 1.00016 4 -0.927044 -0.365095 3.81742 -2.403 2.07931 0.273759 1.00016 5 -1.08393 -0.544643 3.8468 3.10207 3.85751e-06 -0.115474 1.13657e-06 -0.000115955 0 0 0 3.12557e-07 5.5423e-09 1.4756e-08 0 0 0 1.61168e-09
 1.00016 4 -0.927044 -0.365095 3.81742 -2.403 2.07931 0.273759 1.00016 5 -1.08393 -0.544643 3.8468 3.10207 3.85751e-06 -0.115474 1.13657e-06 -0.000115955 0 0 0 3.12557e-07 5.5423e-09 1.4756e-08 0 0 0 1.61168e-09
 1.00004 4 -0.89447 -0.353143 3.70118 -1.89304 1.76326 -0.523974 1.00004 5 -1.08393 -0.544643 3.8468 3.10207 3.85751e-06 -0.115474 3.07343e-06 -0.000133151 0 0 0 8.45196e-07 6.37658e-09 1.47417e-08 0 0 0 1.86671e-09
 1.00004 4 -0.89447 -0.353143 3.70118 -1.89304 1.76326 -0.523974 1.00004 5 -1.08393 -0.544643 3.8468 3.10207 3.85751e-06 -0.115474 3.07343e-06 -0.000133151 0 0 0 8.45196e-07 6.37658e-09 1.47417e-08 0 0 0 1.86671e-09
 1.00007 4 -0.951836 -0.376855 3.96837 -2.0679 1.90341 -0.316529 1.00007 5 -1.08393 -0.544643 3.8468 3.10207 3.85751e-06 -0.115474 5.96598e-06 -0.000150006 0 0 0 1.64065e-06 7.19501e-09 1.47256e-08 0 0 0 2.12193e-09
 1.00007 4 -0.951836 -0.376855 3.96837 -2.0679 1.90341 -0.316529 1.00007 5 -1.08393 -0.544643 3.8468 3.10207 3.85751e-06 -0.115474 5.96598e-06 -0.000150006 0 0 0 1.64065e-06 7.19501e-09 1.47256e-08 0 0 0 2.12193e-09
 1.00007 4 -0.88672 -0.351367 3.71779 2.21842 -2.14184 -0.258385 1.00007 5 -1.08393 -0.544643 3.8468 3.10207 3.85751e-06 -0.115474 9.93429e-06 -0.000167176 0 0 0 2.73193e-06 8.03148e-09 1.47071e-08 0 0 0 2.3886e-09
 1.00007 4 -0.88672 -0.351367 3.71779 2.21842 -2.14184 -0.258385 1.00007 5 -1.08393 -0.544643 3.8468 3.10207 3.85751e-06 -0.115474 9.93429e-06 -0.000167176 0 0 0 2.73193e-06 8.03148e-09 1.47071e-08 0 0 0 2.3886e-09
 1.00007 4 -0.908816 -0.360632 3.82515 2.34678 -2.20267 -0.310581 1.00007 5 -1.08393 -0.544643 3.8468 3.10207 3.85751e-06 -0.115474 1.49373e-05 -0.0001843 0 0 0 4.10775e-06 8.87059e-09 1.46863e-08 0 0 0 2.66273e-09
 1.00007 4 -0.908816 -0.360632 3.82515 2.34678 -2.20267 -0.310581 1.00007 5 -1.08393 -0.544643 3.8468 3.10207 3.85751e-06 -0.115474 1.49373e-05 -0.0001843 0 0 0 4.10775e-06 8.87059e-09 1.46863e-08 0 0 0 2.66273e-09
 1.00006 4 -0.963708 -0.293181 3.79886 -1.99354 1.49748 -0.48989 1.00006 5 -1.08393 -0.544643 3.8468 3.10207 3.85751e-06 -0.115474 100.218 -20.534 0 0 0 27.5599 -3.37315 101.925 0 0 0 -0.000109606
 1.00006 4 -0.963708 -0.293181 3.79886 -1.99354 1.49748 -0.48989 1.00006 5 -1.08393 -0.544643 3.8468 3.10207 3.85751e-06 -0.115474 100.218 -20.534 0 0 0 27.5599 -3.37315 101.925 0 0 0 -0.000109606
 1.00041 4 -0.895703 -0.278163 3.68969 2.28358 -2.05925 -0.264659 1.00041 5 -1.08393 -0.544643 3.8468 3.10207 3.85751e-06 -0.115474 5.30905e-05 -0.000285475 0 0 0 1.45999e-05 1.32539e-08 7.60893e-08 0 0 0 5.79015e-09
 1.00041 4 -0.895703 -0.278163 3.68969 2.28358 -2.05925 -0.264659 1.00041 5 -1.08393 -0.544643 3.8468 3.10207 3.85751e-06 -0.115474 5.30905e-05 -0.000285475 0 0 0 1.45999e-05 1.32539e-08 7.60893e-08 0 0 0 5.79015e-09
 1.00036 4 -0.935146 -0.288145 3.78807 2.32448 -2.01601 -0.0614789 1.00036 5 -1.08393 -0.544643 3.8468 3.10207 3.85751e-06 -0.115474 7.56947e-05 -1.05815e-05 0 0 0 2.08161e-05 -3.55718e-11 7.61409e-08 0 0 0 -1.58173e-11
 1.00036 4 -0.935146 -0.288145 3.78807 2.32448 -2.01601 -0.0614789 1.00036 5 -1.08393 -0.544643 3.8468 3.10207 3.85751e-06 -0.115474 7.56947e-05 -1.05815e-05 0 0 0 2.08161e-05 -3.55718e-11 7.61409e-08 0 0 0 -1.58173e-11
 1.00003 4 -0.942878 -0.286356 3.74322 2.39356 -1.93499 -0.0658352 1.00003 5 -1.08393 -0.544643 3.8468 3.10207 3.85751e-06 -0.115474 0.000136333 0.000263866 0 0 0 3.74915e-05 -1.35775e-08 7.60846e-08 0 0 0 -5.93284e-09
 1.00003 4 -0.942878 -0.286356 3.74322 2.39356 -1.93499 -0.0658352 1.00003 5 -1.08393 -0.544643 3.8468 3.10207 3.85751e-06 -0.115474 0.000136333 0.000263866 0 0 0 3.74915e-05 -1.35775e-08 7.60846e-08 0 0 0 -5.93284e-09
 1.0001 4 -0.982451 -0.298228 3.84127 2.43327 -1.88207 -0.0761054 1.0001 5 -1.08393 -0.544643 3.8468 3.10207 3.85751e-06 -0.115474 5.44424e-05 -5.42902e-05 0 0 0 1.32137e-05 1.67611e-09 7.56525e-08 0 0 0 7.54788e-10
 1.0001 4 -0.982451 -0.298228 3.84127 2.43327 -1.88207 -0.0761054 1.0001 5 -1.08393 -0.544643 3.8468 3.10207 3.85751e-06 -0.115474 5.44424e-05 -5.42902e-05 0 0 0 1.32137e-05 1.67611e-09 7.56525e-08 0 0 0 7.54788e-10
 1.00012 4 -0.949645 -0.288066 3.69976 -2.54756 1.91641 0.275625 1.00012 5 -1.08393 -0.544643 3.8468 3.10207 3.85751e-06 -0.115474 3.23999e-05 1.35148e-05 0 0 0 8.90997e-06 -1.05348e-09 2.69741e-08 0 0 0 -4.63376e-10
 1.00012 4 -0.949645 -0.288066 3.69976 -2.54756 1.91641 0.275625 1.00012 5 -1.08393 -0.544643 3.8468 3.10207 3.85751e-06 -0.115474 3.23999e-05 1.35148e-05 0 0 0 8.90997e-06 -1.05348e-09 2.69741e-08 0 0 0 -4.63376e-10
 1.00009 4 -0.98488 -0.300012 3.87512 2.48448 -1.90209 0.362942 1.00009 5 -1.08393 -0.544643 3.8468 3.10207 3.85751e-06 -0.115474 1.65641e-05 -4.38815e-05 0 0 0 4.55514e-06 1.81506e-09 2.69722e-08 0 0 0 7.94414e-10
 1.00009 4 -0.98488 -0.300012 3.87512 2.48448 -1.90209 0.362942 1.00009 5 -1.08393 -0.544643 3.8468 3.10207 3.85751e-06 -0.115474 1.65641e-05 -4.38815e-05 0 0 0 4.55514e-06 1.81506e-09 2.69722e-08 0 0 0 7.94414e-10
 1.00006 4 -0.971075 -0.2958 3.85526 2.56561 -2.00041 -0.0853061 1.00006 5 -1.08393 -0.544643 3.8468 3.10207 3.85751e-06 -0.115474 0.000824859 -0.000179609 0 0 0 0.000226836 5.27402e-12 6.78233e-08 0 0 0 6.12043e-16
 1.00006 4 -0.971075 -0.2958 3.85526 2.56561 -2.00041 -0.0853061 1.00006 5 -1.08393 -0.544643 3.8468 3.10207 3.85751e-06 -0.115474 0.000824859 -0.000179609 0 0 0 0.000226836 5.27402e-12 6.78233e-08 0 0 0 6.12043e-16
 1.00015 4 -0.978971 -0.298857 3.92939 2.40073 -1.97745 0.364458 1.00015 5 -1.08393 -0.544643 3.8468 3.10207 3.85751e-06 -0.115474 0.000831242 -0.000147272 0 0 0 0.000228591 5.27425e-12 6.78233e-08 0 0 0 9.29804e-16
 1.00015 4 -0.978971 -0.298857 3.92939 2.40073 -1.97745 0.364458 1.00015 5 -1.08393 -0.544643 3.8468 3.10207 3.85751e-06 -0.115474 0.000831242 -0.000147272 0 0 0 0.000228591 5.27425e-12 6.78233e-08 0 0 0 9.29804e-16
 1.00004 4 -0.950402 -0.291973 3.84988 2.23504 -2.00776 0.138454 1.00004 5 -1.08393 -0.544643 3.8468 3.10207 3.85751e-06 -0.115474 0.000836316 -0.000115008 0 0 0 0.000229987 5.27536e-12 6.78233e-08 0 0 0 1.18763e-15
 1.00004 4 -0.950402 -0.291973 3.84988 2.23504 -2.00776 0.138454 1.00004 5 -1.08393 -0.544643 3.8468 3.10207 3.85751e-06 -0.115474 0.000836316 -0.000115008 0 0 0 0.000229987 5.27536e-12 6.78233e-08 0 0 0 1.18763e-15
 1.00013 4 -0.928077 -0.285951 3.8051 -2.40488 2.08401 0.281617 1.00013 5 -1.08393 -0.544643 3.8468 3.10207 3.85751e-06 -0.115474 0.000840234 -8.16026e-05 0 0 0 0.000231064 5.28044e-12 6.78233e-08 0 0 0 3.68612e-15
 1.00013 4 -0.928077 -0.285951 3.8051 -2.40488 2.08401 0.281617 1.00013 5 -1.08393 -0.544643 3.8468 3.10207 3.85751e-06 -0.115474 0.000840234 -8.16026e-05 0 0 0 0.000231064 5.28044e-12 6.78233e-08 0 0 0 3.68612e-15
 1.0001 4 -0.912499 -0.2875 3.82381 2.17451 -2.1745 -0.0528561 1.0001 5 -1.08393 -0.544643 3.8468 3.10207 3.85751e-06 -0.115474 0.000844078 -1.35944e-05 0 0 0 0.000232121 5.27875e-12 6.78233e-08 0 0 0 6.70082e-16
 1.0001 4 -0.912499 -0.2875 3.82381 2.17451 -2.1745 -0.0528561 1.0001 5 -1.08393 -0.544643 3.8468 3.10207 3.85751e-06 -0.115474 0.000844078 -1.35944e-05 0 0 0 0.000232121 5.27875e-12 6.78233e-08 0 0 0 6.70082e-16
 1.00005 4 -0.901785 -0.2875 3.82294 2.17467 -2.17466 -0.0522516 1.00005 5 -1.08393 -0.544643 3.8468 3.10207 3.85751e-06 -0.115474 0.000843947 2.01523e-05 0 0 0 0.000232085 5.27834e-12 6.78233e-08 0 0 0 1.30729e-15
 1.00005 4 -0.901785 -0.2875 3.82294 2.17467 -2.17466 -0.0522516 1.00005 5 -1.08393 -0.544643 3.8468 3.10207 3.85751e-06 -0.115474 0.000843947 2.01523e-05 0 0 0 0.000232085 5.27834e-12 6.78233e-08 0 0 0 1.30729e-15
 1.00006 4 -0.889905 -0.286512 3.80958 2.26248 -2.28135 -0.325317 1.00006 5 -1.08393 -0.544643 3.8468 3.10207 3.85751e-06 -0.115474 0.000842452 5.4091e-05 0 0 0 0.000231674 5.27844e-12 6.78233e-08 0 0 0 4.63441e-15
 1.00006 4 -0.889905 -0.286512 3.80958 2.26248 -2.28135 -0.325317 1.00006 5 -1.08393 -0.544643 3.8468 3.10207 3.85751e-06 -0.115474 0.000842452 5.4091e-05 0 0 0 0.000231674 5.27844e-12 6.78233e-08 0 0 0 4.63441e-15
 1.00008 4 -0.885801 -0.289614 3.83725 1.99453 -2.2241 0.136888 1.00008 5 -1.08393 -0.544643 3.8468 3.10207 3.85751e-06 -0.115474 0.000839582 8.8054e-05 0 0 0 0.000230885 5.27793e-12 6.78233e-08 0 0 0 -3.26584e-15
 1.00008 4 -0.885801 -0.289614 3.83725 1.99453 -2.2241 0.136888 1.00008 5 -1.08393 -0.544643 3.8468 3.10207 3.85751e-06 -0.115474 0.000839582 8.8054e-05 0 0 0 0.000230885 5.27793e-12 6.78233e-08 0 0 0 -3.26584e-15
 1.00011 4 -0.858954 -0.283095 3.76194 1.94941 -2.2145 -0.112592 1.00011 5 -1.08393 -0.544643 3.8468 3.10207 3.85751e-06 -0.115474 0.000835403 0.000121466 0 0 0 0.000229736 5.27727e-12 6.78233e-08 0 0 0 -4.80898e-17
 1.00011 4 -0.858954 -0.283095 3.76194 1.94941 -2.2145 -0.112592 1.00011 5 -1.08393 -0.544643 3.8468 3.10207 3.85751e-06 -0.115474 0.000835403 0.000121466 0 0 0 0.000229736 5.27727e-12 6.78233e-08 0 0 0 -4.80898e-17
 1.00006 4 -0.878503 -0.295868 3.8947 -2.05179 2.46458 0.0524136 1.00006 5 -1.08393 -0.544643 3.8468 3.10207 3.85751e-06 -0.115474 0.000829888 0.000154721 0 0 0 0.000228219 5.28204e-12 6.78233e-08 0 0 0 4.64189e-15
 1.00006 4 -0.878503 -0.295868 3.8947 -2.05179 2.46458 0.0524136 1.00006 5 -1.08393 -0.544643 3.8468 3.10207 3.85751e-06 -0.115474 0.000829888 0.000154721 0 0 0 0.000228219 5.28204e-12 6.78233e-08 0 0 0 4.64189e-15
 1.00012 4 -0.691731 -0.367121 3.70476 0.939211 -2.72873 -0.00890923 1.00012 5 -1.08393 -0.544643 3.8468 3.10207 3.85751e-06 -0.115474 -12.9856 74.1391 0 0 0 -3.57104 -67.3618 47.5635 0 0 0 -0.0021316
 1.00012 4 -0.691731 -0.367121 3.70476 0.939211 -2.72873 -0.00890923 1.00012 5 -1.08393 -0.544643 3.8468 3.10207 3.85751e-06 -0.115474 -12.9856 74.1391 0 0 0 -3.57104 -67.3618 47.5635 0 0 0 -0.0021316
 1.00007 4 -0.755819 -0.334208 3.80676 -1.31383 2.38581 0.203236 1.00007 5 -1.08393 -0.544643 3.8468 3.10207 3.85751e-06 -0.115474 0.0305379 0.0211483 0 0 0 0.00839792 -7.78449e-10 2.98436e-06 0 0 0 3.80261e-14
 1.00007 4 -0.755819 -0.334208 3.80676 -1.31383 2.38581 0.203236 1.00007 5 -1.08393 -0.544643 3.8468 3.10207 3.85751e-06 -0.115474 0.0305379 0.0211483 0 0 0 0.00839792 -7.78449e-10 2.98436e-06 0 0 0 3.80261e-14
 1.00018 4 -0.82386 -0.303339 3.83647 1.73949 -2.53275 -0.0269418 1.00018 5 -1.08393 -0.544643 3.8468 3.10207 3.85751e-06 -0.115474 0.0350351 0.0123433 0 0 0 0.00963464 -7.78586e-10 2.98436e-06 0 0 0 -2.21758e-14
 1.00018 4 -0.82386 -0.303339 3.83647 1.73949 -2.53275 -0.0269418 1.00018 5 -1.08393 -0.544643 3.8468 3.10207 3.85751e-06 -0.115474 0.0350351 0.0123433 0 0 0 0.00963464 -7.78586e-10 2.98436e-06 0 0 0 -2.21758e-14
 1.00094 4 -0.92327 -0.297545 3.96809 2.29002 -2.39187 -0.0307713 1.00094 5 -1.08393 -0.544643 3.8468 3.10207 3.85751e-06 -0.115474 0.0370623 0.00248941 0 0 0 0.0101921 -7.78582e-10 2.98436e-06 0 0 0 -9.32264e-15
 1.00094 4 -0.92327 -0.297545 3.96809 2.29002 -2.39187 -0.0307713 1.00094 5 -1.08393 -0.544643 3.8468 3.10207 3.85751e-06 -0.115474 0.0370623 0.00248941 0 0 0 0.0101921 -7.78582e-10 2.98436e-06 0 0 0 -9.32264e-15
 1.00008 4 -0.910107 -0.277883 3.64328 -1.90189 1.60412 -0.58804 1.00008 5 -1.08393 -0.544643 3.8468 3.10207 3.85751e-06 -0.115474 0.0364149 -0.00733288 0 0 0 0.0100141 -7.78533e-10 2.98436e-06 0 0 0 1.92314e-14
 1.00008 4 -0.910107 -0.277883 3.64328 -1.90189 1.60412 -0.58804 1.00008 5 -1.08393 -0.544643 3.8468 3.10207 3.85751e-06 -0.115474 0.0364149 -0.00733288 0 0 0 0.0100141 -7.78533e-10 2.98436e-06 0 0 0 1.92314e-14
 1.00005 4 -0.971697 -0.294643 3.84025 2.43351 -1.88225 -0.0759472 1.00005 5 -1.08393 -0.544643 3.8468 3.10207 3.85751e-06 -0.115474 0.000259876 -0.00062965 0 0 0 7.1466e-05 2.62186e-08 3.97412e-07 0 0 0 1.14395e-08
 1.00005 4 -0.971697 -0.294643 3.84025 2.43351 -1.88225 -0.0759472 1.00005 5 -1.08393 -0.544643 3.8468 3.10207 3.85751e-06 -0.115474 0.000259876 -0.00062965 0 0 0 7.1466e-05 2.62186e-08 3.97412e-07 0 0 0 1.14395e-08
 1.00014 4 -0.924529 -0.285952 3.80482 -2.40477 2.08392 0.281979 1.00014 5 -1.08393 -0.544643 3.8468 3.10207 3.85751e-06 -0.115474 0.0123976 -0.000952657 0 0 0 0.00340933 2.03529e-10 9.98976e-07 0 0 0 2.94826e-15
 1.00014 4 -0.924529 -0.285952 3.80482 -2.40477 2.08392 0.281979 1.00014 5 -1.08393 -0.544643 3.8468 3.10207 3.85751e-06 -0.115474 0.0123976 -0.000952657 0 0 0 0.00340933 2.03529e-10 9.98976e-07 0 0 0 2.94826e-15
 1.00006 4 -0.865064 -0.277704 3.70366 -1.78332 1.91067 -0.516374 1.00006 5 -1.08393 -0.544643 3.8468 3.10207 3.85751e-06 -0.115474 0.0124007 0.00091102 0 0 0 0.00341019 2.03528e-10 9.98976e-07 0 0 0 -6.42218e-17
 1.00006 4 -0.865064 -0.277704 3.70366 -1.78332 1.91067 -0.516374 1.00006 5 -1.08393 -0.544643 3.8468 3.10207 3.85751e-06 -0.115474 0.0124007 0.00091102 0 0 0 0.00341019 2.03528e-10 9.98976e-07 0 0 0 -6.42218e-17
 1.00014 4 -0.833882 -0.287627 3.75085 -1.61645 2.07996 -0.43956 1.00014 5 -1.08393 -0.544643 3.8468 3.10207 3.85751e-06 -0.115474 0.0121043 0.002845 0 0 0 0.00332867 2.03526e-10 9.98976e-07 0 0 0 -2.71187e-15
 1.00014 4 -0.833882 -0.287627 3.75085 -1.61645 2.07996 -0.43956 1.00014 5 -1.08393 -0.544643 3.8468 3.10207 3.85751e-06 -0.115474 0.0121043 0.002845 0 0 0 0.00332867 2.03526e-10 9.98976e-07 0 0 0 -2.71187e-15
 1.00004 4 -0.816681 -0.306928 3.83602 1.73955 -2.53284 -0.0261476 1.00004 5 -1.08393 -0.544643 3.8468 3.10207 3.85751e-06 -0.115474 0.0115089 0.00470658 0 0 0 0.00316495 2.03525e-10 9.98976e-07 0 0 0 -4.54809e-16
 1.00004 4 -0.816681 -0.306928 3.83602 1.73955 -2.53284 -0.0261476 1.00004 5 -1.08393 -0.544643 3.8468 3.10207 3.85751e-06 -0.115474 0.0115089 0.00470658 0 0 0 0.00316495 2.03525e-10 9.98976e-07 0 0 0 -4.54809e-16
 1.00007 4 -0.773274 -0.32163 3.80599 -1.34268 2.32332 -0.330298 1.00007 5 -1.08393 -0.544643 3.8468 3.10207 3.85751e-06 -0.115474 0.0106913 0.0063484 0 0 0 0.00294012 2.03537e-10 9.98976e-07 0 0 0 1.43422e-15
 1.00007 4 -0.773274 -0.32163 3.80599 -1.34268 2.32332 -0.330298 1.00007 5 -1.08393 -0.544643 3.8468 3.10207 3.85751e-06 -0.115474 0.0106913 0.0063484 0 0 0 0.00294012 2.03537e-10 9.98976e-07 0 0 0 1.43422e-15
 1.00012 4 -0.730922 -0.340422 3.75615 -1.10758 2.3178 -0.284398 1.00012 5 -1.08393 -0.544643 3.8468 3.10207 3.85751e-06 -0.115474 0.00954687 0.00796645 0 0 0 0.00262539 2.03552e-10 9.98976e-07 0 0 0 6.66577e-15
 1.00012 4 -0.730922 -0.340422 3.75615 -1.10758 2.3178 -0.284398 1.00012 5 -1.08393 -0.544643 3.8468 3.10207 3.85751e-06 -0.115474 0.00954687 0.00796645 0 0 0 0.00262539 2.03552e-10 9.98976e-07 0 0 0 6.66577e-15
 1.00009 4 -0.689541 -0.359827 3.67529 -0.889267 2.37369 0.179048 1.00009 5 -1.08393 -0.544643 3.8468 3.10207 3.85751e-06 -0.115474 0.00824419 0.00930809 0 0 0 0.00226715 2.03564e-10 9.98976e-07 0 0 0 1.76964e-14
 1.00009 4 -0.689541 -0.359827 3.67529 -0.889267 2.37369 0.179048 1.00009 5 -1.08393 -0.544643 3.8468 3.10207 3.85751e-06 -0.115474 0.00824419 0.00930809 0 0 0 0.00226715 2.03564e-10 9.98976e-07 0 0 0 1.76964e-14
 1.00006 4 -0.73252 -0.36855 3.85615 1.09171 -2.92168 0.278404 1.00006 5 -1.08393 -0.544643 3.8468 3.10207 3.85751e-06 -0.115474 -7.58688e-05 0.000257907 0 0 0 -2.08639e-05 -1.1139e-08 1.29237e-07 0 0 0 -4.88365e-09
 1.00006 4 -0.73252 -0.36855 3.85615 1.09171 -2.92168 0.278404 1.00006 5 -1.08393 -0.544643 3.8468 3.10207 3.85751e-06 -0.115474 -7.58688e-05 0.000257907 0 0 0 -2.08639e-05 -1.1139e-08 1.29237e-07 0 0 0 -4.88365e-09
 1.00014 4 -0.729983 -0.343004 3.75537 1.31588 -2.77684 -0.000310247 1.00014 5 -1.08393 -0.544643 3.8468 3.10207 3.85751e-06 -0.115474 0.00309318 0.00260642 0 0 0 0.000850625 -2.06916e-11 3.24974e-07 0 0 0 -3.34065e-15
 1.00014 4 -0.729983 -0.343004 3.75537 1.31588 -2.77684 -0.000310247 1.00014 5 -1.08393 -0.544643 3.8468 3.10207 3.85751e-06 -0.115474 0.00309318 0.00260642 0 0 0 0.000850625 -2.06916e-11 3.24974e-07 0 0 0 -3.34065e-15
 1.00006 4 -0.736713 -0.324154 3.70162 1.44982 -2.70902 -0.00814157 1.00006 5 -1.08393 -0.544643 3.8468 3.10207 3.85751e-06 -0.115474 0.00330756 0.00232835 0 0 0 0.00090958 -2.0693e-11 3.24974e-07 0 0 0 3.00372e-15
 1.00006 4 -0.736713 -0.324154 3.70162 1.44982 -2.70902 -0.00814157 1.00006 5 -1.08393 -0.544643 3.8468 3.10207 3.85751e-06 -0.115474 0.00330756 0.00232835 0 0 0 0.00090958 -2.0693e-11 3.24974e-07 0 0 0 3.00372e-15
 1.00008 4 -0.767599 -0.426756 3.78621 -0.828069 2.37945 -0.0209277 1.00008 5 -1.08393 -0.544643 3.8468 3.10207 3.85751e-06 -0.115474 -127.532 26.0028 0.00484664 19.9987 -0.00527964 -35.5349 -0.00134276 8.59101e-05 -6.43401e-07 1.72162e-06 -2.02574e-06 -0.00349932
 1.00008 4 -0.767599 -0.426756 3.78621 -0.828069 2.37945 -0.0209277 1.00008 5 -1.08393 -0.544643 3.8468 3.10207 3.85751e-06 -0.115474 -127.532 26.0028 0.00484664 19.9987 -0.00527964 -35.5349 -0.00134276 8.59101e-05 -6.43401e-07 1.72162e-06 -2.02574e-06 -0.00349932
 1.00008 4 -0.79623 -0.430041 3.89584 1.10171 -3.10613 0.347111 1.00008 5 -1.08393 -0.544643 3.8468 3.10207 3.85751e-06 -0.115474 -0.000351161 0.00051844 -6.53654e-25 1.00832e-24 1.71271e-25 -9.65693e-05 -2.95877e-08 1.23192e-07 4.81383e-29 3.80385e-29 7.02938e-29 -8.48717e-09
 1.00008 4 -0.79623 -0.430041 3.89584 1.10171 -3.10613 0.347111 1.00008 5 -1.08393 -0.544643 3.8468 3.10207 3.85751e-06 -0.115474 -0.000351161 0.00051844 -6.53654e-25 1.00832e-24 1.71271e-25 -9.65693e-05 -2.95877e-08 1.23192e-07 4.81383e-29 3.80385e-29 7.02938e-29 -8.48717e-09
 1.00022 4 -0.779235 -0.40281 3.76111 1.31458 -2.7741 0.00384534 1.00022 5 -1.08393 -0.544643 3.8468 3.10207 3.85751e-06 -0.115474 -0.000572147 0.000856923 6.50683e-57 -6.38604e-55 6.38576e-55 -0.000157341 -4.92795e-08 1.22924e-07 -1.24438e-59 -8.98352e-59 -6.78157e-60 -1.43509e-08
 1.00022 4 -0.779235 -0.40281 3.76111 1.31458 -2.7741 0.00384534 1.00022 5 -1.08393 -0.544643 3.8468 3.10207 3.85751e-06 -0.115474 -0.000572147 0.000856923 6.50683e-57 -6.38604e-55 6.38576e-55 -0.000157341 -4.92795e-08 1.22924e-07 -1.24438e-59 -8.98352e-59 -6.78157e-60 -1.43509e-08
 1.00005 4 -0.822365 -0.408455 3.92561 1.63103 -3.18038 0.334957 1.00005 5 -1.08393 -0.544643 3.8468 3.10207 3.85751e-06 -0.115474 -0.000737013 0.00123411 3.09398e-85 -7.63087e-85 9.15138e-85 -0.000202678 -6.89351e-08 1.22518e-07 -2.94979e-89 -1.0945e-88 -1.54275e-90 -2.05249e-08
 1.00005 4 -0.822365 -0.408455 3.92561 1.63103 -3.18038 0.334957 1.00005 5 -1.08393 -0.544643 3.8468 3.10207 3.85751e-06 -0.115474 -0.000737013 0.00123411 3.09398e-85 -7.63087e-85 9.15138e-85 -0.000202678 -6.89351e-08 1.22518e-07 -2.94979e-89 -1.0945e-88 -1.54275e-90 -2.05249e-08
 1.0005 4 -0.816994 -0.388702 3.84842 1.52889 -2.66187 -0.00852509 1.0005 5 -1.08393 -0.544643 3.8468 3.10207 3.85751e-06 -0.115474 -0.000843837 0.0016525 -1.43891e-115 2.92401e-115 -4.15621e-115 -0.000232055 -8.92387e-08 1.21948e-07 2.2044e-120 -1.3167e-119 -6.43358e-122 -2.7376e-08
 1.0005 4 -0.816994 -0.388702 3.84842 1.52889 -2.66187 -0.00852509 1.0005 5 -1.08393 -0.544643 3.8468 3.10207 3.85751e-06 -0.115474 -0.000843837 0.0016525 -1.43891e-115 2.92401e-115 -4.15621e-115 -0.000232055 -8.92387e-08 1.21948e-07 2.2044e-120 -1.3167e-119 -6.43358e-122 -2.7376e-08
 1.00007 4 -0.809934 -0.365804 3.76167 1.67328 -2.62787 -0.252593 1.00007 5 -1.08393 -0.544643 3.8468 3.10207 3.85751e-06 -0.115474 -0.00088471 0.00207501 -3.95585e-144 4.48868e-144 -6.73712e-144 -0.000243295 -1.08153e-07 1.21269e-07 2.82373e-148 6.94564e-148 7.78966e-150 -3.43173e-08
 1.00007 4 -0.809934 -0.365804 3.76167 1.67328 -2.62787 -0.252593 1.00007 5 -1.08393 -0.544643 3.8468 3.10207 3.85751e-06 -0.115474 -0.00088471 0.00207501 -3.95585e-144 4.48868e-144 -6.73712e-144 -0.000243295 -1.08153e-07 1.21269e-07 2.82373e-148 6.94564e-148 7.78966e-150 -3.43173e-08
 1.00007 4 -0.829096 -0.357255 3.80171 1.7668 -2.64616 0.23484 1.00007 5 -1.08393 -0.544643 3.8468 3.10207 3.85751e-06 -0.115474 -0.000862989 0.00252163 7.28235e-174 -2.78132e-173 6.44559e-173 -0.000237322 -1.27632e-07 1.20411e-07 -1.269e-177 -6.82831e-177 -3.95641e-179 -4.21609e-08
 1.00007 4 -0.829096 -0.357255 3.80171 1.7668 -2.64616 0.23484 1.00007 5 -1.08393 -0.544643 3.8468 3.10207 3.85751e-06 -0.115474 -0.000862989 0.00252163 7.28235e-174 -2.78132e-173 6.44559e-173 -0.000237322 -1.27632e-07 1.20411e-07 -1.269e-177 -6.82831e-177 -3.95641e-179 -4.21609e-08
 1.00015 4 -0.871233 -0.35658 3.9322 1.82445 -2.47023 -0.0274069 1.00015 5 -1.08393 -0.544643 3.8468 3.10207 3.85751e-06 -0.115474 -0.000774814 0.00298062 -1.13667e-203 1.31993e-202 -4.20312e-202 -0.000213074 -1.47461e-07 1.19354e-07 5.52419e-207 -3.00961e-207 7.73092e-209 -5.10171e-08
 1.00015 4 -0.871233 -0.35658 3.9322 1.82445 -2.47023 -0.0274069 1.00015 5 -1.08393 -0.544643 3.8468 3.10207 3.85751e-06 -0.115474 -0.000774814 0.00298062 -1.13667e-203 1.31993e-202 -4.20312e-202 -0.000213074 -1.47461e-07 1.19354e-07 5.52419e-207 -3.00961e-207 7.73092e-209 -5.10171e-08
