 1.00009 4 -0.38907 -0.255439 1.89135 2.23384 -1.85329 0.814286 1.00009 5 -0.603532 -0.444135 2.23672 2.58118 -0.162712 0.33531 -2.7124e-42 5.43676e-40 0 0 0 -2.44415e-43 -1.31706e-38 2.16016e-39 0 0 0 -3.67381e-39
 1.00009 4 -0.38907 -0.255439 1.89135 2.23384 -1.85329 0.814286 1.00009 5 -0.603532 -0.444135 2.23672 2.58118 -0.162712 0.33531 -2.7124e-42 5.43676e-40 0 0 0 -2.44415e-43 -1.31706e-38 2.16016e-39 0 0 0 -3.67381e-39
 1.00017 4 -0.38907 -0.255439 1.89135 2.23384 -1.85329 0.814286 1.00017 5 -0.603532 -0.444135 2.23672 2.58118 -0.162712 0.33531 -2.7124e-42 5.43676e-40 0 0 0 -2.44415e-43 -1.31706e-38 2.16016e-39 0 0 0 -3.67381e-39
 1.00017 4 -0.38907 -0.255439 1.89135 2.23384 -1.85329 0.814286 1.00017 5 -0.603532 -0.444135 2.23672 2.58118 -0.162712 0.33531 -2.7124e-42 5.43676e-40 0 0 0 -2.44415e-43 -1.31706e-38 2.16016e-39 0 0 0 -3.67381e-39
 1.00005 4 -0.38907 -0.255439 1.89135 2.23384 -1.85329 0.814286 1.00005 5 -0.603532 -0.444135 2.23672 2.58118 -0.162712 0.33531 -2.7124e-42 5.43676e-40 0 0 0 -2.44415e-43 -1.31706e-38 2.16016e-39 0 0 0 -3.67381e-39
 1.00005 4 -0.38907 -0.255439 1.89135 2.23384 -1.85329 0.814286 1.00005 5 -0.603532 -0.444135 2.23672 2.58118 -0.162712 0.33531 -2.7124e-42 5.43676e-40 0 0 0 -2.44415e-43 -1.31706e-38 2.16016e-39 0 0 0 -3.67381e-39
 1.00007 4 -0.38907 -0.255439 1.89135 2.23384 -1.85329 0.814286 1.00007 5 -0.603532 -0.444135 2.23672 2.58118 -0.162712 0.33531 2.7124e-42 -5.43676e-40 0 0 0 2.44415e-43 1.31706e-38 -2.16016e-39 0 0 0 3.67381e-39
 1.00007 4 -0.38907 -0.255439 1.89135 2.23384 -1.85329 0.814286 1.00007 5 -0.603532 -0.444135 2.23672 2.58118 -0.162712 0.33531 2.7124e-42 -5.43676e-40 0 0 0 2.44415e-43 1.31706e-38 -2.16016e-39 0 0 0 3.67381e-39
 1.00013 4 -0.38907 -0.255439 1.89135 2.23384 -1.85329 0.814286 1.00013 5 -0.603532 -0.444135 2.23672 2.58118 -0.162712 0.33531 2.7124e-42 -5.43676e-40 0 0 0 2.44415e-43 1.31706e-38 -2.16016e-39 0 0 0 3.67381e-39
 1.00013 4 -0.38907 -0.255439 1.89135 2.23384 -1.85329 0.814286 1.00013 5 -0.603532 -0.444135 2.23672 2.58118 -0.162712 0.33531 2.7124e-42 -5.43676e-40 0 0 0 2.44415e-43 1.31706e-38 -2.16016e-39 0 0 0 3.67381e-39
 1.00004 4 -0.38907 -0.255439 1.89135 2.23384 -1.85329 0.814286 1.00004 5 -0.603532 -0.444135 2.23672 2.58118 -0.162712 0.33531 -2.7124e-42 5.43676e-40 0 0 0 -2.44415e-43 -1.31706e-38 2.16016e-39 0 0 0 -3.67381e-39
 1.00004 4 -0.38907 -0.255439 1.89135 2.23384 -1.85329 0.814286 1.00004 5 -0.603532 -0.444135 2.23672 2.58118 -0.162712 0.33531 -2.7124e-42 5.43676e-40 0 0 0 -2.44415e-43 -1.31706e-38 2.16016e-39 0 0 0 -3.67381e-39
 1.00008 4 -0.38907 -0.255439 1.89135 2.23384 -1.85329 0.814286 1.00008 5 -0.603532 -0.444135 2.23672 2.58118 -0.162712 0.33531 -2.7124e-42 5.43676e-40 0 0 0 -2.44415e-43 -1.31706e-38 2.16016e-39 0 0 0 -3.67381e-39
 1.00008 4 -0.38907 -0.255439 1.89135 2.23384 -1.85329 0.814286 1.00008 5 -0.603532 -0.444135 2.23672 2.58118 -0.162712 0.33531 -2.7124e-42 5.43676e-40 0 0 0 -2.44415e-43 -1.31706e-38 2.16016e-39 0 0 0 -3.67381e-39
 1.00006 4 -0.38907 -0.255439 1.89135 2.23384 -1.85329 0.814286 1.00006 5 -0.603532 -0.444135 2.23672 2.58118 -0.162712 0.33531 -2.7124e-42 5.43676e-40 0 0 0 -2.44415e-43 -1.31706e-38 2.16016e-39 0 0 0 -3.67381e-39
 1.00006 4 -0.38907 -0.255439 1.89135 2.23384 -1.85329 0.814286 1.00006 5 -0.603532 -0.444135 2.23672 2.58118 -0.162712 0.33531 -2.7124e-42 5.43676e-40 0 0 0 -2.44415e-43 -1.31706e-38 2.16016e-39 0 0 0 -3.67381e-39
 1.00006 4 -0.38907 -0.255439 1.89135 2.23384 -1.85329 0.814286 1.00006 5 -0.603532 -0.444135 2.23672 2.58118 -0.162712 0.33531 2.7124e-42 -5.43676e-40 0 0 0 2.44415e-43 1.31706e-38 -2.16016e-39 0 0 0 3.67381e-39
 1.00006 4 -0.38907 -0.255439 1.89135 2.23384 -1.85329 0.814286 1.00006 5 -0.603532 -0.444135 2.23672 2.58118 -0.162712 0.33531 2.7124e-42 -5.43676e-40 0 0 0 2.44415e-43 1.31706e-38 -2.16016e-39 0 0 0 3.67381e-39
 1.00005 4 -0.38907 -0.255439 1.89135 2.23384 -1.85329 0.814286 1.00005 5 -0.603532 -0.444135 2.23672 2.58118 -0.162712 0.33531 -2.7124e-42 5.43676e-40 0 0 0 -2.44415e-43 -1.31706e-38 2.16016e-39 0 0 0 -3.67381e-39
 1.00005 4 -0.38907 -0.255439 1.89135 2.23384 -1.85329 0.814286 1.00005 5 -0.603532 -0.444135 2.23672 2.58118 -0.162712 0.33531 -2.7124e-42 5.43676e-40 0 0 0 -2.44415e-43 -1.31706e-38 2.16016e-39 0 0 0 -3.67381e-39
 1.00013 4 -0.38907 -0.255439 1.89135 2.23384 -1.85329 0.814286 1.00013 5 -0.603532 -0.444135 2.23672 2.58118 -0.162712 0.33531 -2.7124e-42 5.43676e-40 0 0 0 -2.44415e-43 -1.31706e-38 2.16016e-39 0 0 0 -3.67381e-39
 1.00013 4 -0.38907 -0.255439 1.89135 2.23384 -1.85329 0.814286 1.00013 5 -0.603532 -0.444135 2.23672 2.58118 -0.162712 0.33531 -2.7124e-42 5.43676e-40 0 0 0 -2.44415e-43 -1.31706e-38 2.16016e-39 0 0 0 -3.67381e-39
 1.00007 4 -0.38907 -0.255439 1.89135 2.23384 -1.85329 0.814286 1.00007 5 -0.603532 -0.444135 2.23672 2.58118 -0.162712 0.33531 2.7124e-42 -5.43676e-40 0 0 0 2.44415e-43 1.31706e-38 -2.16016e-39 0 0 0 3.67381e-39
 1.00007 4 -0.38907 -0.255439 1.89135 2.23384 -1.85329 0.814286 1.00007 5 -0.603532 -0.444135 2.23672 2.58118 -0.162712 0.33531 2.7124e-42 -5.43676e-40 0 0 0 2.44415e-43 1.31706e-38 -2.16016e-39 0 0 0 3.67381e-39
 1.00007 4 -0.38907 -0.255439 1.89135 2.23384 -1.85329 0.814286 1.00007 5 -0.603532 -0.444135 2.23672 2.58118 -0.162712 0.33531 -2.7124e-42 5.43676e-40 0 0 0 -2.44415e-43 -1.31706e-38 2.16016e-39 0 0 0 -3.67381e-39
 1.00007 4 -0.38907 -0.255439 1.89135 2.23384 -1.85329 0.814286 1.00007 5 -0.603532 -0.444135 2.23672 2.58118 -0.162712 0.33531 -2.7124e-42 5.43676e-40 0 0 0 -2.44415e-43 -1.31706e-38 2.16016e-39 0 0 0 -3.67381e-39
 1.00064 4 -0.38907 -0.255439 1.89135 2.23384 -1.85329 0.814286 1.00064 5 -0.603532 -0.444135 2.23672 2.58118 -0.162712 0.33531 2.7124e-42 -5.43676e-40 0 0 0 2.44415e-43 -1.31706e-38 2.16016e-39 0 0 0 -3.67381e-39
 1.00064 4 -0.38907 -0.255439 1.89135 2.23384 -1.85329 0.814286 1.00064 5 -0.603532 -0.444135 2.23672 2.58118 -0.162712 0.33531 2.7124e-42 -5.43676e-40 0 0 0 2.44415e-43 -1.31706e-38 2.16016e-39 0 0 0 -3.67381e-39
 1.00004 4 -0.38907 -0.255439 1.89135 2.23384 -1.85329 0.814286 1.00004 5 -0.603532 -0.444135 2.23672 2.58118 -0.162712 0.33531 2.7124e-42 -5.43676e-40 0 0 0 2.44415e-43 1.31706e-38 -2.16016e-39 0 0 0 3.67381e-39
 1.00004 4 -0.38907 -0.255439 1.89135 2.23384 -1.85329 0.814286 1.00004 5 -0.603532 -0.444135 2.23672 2.58118 -0.162712 0.33531 2.7124e-42 -5.43676e-40 0 0 0 2.44415e-43 1.31706e-38 -2.16016e-39 0 0 0 3.67381e-39
 1.00017 4 -0.38907 -0.255439 1.89135 2.23384 -1.85329 0.814286 1.00017 5 -0.603532 -0.444135 2.23672 2.58118 -0.162712 0.33531 -2.53037e-07 -1.84866e-07 0 0 0 2.37453e-07 0.950846 0.309628 0 0 0 -1.6914e-05
 1.00017 4 -0.38907 -0.255439 1.89135 2.23384 -1.85329 0.814286 1.00017 5 -0.603532 -0.444135 2.23672 2.58118 -0.162712 0.33531 -2.53037e-07 -1.84866e-07 0 0 0 2.37453e-07 0.950846 0.309628 0 0 0 -1.6914e-05
 1.00007 4 -0.38907 -0.255439 1.89135 2.23384 -1.85329 0.814286 1.00007 5 -0.603532 -0.444135 2.23672 2.58118 -0.162712 0.33531 4.68519e-08 -1.2584e-07 0 0 0 -1.20802e-08 0.950861 0.309626 0 0 0 -1.53463e-05
 1.00007 4 -0.38907 -0.255439 1.89135 2.23384 -1.85329 0.814286 1.00007 5 -0.603532 -0.444135 2.23672 2.58118 -0.162712 0.33531 4.68519e-08 -1.2584e-07 0 0 0 -1.20802e-08 0.950861 0.309626 0 0 0 -1.53463e-05
 1.00007 4 -0.38907 -0.255439 1.89135 2.23384 -1.85329 0.814286 1.00007 5 -0.603532 -0.444135 2.23672 2.58118 -0.162712 0.33531 5.06051e-08 -1.45678e-07 0 0 0 -3.03552e-09 0.95086 0.309626 0 0 0 -1.38818e-05
 1.00007 4 -0.38907 -0.255439 1.89135 2.23384 -1.85329 0.814286 1.00007 5 -0.603532 -0.444135 2.23672 2.58118 -0.162712 0.33531 5.06051e-08 -1.45678e-07 0 0 0 -3.03552e-09 0.95086 0.309626 0 0 0 -1.38818e-05
 1.00007 4 -0.38907 -0.255439 1.89135 2.23384 -1.85329 0.814286 1.00007 5 -0.603532 -0.444135 2.23672 2.58118 -0.162712 0.33531 2.3995e-07 1.39877e-07 0 0 0 -1.9794e-07 0.950864 0.309627 0 0 0 2.84409e-05
 1.00007 4 -0.38907 -0.255439 1.89135 2.23384 -1.85329 0.814286 1.00007 5 -0.603532 -0.444135 2.23672 2.58118 -0.162712 0.33531 2.3995e-07 1.39877e-07 0 0 0 -1.9794e-07 0.950864 0.309627 0 0 0 2.84409e-05
 1.00012 4 -0.38907 -0.255439 1.89135 2.23384 -1.85329 0.814286 1.00012 5 -0.603532 -0.444135 2.23672 2.58118 -0.162712 0.33531 5.14502e-08 -1.4938e-07 0 0 0 -3.92649e-09 0.95086 0.309626 0 0 0 -1.46723e-05
 1.00012 4 -0.38907 -0.255439 1.89135 2.23384 -1.85329 0.814286 1.00012 5 -0.603532 -0.444135 2.23672 2.58118 -0.162712 0.33531 5.14502e-08 -1.4938e-07 0 0 0 -3.92649e-09 0.95086 0.309626 0 0 0 -1.46723e-05
 1.00172 4 -0.38907 -0.255439 1.89135 2.23384 -1.85329 0.814286 1.00172 5 -0.603532 -0.444135 2.23672 2.58118 -0.162712 0.33531 2.16203e-07 3.8161e-07 0 0 0 -2.18081e-07 0.950868 0.30963 0 0 0 2.97853e-05
 1.00172 4 -0.38907 -0.255439 1.89135 2.23384 -1.85329 0.814286 1.00172 5 -0.603532 -0.444135 2.23672 2.58118 -0.162712 0.33531 2.16203e-07 3.8161e-07 0 0 0 -2.18081e-07 0.950868 0.30963 0 0 0 2.97853e-05
 1.00051 4 -0.38907 -0.255439 1.89135 2.23384 -1.85329 0.814286 1.00051 5 -0.603532 -0.444135 2.23672 2.58118 -0.162712 0.33531 2.3995e-07 1.39877e-07 0 0 0 -1.9794e-07 0.950864 0.309627 0 0 0 2.84409e-05
 1.00051 4 -0.38907 -0.255439 1.89135 2.23384 -1.85329 0.814286 1.00051 5 -0.603532 -0.444135 2.23672 2.58118 -0.162712 0.33531 2.3995e-07 1.39877e-07 0 0 0 -1.9794e-07 0.950864 0.309627 0 0 0 2.84409e-05
 1.00005 4 -0.38907 -0.255439 1.89135 2.23384 -1.85329 0.814286 1.00005 5 -0.603532 -0.444135 2.23672 2.58118 -0.162712 0.33531 -2.68836e-07 -2.31897e-07 0 0 0 2.23302e-07 0.950846 0.309628 0 0 0 -1.7413e-05
 1.00005 4 -0.38907 -0.255439 1.89135 2.23384 -1.85329 0.814286 1.00005 5 -0.603532 -0.444135 2.23672 2.58118 -0.162712 0.33531 -2.68836e-07 -2.31897e-07 0 0 0 2.23302e-07 0.950846 0.309628 0 0 0 -1.7413e-05
 1.00028 4 -0.395348 -0.259981 1.9283 2.26785 -1.9043 0.778114 1.00028 5 -0.603532 -0.444135 2.23672 2.58118 -0.162712 0.33531 7.64574e-15 -2.23842e-17 0 0 0 -1.31842e-19 1.11453e-12 1.67372e-08 0 0 0 2.269e-15
 1.00028 4 -0.395348 -0.259981 1.9283 2.26785 -1.9043 0.778114 1.00028 5 -0.603532 -0.444135 2.23672 2.58118 -0.162712 0.33531 7.64574e-15 -2.23842e-17 0 0 0 -1.31842e-19 1.11453e-12 1.67372e-08 0 0 0 2.269e-15
 1.00006 4 -0.381304 -0.251185 1.8724 2.16907 -1.89731 0.860096 1.00006 5 -0.603532 -0.444135 2.23672 2.58118 -0.162712 0.33531 -1.20086e-15 -1.58819e-16 0 0 0 1.26236e-19 1.11559e-12 1.67371e-08 0 0 0 -5.0055e-15
 1.00006 4 -0.381304 -0.251185 1.8724 2.16907 -1.89731 0.860096 1.00006 5 -0.603532 -0.444135 2.23672 2.58118 -0.162712 0.33531 -1.20086e-15 -1.58819e-16 0 0 0 1.26236e-19 1.11559e-12 1.67371e-08 0 0 0 -5.0055e-15
 1.00007 4 -0.381207 -0.254169 1.90415 2.19627 -1.94433 0.826927 1.00007 5 -0.603532 -0.444135 2.23672 2.58118 -0.162712 0.33531 1.73953e-13 5.06472e-14 0 0 0 2.81996e-14 -0.970122 -0.24259 0 0 0 -2.55839e-05
 1.00007 4 -0.381207 -0.254169 1.90415 2.19627 -1.94433 0.826927 1.00007 5 -0.603532 -0.444135 2.23672 2.58118 -0.162712 0.33531 1.73953e-13 5.06472e-14 0 0 0 2.81996e-14 -0.970122 -0.24259 0 0 0 -2.55839e-05
 1.00006 4 -0.349895 -0.246479 1.87744 2.03813 -2.18631 0.931886 1.00006 5 -0.603532 -0.444135 2.23672 2.58118 -0.162712 0.33531 1.82849e-13 -1.03315e-13 0 0 0 4.17891e-14 -0.995759 -0.0919183 0 0 0 -2.62604e-05
 1.00006 4 -0.349895 -0.246479 1.87744 2.03813 -2.18631 0.931886 1.00006 5 -0.603532 -0.444135 2.23672 2.58118 -0.162712 0.33531 1.82849e-13 -1.03315e-13 0 0 0 4.17891e-14 -0.995759 -0.0919183 0 0 0 -2.62604e-05
 1.00012 4 -0.295717 -0.241394 1.81965 1.7163 -2.47368 1.01827 1.00012 5 -0.603532 -0.444135 2.23672 2.58118 -0.162712 0.33531 2.60803e-13 -3.713e-13 0 0 0 4.75284e-14 -0.983233 0.182321 0 0 0 -2.59335e-05
 1.00012 4 -0.295717 -0.241394 1.81965 1.7163 -2.47368 1.01827 1.00012 5 -0.603532 -0.444135 2.23672 2.58118 -0.162712 0.33531 2.60803e-13 -3.713e-13 0 0 0 4.75284e-14 -0.983233 0.182321 0 0 0 -2.59335e-05
 1.00011 4 -0.248102 -0.266712 1.86649 1.2067 -2.8873 0.970001 1.00011 5 -0.603532 -0.444135 2.23672 2.58118 -0.162712 0.33531 -4.34597e-13 -9.13725e-13 0 0 0 -7.36244e-14 -0.84156 0.540165 0 0 0 -2.22045e-05
 1.00011 4 -0.248102 -0.266712 1.86649 1.2067 -2.8873 0.970001 1.00011 5 -0.603532 -0.444135 2.23672 2.58118 -0.162712 0.33531 -4.34597e-13 -9.13725e-13 0 0 0 -7.36244e-14 -0.84156 0.540165 0 0 0 -2.22045e-05
 1.00005 4 -0.218228 -0.281823 1.82539 0.869737 -3.05815 1.04085 1.00005 5 -0.603532 -0.444135 2.23672 2.58118 -0.162712 0.33531 -2.60013e-13 -5.24293e-13 0 0 0 -4.49357e-14 -0.706103 0.708109 0 0 0 -1.86154e-05
 1.00005 4 -0.218228 -0.281823 1.82539 0.869737 -3.05815 1.04085 1.00005 5 -0.603532 -0.444135 2.23672 2.58118 -0.162712 0.33531 -2.60013e-13 -5.24293e-13 0 0 0 -4.49357e-14 -0.706103 0.708109 0 0 0 -1.86154e-05
 1.00012 4 -0.241206 -0.266093 1.84388 1.11037 -2.90761 1.08609 1.00012 5 -0.603532 -0.444135 2.23672 2.58118 -0.162712 0.33531 2.07031e-14 -3.24584e-13 0 0 0 7.97743e-15 -0.841062 0.540931 0 0 0 -2.21781e-05
 1.00012 4 -0.241206 -0.266093 1.84388 1.11037 -2.90761 1.08609 1.00012 5 -0.603532 -0.444135 2.23672 2.58118 -0.162712 0.33531 2.07031e-14 -3.24584e-13 0 0 0 7.97743e-15 -0.841062 0.540931 0 0 0 -2.21781e-05
 1.00007 4 -0.251199 -0.252287 1.80725 1.36331 -2.75177 1.04377 1.00007 5 -0.603532 -0.444135 2.23672 2.58118 -0.162712 0.33531 1.23489e-13 -1.81748e-13 0 0 0 2.5093e-14 -0.898041 0.439899 0 0 0 -2.36829e-05
 1.00007 4 -0.251199 -0.252287 1.80725 1.36331 -2.75177 1.04377 1.00007 5 -0.603532 -0.444135 2.23672 2.58118 -0.162712 0.33531 1.23489e-13 -1.81748e-13 0 0 0 2.5093e-14 -0.898041 0.439899 0 0 0 -2.36829e-05
 1.00019 4 -0.258094 -0.249854 1.80825 1.39924 -2.68367 1.04645 1.00019 5 -0.603532 -0.444135 2.23672 2.58118 -0.162712 0.33531 1.42261e-13 -1.31313e-13 0 0 0 2.67232e-14 -0.916888 0.399129 0 0 0 -2.41817e-05
 1.00019 4 -0.258094 -0.249854 1.80825 1.39924 -2.68367 1.04645 1.00019 5 -0.603532 -0.444135 2.23672 2.58118 -0.162712 0.33531 1.42261e-13 -1.31313e-13 0 0 0 2.67232e-14 -0.916888 0.399129 0 0 0 -2.41817e-05
 1.00006 4 -0.252156 -0.249866 1.79903 1.39957 -2.73513 1.04559 1.00006 5 -0.603532 -0.444135 2.23672 2.58118 -0.162712 0.33531 -6.79261e-15 1.5126e-15 0 0 0 7.88351e-19 6.43525e-12 6.97493e-08 0 0 0 -3.84721e-15
 1.00006 4 -0.252156 -0.249866 1.79903 1.39957 -2.73513 1.04559 1.00006 5 -0.603532 -0.444135 2.23672 2.58118 -0.162712 0.33531 -6.79261e-15 1.5126e-15 0 0 0 7.88351e-19 6.43525e-12 6.97493e-08 0 0 0 -3.84721e-15
 1.00007 4 -0.244398 -0.249224 1.77623 1.30883 -2.74356 1.06215 1.00007 5 -0.603532 -0.444135 2.23672 2.58118 -0.162712 0.33531 2.12696e-15 1.99335e-15 0 0 0 -8.64879e-20 2.92678e-12 6.97493e-08 0 0 0 1.97135e-15
 1.00007 4 -0.244398 -0.249224 1.77623 1.30883 -2.74356 1.06215 1.00007 5 -0.603532 -0.444135 2.23672 2.58118 -0.162712 0.33531 2.12696e-15 1.99335e-15 0 0 0 -8.64879e-20 2.92678e-12 6.97493e-08 0 0 0 1.97135e-15
 1.00013 4 -0.24509 -0.257267 1.81825 -1.2124 2.61636 -0.977992 1.00013 5 -0.603532 -0.444135 2.23672 2.58118 -0.162712 0.33531 1.87502e-15 -1.84351e-15 0 0 0 9.35423e-19 6.44066e-12 6.97493e-08 0 0 0 3.76503e-15
 1.00013 4 -0.24509 -0.257267 1.81825 -1.2124 2.61636 -0.977992 1.00013 5 -0.603532 -0.444135 2.23672 2.58118 -0.162712 0.33531 1.87502e-15 -1.84351e-15 0 0 0 9.35423e-19 6.44066e-12 6.97493e-08 0 0 0 3.76503e-15
 1.00016 4 -0.236893 -0.25689 1.79177 1.1556 -2.86907 1.14769 1.00016 5 -0.603532 -0.444135 2.23672 2.58118 -0.162712 0.33531 8.67358e-16 -1.31661e-15 0 0 0 4.72828e-18 6.43536e-12 6.97493e-08 0 0 0 -1.27725e-15
 1.00016 4 -0.236893 -0.25689 1.79177 1.1556 -2.86907 1.14769 1.00016 5 -0.603532 -0.444135 2.23672 2.58118 -0.162712 0.33531 8.67358e-16 -1.31661e-15 0 0 0 4.72828e-18 6.43536e-12 6.97493e-08 0 0 0 -1.27725e-15
 1.00007 4 -0.229618 -0.255528 1.76485 1.13947 -2.8698 1.08806 1.00007 5 -0.603532 -0.444135 2.23672 2.58118 -0.162712 0.33531 5.41345e-16 3.50792e-15 0 0 0 -6.30284e-18 6.43896e-12 6.97493e-08 0 0 0 -2.88858e-16
 1.00007 4 -0.229618 -0.255528 1.76485 1.13947 -2.8698 1.08806 1.00007 5 -0.603532 -0.444135 2.23672 2.58118 -0.162712 0.33531 5.41345e-16 3.50792e-15 0 0 0 -6.30284e-18 6.43896e-12 6.97493e-08 0 0 0 -2.88858e-16
 1.00009 4 -0.23447 -0.26914 1.83515 -0.971294 2.64211 -0.936531 1.00009 5 -0.603532 -0.444135 2.23672 2.58118 -0.162712 0.33531 -4.92745e-15 -5.75109e-16 0 0 0 1.77498e-14 6.43708e-12 6.97493e-08 0 0 0 1.27663e-15
 1.00009 4 -0.23447 -0.26914 1.83515 -0.971294 2.64211 -0.936531 1.00009 5 -0.603532 -0.444135 2.23672 2.58118 -0.162712 0.33531 -4.92745e-15 -5.75109e-16 0 0 0 1.77498e-14 6.43708e-12 6.97493e-08 0 0 0 1.27663e-15
 1.00029 4 -0.234507 -0.277276 1.86971 -0.932052 2.64342 -0.901403 1.00029 5 -0.603532 -0.444135 2.23672 2.58118 -0.162712 0.33531 7.23297e-15 -4.14539e-16 0 0 0 -1.156e-17 6.44011e-12 6.97493e-08 0 0 0 9.32567e-16
 1.00029 4 -0.234507 -0.277276 1.86971 -0.932052 2.64342 -0.901403 1.00029 5 -0.603532 -0.444135 2.23672 2.58118 -0.162712 0.33531 7.23297e-15 -4.14539e-16 0 0 0 -1.156e-17 6.44011e-12 6.97493e-08 0 0 0 9.32567e-16
 1.00007 4 -0.224172 -0.273019 1.8179 0.969172 -2.96069 1.10462 1.00007 5 -0.603532 -0.444135 2.23672 2.58118 -0.162712 0.33531 -2.93782e-15 -3.68279e-16 0 0 0 -3.05279e-18 6.43704e-12 6.97493e-08 0 0 0 -1.05606e-15
 1.00007 4 -0.224172 -0.273019 1.8179 0.969172 -2.96069 1.10462 1.00007 5 -0.603532 -0.444135 2.23672 2.58118 -0.162712 0.33531 -2.93782e-15 -3.68279e-16 0 0 0 -3.05279e-18 6.43704e-12 6.97493e-08 0 0 0 -1.05606e-15
 1.00013 4 -0.217936 -0.272479 1.79468 0.906984 -2.98702 1.13404 1.00013 5 -0.603532 -0.444135 2.23672 2.58118 -0.162712 0.33531 -4.86517e-15 -4.65374e-16 0 0 0 -4.73851e-18 6.43563e-12 6.97493e-08 0 0 0 1.14657e-15
 1.00013 4 -0.217936 -0.272479 1.79468 0.906984 -2.98702 1.13404 1.00013 5 -0.603532 -0.444135 2.23672 2.58118 -0.162712 0.33531 -4.86517e-15 -4.65374e-16 0 0 0 -4.73851e-18 6.43563e-12 6.97493e-08 0 0 0 1.14657e-15
 1.00006 4 -0.218591 -0.282506 1.83455 -0.91819 2.58479 1.27863 1.00006 5 -0.603532 -0.444135 2.23672 2.58118 -0.162712 0.33531 -6.05254e-15 3.75305e-15 0 0 0 -2.46318e-17 6.44003e-12 6.97493e-08 0 0 0 3.96536e-15
 1.00006 4 -0.218591 -0.282506 1.83455 -0.91819 2.58479 1.27863 1.00006 5 -0.603532 -0.444135 2.23672 2.58118 -0.162712 0.33531 -6.05254e-15 3.75305e-15 0 0 0 -2.46318e-17 6.44003e-12 6.97493e-08 0 0 0 3.96536e-15
 1.00017 4 -0.221762 -0.294913 1.88453 -0.676209 2.69341 -0.888224 1.00017 5 -0.603532 -0.444135 2.23672 2.58118 -0.162712 0.33531 1.40607e-15 3.52326e-15 0 0 0 3.7792e-18 6.43801e-12 6.97493e-08 0 0 0 7.09114e-16
 1.00017 4 -0.221762 -0.294913 1.88453 -0.676209 2.69341 -0.888224 1.00017 5 -0.603532 -0.444135 2.23672 2.58118 -0.162712 0.33531 1.40607e-15 3.52326e-15 0 0 0 3.7792e-18 6.43801e-12 6.97493e-08 0 0 0 7.09114e-16
 1.00012 4 -0.218778 -0.294894 1.87042 -0.645338 2.68838 -0.951528 1.00012 5 -0.603532 -0.444135 2.23672 2.58118 -0.162712 0.33531 -1.81395e-16 -5.2509e-16 0 0 0 -3.57319e-17 2.87509e-13 2.48815e-08 0 0 0 -1.9222e-15
 1.00012 4 -0.218778 -0.294894 1.87042 -0.645338 2.68838 -0.951528 1.00012 5 -0.603532 -0.444135 2.23672 2.58118 -0.162712 0.33531 -1.81395e-16 -5.2509e-16 0 0 0 -3.57319e-17 2.87509e-13 2.48815e-08 0 0 0 -1.9222e-15
 1.00093 4 -0.215762 -0.287954 1.83726 0.795039 -3.07903 1.08652 1.00093 5 -0.603532 -0.444135 2.23672 2.58118 -0.162712 0.33531 -1.42697e-16 -7.3589e-16 0 0 0 8.47393e-18 1.04516e-12 2.48815e-08 0 0 0 -8.70911e-16
 1.00093 4 -0.215762 -0.287954 1.83726 0.795039 -3.07903 1.08652 1.00093 5 -0.603532 -0.444135 2.23672 2.58118 -0.162712 0.33531 -1.42697e-16 -7.3589e-16 0 0 0 8.47393e-18 1.04516e-12 2.48815e-08 0 0 0 -8.70911e-16
 1.0001 4 -0.222979 -0.292555 1.88348 -0.751148 2.72007 -0.894515 1.0001 5 -0.603532 -0.444135 2.23672 2.58118 -0.162712 0.33531 -3.43565e-16 -7.47356e-16 0 0 0 5.23875e-18 2.94183e-13 2.48815e-08 0 0 0 -1.48984e-15
 1.0001 4 -0.222979 -0.292555 1.88348 -0.751148 2.72007 -0.894515 1.0001 5 -0.603532 -0.444135 2.23672 2.58118 -0.162712 0.33531 -3.43565e-16 -7.47356e-16 0 0 0 5.23875e-18 2.94183e-13 2.48815e-08 0 0 0 -1.48984e-15
 1.00022 4 -0.219456 -0.281652 1.83458 0.987482 -2.78078 -1.37513 1.00022 5 -0.603532 -0.444135 2.23672 2.58118 -0.162712 0.33531 -4.72047e-16 3.61925e-15 0 0 0 1.60373e-17 2.90478e-13 2.48815e-08 0 0 0 5.57791e-16
 1.00022 4 -0.219456 -0.281652 1.83458 0.987482 -2.78078 -1.37513 1.00022 5 -0.603532 -0.444135 2.23672 2.58118 -0.162712 0.33531 -4.72047e-16 3.61925e-15 0 0 0 1.60373e-17 2.90478e-13 2.48815e-08 0 0 0 5.57791e-16
 1.00012 4 -0.220401 -0.278759 1.82209 0.8723 -3.0278 1.11534 1.00012 5 -0.603532 -0.444135 2.23672 2.58118 -0.162712 0.33531 -5.53775e-16 -9.73553e-16 0 0 0 3.80105e-17 2.97619e-13 2.48815e-08 0 0 0 -2.01758e-15
 1.00012 4 -0.220401 -0.278759 1.82209 0.8723 -3.0278 1.11534 1.00012 5 -0.603532 -0.444135 2.23672 2.58118 -0.162712 0.33531 -5.53775e-16 -9.73553e-16 0 0 0 3.80105e-17 2.97619e-13 2.48815e-08 0 0 0 -2.01758e-15
 1.00007 4 -0.218639 -0.272307 1.79359 -0.807734 2.66229 -1.01263 1.00007 5 -0.603532 -0.444135 2.23672 2.58118 -0.162712 0.33531 -8.74221e-16 3.63024e-15 0 0 0 9.88326e-18 2.84929e-13 2.48815e-08 0 0 0 5.98009e-16
 1.00007 4 -0.218639 -0.272307 1.79359 -0.807734 2.66229 -1.01263 1.00007 5 -0.603532 -0.444135 2.23672 2.58118 -0.162712 0.33531 -8.74221e-16 3.63024e-15 0 0 0 9.88326e-18 2.84929e-13 2.48815e-08 0 0 0 5.98009e-16
 1.00009 4 -0.223129 -0.273542 1.81293 -0.837731 2.68174 -0.991599 1.00009 5 -0.603532 -0.444135 2.23672 2.58118 -0.162712 0.33531 8.24822e-15 -9.35324e-16 0 0 0 -3.55172e-14 2.91212e-13 2.48815e-08 0 0 0 1.047e-16
 1.00009 4 -0.223129 -0.273542 1.81293 -0.837731 2.68174 -0.991599 1.00009 5 -0.603532 -0.444135 2.23672 2.58118 -0.162712 0.33531 8.24822e-15 -9.35324e-16 0 0 0 -3.55172e-14 2.91212e-13 2.48815e-08 0 0 0 1.047e-16
 1.0002 4 -0.226044 -0.272366 1.81927 0.969036 -2.96204 1.1041 1.0002 5 -0.603532 -0.444135 2.23672 2.58118 -0.162712 0.33531 -1.19379e-15 -9.08188e-16 0 0 0 1.04386e-17 2.97381e-13 2.48815e-08 0 0 0 -1.48084e-15
 1.0002 4 -0.226044 -0.272366 1.81927 0.969036 -2.96204 1.1041 1.0002 5 -0.603532 -0.444135 2.23672 2.58118 -0.162712 0.33531 -1.19379e-15 -9.08188e-16 0 0 0 1.04386e-17 2.97381e-13 2.48815e-08 0 0 0 -1.48084e-15
 0.999994 4 -0.229532 -0.27191 1.83344 1.04623 -2.96568 1.03845 0.999994 5 -0.603532 -0.444135 2.23672 2.58118 -0.162712 0.33531 -1.89344e-15 -8.92129e-16 0 0 0 4.41203e-19 2.96873e-13 2.48815e-08 0 0 0 2.65198e-16
 0.999994 4 -0.229532 -0.27191 1.83344 1.04623 -2.96568 1.03845 0.999994 5 -0.603532 -0.444135 2.23672 2.58118 -0.162712 0.33531 -1.89344e-15 -8.92129e-16 0 0 0 4.41203e-19 2.96873e-13 2.48815e-08 0 0 0 2.65198e-16
 1.00014 4 -0.239154 -0.278368 1.88904 1.07969 -2.98024 0.977084 1.00014 5 -0.603532 -0.444135 2.23672 2.58118 -0.162712 0.33531 -1.54943e-15 3.59077e-15 0 0 0 6.94059e-19 2.91708e-13 2.48815e-08 0 0 0 -4.45326e-15
 1.00014 4 -0.239154 -0.278368 1.88904 1.07969 -2.98024 0.977084 1.00014 5 -0.603532 -0.444135 2.23672 2.58118 -0.162712 0.33531 -1.54943e-15 3.59077e-15 0 0 0 6.94059e-19 2.91708e-13 2.48815e-08 0 0 0 -4.45326e-15
 1.00017 4 -0.227012 -0.259767 1.77681 1.05685 -2.91063 1.17203 1.00017 5 -0.603532 -0.444135 2.23672 2.58118 -0.162712 0.33531 -2.20795e-15 -7.27246e-16 0 0 0 -5.02861e-18 2.9688e-13 2.48815e-08 0 0 0 6.78012e-17
 1.00017 4 -0.227012 -0.259767 1.77681 1.05685 -2.91063 1.17203 1.00017 5 -0.603532 -0.444135 2.23672 2.58118 -0.162712 0.33531 -2.20795e-15 -7.27246e-16 0 0 0 -5.02861e-18 2.9688e-13 2.48815e-08 0 0 0 6.78012e-17
 1.00006 4 -0.236171 -0.265572 1.82833 1.08912 -2.92322 1.12291 1.00006 5 -0.603532 -0.444135 2.23672 2.58118 -0.162712 0.33531 -1.80831e-15 3.7154e-15 0 0 0 2.10568e-18 2.92839e-13 2.48815e-08 0 0 0 6.54542e-16
 1.00006 4 -0.236171 -0.265572 1.82833 1.08912 -2.92322 1.12291 1.00006 5 -0.603532 -0.444135 2.23672 2.58118 -0.162712 0.33531 -1.80831e-15 3.7154e-15 0 0 0 2.10568e-18 2.92839e-13 2.48815e-08 0 0 0 6.54542e-16
 1.00011 4 -0.234142 -0.257899 1.79213 1.28424 -2.71244 -1.39314 1.00011 5 -0.603532 -0.444135 2.23672 2.58118 -0.162712 0.33531 7.32927e-15 -8.28975e-16 0 0 0 -3.55308e-14 2.97433e-13 2.48815e-08 0 0 0 4.96918e-17
 1.00011 4 -0.234142 -0.257899 1.79213 1.28424 -2.71244 -1.39314 1.00011 5 -0.603532 -0.444135 2.23672 2.58118 -0.162712 0.33531 7.32927e-15 -8.28975e-16 0 0 0 -3.55308e-14 2.97433e-13 2.48815e-08 0 0 0 4.96918e-17
 1.00008 4 -0.236893 -0.25689 1.79177 1.1556 -2.86907 1.14769 1.00008 5 -0.603532 -0.444135 2.23672 2.58118 -0.162712 0.33531 -2.04672e-15 -7.02713e-16 0 0 0 -2.56289e-18 2.94094e-13 2.48815e-08 0 0 0 -2.18517e-16
 1.00008 4 -0.236893 -0.25689 1.79177 1.1556 -2.86907 1.14769 1.00008 5 -0.603532 -0.444135 2.23672 2.58118 -0.162712 0.33531 -2.04672e-15 -7.02713e-16 0 0 0 -2.56289e-18 2.94094e-13 2.48815e-08 0 0 0 -2.18517e-16
 1.00008 4 -0.241635 -0.257094 1.80215 1.2143 -2.83764 1.11433 1.00008 5 -0.603532 -0.444135 2.23672 2.58118 -0.162712 0.33531 -2.15329e-15 -6.85336e-16 0 0 0 -4.72887e-18 2.95127e-13 2.48815e-08 0 0 0 6.17719e-16
 1.00008 4 -0.241635 -0.257094 1.80215 1.2143 -2.83764 1.11433 1.00008 5 -0.603532 -0.444135 2.23672 2.58118 -0.162712 0.33531 -2.15329e-15 -6.85336e-16 0 0 0 -4.72887e-18 2.95127e-13 2.48815e-08 0 0 0 6.17719e-16
 1.00013 4 -0.241225 -0.251905 1.78037 1.27248 -2.7583 1.06065 1.00013 5 -0.603532 -0.444135 2.23672 2.58118 -0.162712 0.33531 -2.15144e-15 -5.63341e-16 0 0 0 8.21814e-18 1.04325e-12 2.48815e-08 0 0 0 1.27155e-15
 1.00013 4 -0.241225 -0.251905 1.78037 1.27248 -2.7583 1.06065 1.00013 5 -0.603532 -0.444135 2.23672 2.58118 -0.162712 0.33531 -2.15144e-15 -5.63341e-16 0 0 0 8.21814e-18 1.04325e-12 2.48815e-08 0 0 0 1.27155e-15
 1.0001 4 -0.250154 -0.256814 1.82727 1.30564 -2.76007 1.00217 1.0001 5 -0.603532 -0.444135 2.23672 2.58118 -0.162712 0.33531 -2.29552e-15 3.93854e-15 0 0 0 -1.2704e-17 2.93082e-13 2.48815e-08 0 0 0 3.14645e-15
 1.0001 4 -0.250154 -0.256814 1.82727 1.30564 -2.76007 1.00217 1.0001 5 -0.603532 -0.444135 2.23672 2.58118 -0.162712 0.33531 -2.29552e-15 3.93854e-15 0 0 0 -1.2704e-17 2.93082e-13 2.48815e-08 0 0 0 3.14645e-15
 1.00004 4 -0.249583 -0.251093 1.79869 1.34635 -2.77345 1.08429 1.00004 5 -0.603532 -0.444135 2.23672 2.58118 -0.162712 0.33531 -2.24356e-15 -3.78595e-16 0 0 0 3.34587e-18 2.92828e-13 2.48815e-08 0 0 0 -1.71944e-16
 1.00004 4 -0.249583 -0.251093 1.79869 1.34635 -2.77345 1.08429 1.00004 5 -0.603532 -0.444135 2.23672 2.58118 -0.162712 0.33531 -2.24356e-15 -3.78595e-16 0 0 0 3.34587e-18 2.92828e-13 2.48815e-08 0 0 0 -1.71944e-16
 1.0004 4 -0.263529 -0.255939 1.85229 1.4338 -2.68028 0.982499 1.0004 5 -0.603532 -0.444135 2.23672 2.58118 -0.162712 0.33531 1.48423e-13 -9.2832e-14 0 0 0 4.36629e-14 0.918866 -0.394553 0 0 0 2.42321e-05
 1.0004 4 -0.263529 -0.255939 1.85229 1.4338 -2.68028 0.982499 1.0004 5 -0.603532 -0.444135 2.23672 2.58118 -0.162712 0.33531 1.48423e-13 -9.2832e-14 0 0 0 4.36629e-14 0.918866 -0.394553 0 0 0 2.42321e-05
 1.00007 4 -0.28322 -0.245245 1.83174 -1.58058 2.49367 -0.936384 1.00007 5 -0.603532 -0.444135 2.23672 2.58118 -0.162712 0.33531 1.86666e-13 7.15556e-14 0 0 0 2.64734e-14 0.970491 -0.241104 0 0 0 2.55931e-05
 1.00007 4 -0.28322 -0.245245 1.83174 -1.58058 2.49367 -0.936384 1.00007 5 -0.603532 -0.444135 2.23672 2.58118 -0.162712 0.33531 1.86666e-13 7.15556e-14 0 0 0 2.64734e-14 0.970491 -0.241104 0 0 0 2.55931e-05
 1.00013 4 -0.325531 -0.241653 1.84272 1.94031 -2.30314 0.938264 1.00013 5 -0.603532 -0.444135 2.23672 2.58118 -0.162712 0.33531 2.3808e-13 3.19024e-13 0 0 0 6.37613e-14 0.999974 0.00608124 0 0 0 2.63725e-05
 1.00013 4 -0.325531 -0.241653 1.84272 1.94031 -2.30314 0.938264 1.00013 5 -0.603532 -0.444135 2.23672 2.58118 -0.162712 0.33531 2.3808e-13 3.19024e-13 0 0 0 6.37613e-14 0.999974 0.00608124 0 0 0 2.63725e-05
 1.00006 4 -0.387272 -0.255398 1.90382 2.19767 -1.89181 0.811945 1.00006 5 -0.603532 -0.444135 2.23672 2.58118 -0.162712 0.33531 2.44228e-13 5.65688e-13 0 0 0 5.72792e-14 0.952245 0.305325 0 0 0 2.51184e-05
 1.00006 4 -0.387272 -0.255398 1.90382 2.19767 -1.89181 0.811945 1.00006 5 -0.603532 -0.444135 2.23672 2.58118 -0.162712 0.33531 2.44228e-13 5.65688e-13 0 0 0 5.72792e-14 0.952245 0.305325 0 0 0 2.51184e-05
 1.0001 4 -0.367339 -0.252529 1.91407 2.07373 -2.11201 0.830031 1.0001 5 -0.603532 -0.444135 2.23672 2.58118 -0.162712 0.33531 1.87732e-13 1.22416e-13 0 0 0 4.32275e-14 0.989133 0.146977 0 0 0 2.60855e-05
 1.0001 4 -0.367339 -0.252529 1.91407 2.07373 -2.11201 0.830031 1.0001 5 -0.603532 -0.444135 2.23672 2.58118 -0.162712 0.33531 1.87732e-13 1.22416e-13 0 0 0 4.32275e-14 0.989133 0.146977 0 0 0 2.60855e-05
 1.00007 4 -0.333721 -0.239984 1.83384 1.96252 -2.21212 0.96155 1.00007 5 -0.603532 -0.444135 2.23672 2.58118 -0.162712 0.33531 1.92853e-13 2.12246e-14 0 0 0 3.62795e-16 0.998735 0.0501369 0 0 0 2.63396e-05
 1.00007 4 -0.333721 -0.239984 1.83384 1.96252 -2.21212 0.96155 1.00007 5 -0.603532 -0.444135 2.23672 2.58118 -0.162712 0.33531 1.92853e-13 2.12246e-14 0 0 0 3.62795e-16 0.998735 0.0501369 0 0 0 2.63396e-05
 1.0001 4 -0.341552 -0.243973 1.85797 -2.05348 2.26143 -0.916319 1.0001 5 -0.603532 -0.444135 2.23672 2.58118 -0.162712 0.33531 1.80481e-13 4.21231e-14 0 0 0 2.99226e-14 0.997337 0.0728385 0 0 0 2.6303e-05
 1.0001 4 -0.341552 -0.243973 1.85797 -2.05348 2.26143 -0.916319 1.0001 5 -0.603532 -0.444135 2.23672 2.58118 -0.162712 0.33531 1.80481e-13 4.21231e-14 0 0 0 2.99226e-14 0.997337 0.0728385 0 0 0 2.6303e-05
 1.0005 4 -0.365718 -0.249423 1.88084 2.0858 -2.0188 0.864841 1.0005 5 -0.603532 -0.444135 2.23672 2.58118 -0.162712 0.33531 1.88315e-13 1.74588e-13 0 0 0 2.50804e-14 0.979533 0.201252 0 0 0 2.58346e-05
 1.0005 4 -0.365718 -0.249423 1.88084 2.0858 -2.0188 0.864841 1.0005 5 -0.603532 -0.444135 2.23672 2.58118 -0.162712 0.33531 1.88315e-13 1.74588e-13 0 0 0 2.50804e-14 0.979533 0.201252 0 0 0 2.58346e-05
 1.00009 4 -0.373358 -0.247655 1.85215 2.11544 -1.90602 0.83334 1.00009 5 -0.603532 -0.444135 2.23672 2.58118 -0.162712 0.33531 -2.5037e-15 -3.00222e-15 0 0 0 5.45378e-16 2.59925e-10 1.0813e-06 0 0 0 1.22398e-15
 1.00009 4 -0.373358 -0.247655 1.85215 2.11544 -1.90602 0.83334 1.00009 5 -0.603532 -0.444135 2.23672 2.58118 -0.162712 0.33531 -2.5037e-15 -3.00222e-15 0 0 0 5.45378e-16 2.59925e-10 1.0813e-06 0 0 0 1.22398e-15
 1.00018 4 -0.356291 -0.247528 1.87922 2.0799 -2.15034 0.940263 1.00018 5 -0.603532 -0.444135 2.23672 2.58118 -0.162712 0.33531 8.05281e-15 -3.03202e-15 0 0 0 4.85854e-16 4.53071e-11 1.0813e-06 0 0 0 3.49629e-15
 1.00018 4 -0.356291 -0.247528 1.87922 2.0799 -2.15034 0.940263 1.00018 5 -0.603532 -0.444135 2.23672 2.58118 -0.162712 0.33531 8.05281e-15 -3.03202e-15 0 0 0 4.85854e-16 4.53071e-11 1.0813e-06 0 0 0 3.49629e-15
 1.00012 4 -0.320756 -0.239596 1.83005 1.88101 -2.30806 0.977154 1.00012 5 -0.603532 -0.444135 2.23672 2.58118 -0.162712 0.33531 1.99306e-13 -1.3922e-13 0 0 0 2.50513e-14 -0.999473 0.0322471 0 0 0 -2.63595e-05
 1.00012 4 -0.320756 -0.239596 1.83005 1.88101 -2.30806 0.977154 1.00012 5 -0.603532 -0.444135 2.23672 2.58118 -0.162712 0.33531 1.99306e-13 -1.3922e-13 0 0 0 2.50513e-14 -0.999473 0.0322471 0 0 0 -2.63595e-05
 1.00004 4 -0.282284 -0.245611 1.8312 1.60889 -2.53228 1.00414 1.00004 5 -0.603532 -0.444135 2.23672 2.58118 -0.162712 0.33531 1.91301e-13 -3.91275e-13 0 0 0 3.6904e-14 -0.956977 0.290147 0 0 0 -2.52425e-05
 1.00004 4 -0.282284 -0.245611 1.8312 1.60889 -2.53228 1.00414 1.00004 5 -0.603532 -0.444135 2.23672 2.58118 -0.162712 0.33531 1.91301e-13 -3.91275e-13 0 0 0 3.6904e-14 -0.956977 0.290147 0 0 0 -2.52425e-05
 1.00007 4 -0.231933 -0.268992 1.82536 1.04893 -2.93632 1.11762 1.00007 5 -0.603532 -0.444135 2.23672 2.58118 -0.162712 0.33531 -6.32812e-13 -1.00366e-12 0 0 0 -1.053e-13 -0.780844 0.62473 0 0 0 -2.06045e-05
 1.00007 4 -0.231933 -0.268992 1.82536 1.04893 -2.93632 1.11762 1.00007 5 -0.603532 -0.444135 2.23672 2.58118 -0.162712 0.33531 -6.32812e-13 -1.00366e-12 0 0 0 -1.053e-13 -0.780844 0.62473 0 0 0 -2.06045e-05
 1.0001 4 -0.227213 -0.279071 1.84961 0.936417 -3.00325 1.08361 1.0001 5 -0.603532 -0.444135 2.23672 2.58118 -0.162712 0.33531 -1.01629e-13 -4.08261e-13 0 0 0 -1.33631e-14 -0.753146 0.657849 0 0 0 -1.98582e-05
 1.0001 4 -0.227213 -0.279071 1.84961 0.936417 -3.00325 1.08361 1.0001 5 -0.603532 -0.444135 2.23672 2.58118 -0.162712 0.33531 -1.01629e-13 -4.08261e-13 0 0 0 -1.33631e-14 -0.753146 0.657849 0 0 0 -1.98582e-05
 1.00012 4 -0.232857 -0.256446 1.77703 -1.01377 2.57759 -1.05815 1.00012 5 -0.603532 -0.444135 2.23672 2.58118 -0.162712 0.33531 7.27379e-14 -2.42514e-13 0 0 0 1.52238e-14 -0.842596 0.538538 0 0 0 -2.222e-05
 1.00012 4 -0.232857 -0.256446 1.77703 -1.01377 2.57759 -1.05815 1.00012 5 -0.603532 -0.444135 2.23672 2.58118 -0.162712 0.33531 7.27379e-14 -2.42514e-13 0 0 0 1.52238e-14 -0.842596 0.538538 0 0 0 -2.222e-05
 1.00004 4 -0.245873 -0.255007 1.8054 1.30936 -2.78789 1.07827 1.00004 5 -0.603532 -0.444135 2.23672 2.58118 -0.162712 0.33531 1.21615e-13 -1.65787e-13 0 0 0 2.24616e-14 -0.876002 0.482297 0 0 0 -2.31031e-05
 1.00004 4 -0.245873 -0.255007 1.8054 1.30936 -2.78789 1.07827 1.00004 5 -0.603532 -0.444135 2.23672 2.58118 -0.162712 0.33531 1.21615e-13 -1.65787e-13 0 0 0 2.24616e-14 -0.876002 0.482297 0 0 0 -2.31031e-05
 1.00011 4 -0.246201 -0.260615 1.83281 1.26869 -2.77383 0.996195 1.00011 5 -0.603532 -0.444135 2.23672 2.58118 -0.162712 0.33531 9.69337e-14 -2.03433e-13 0 0 0 1.63077e-14 -0.860208 0.509933 0 0 0 -2.26886e-05
 1.00011 4 -0.246201 -0.260615 1.83281 1.26869 -2.77383 0.996195 1.00011 5 -0.603532 -0.444135 2.23672 2.58118 -0.162712 0.33531 9.69337e-14 -2.03433e-13 0 0 0 1.63077e-14 -0.860208 0.509933 0 0 0 -2.26886e-05
 1.00005 4 -0.233867 -0.272287 1.84978 1.21546 -2.79882 -1.28336 1.00005 5 -0.603532 -0.444135 2.23672 2.58118 -0.162712 0.33531 -2.50514e-14 -3.51835e-13 0 0 0 -6.89899e-15 -0.787026 0.616915 0 0 0 -2.07614e-05
 1.00005 4 -0.233867 -0.272287 1.84978 1.21546 -2.79882 -1.28336 1.00005 5 -0.603532 -0.444135 2.23672 2.58118 -0.162712 0.33531 -2.50514e-14 -3.51835e-13 0 0 0 -6.89899e-15 -0.787026 0.616915 0 0 0 -2.07614e-05
 1.00006 4 -0.216328 -0.290152 1.84579 0.716797 -3.09832 1.13327 1.00006 5 -0.603532 -0.444135 2.23672 2.58118 -0.162712 0.33531 9.55778e-16 -3.42338e-15 0 0 0 -2.41633e-16 -5.81543e-11 5.69512e-07 0 0 0 5.08273e-15
 1.00006 4 -0.216328 -0.290152 1.84579 0.716797 -3.09832 1.13327 1.00006 5 -0.603532 -0.444135 2.23672 2.58118 -0.162712 0.33531 9.55778e-16 -3.42338e-15 0 0 0 -2.41633e-16 -5.81543e-11 5.69512e-07 0 0 0 5.08273e-15
 1.00011 4 -0.217099 -0.271856 1.78787 0.921242 -3.01926 1.10451 1.00011 5 -0.603532 -0.444135 2.23672 2.58118 -0.162712 0.33531 -5.44965e-15 2.56815e-16 0 0 0 -1.55502e-16 -5.81658e-11 5.69512e-07 0 0 0 1.55908e-15
 1.00011 4 -0.217099 -0.271856 1.78787 0.921242 -3.01926 1.10451 1.00011 5 -0.603532 -0.444135 2.23672 2.58118 -0.162712 0.33531 -5.44965e-15 2.56815e-16 0 0 0 -1.55502e-16 -5.81658e-11 5.69512e-07 0 0 0 1.55908e-15
 1.00005 4 -0.233803 -0.266603 1.82653 1.04892 -2.93713 1.11836 1.00005 5 -0.603532 -0.444135 2.23672 2.58118 -0.162712 0.33531 -2.20119e-16 1.88373e-15 0 0 0 -7.43608e-17 -5.81662e-11 5.69512e-07 0 0 0 3.62652e-15
 1.00005 4 -0.233803 -0.266603 1.82653 1.04892 -2.93713 1.11836 1.00005 5 -0.603532 -0.444135 2.23672 2.58118 -0.162712 0.33531 -2.20119e-16 1.88373e-15 0 0 0 -7.43608e-17 -5.81662e-11 5.69512e-07 0 0 0 3.62652e-15
 1.00015 4 -0.244888 -0.254863 1.80433 -1.21075 2.57862 -0.998679 1.00015 5 -0.603532 -0.444135 2.23672 2.58118 -0.162712 0.33531 -1.44821e-15 -4.52038e-16 0 0 0 1.6281e-17 -5.818e-11 5.69512e-07 0 0 0 -1.33103e-15
 1.00015 4 -0.244888 -0.254863 1.80433 -1.21075 2.57862 -0.998679 1.00015 5 -0.603532 -0.444135 2.23672 2.58118 -0.162712 0.33531 -1.44821e-15 -4.52038e-16 0 0 0 1.6281e-17 -5.818e-11 5.69512e-07 0 0 0 -1.33103e-15
 1.00005 4 -0.263263 -0.253583 1.83845 1.45619 -2.68937 1.02168 1.00005 5 -0.603532 -0.444135 2.23672 2.58118 -0.162712 0.33531 1.13732e-15 8.71647e-16 0 0 0 1.07393e-16 -5.8175e-11 5.69512e-07 0 0 0 -5.55362e-15
 1.00005 4 -0.263263 -0.253583 1.83845 1.45619 -2.68937 1.02168 1.00005 5 -0.603532 -0.444135 2.23672 2.58118 -0.162712 0.33531 1.13732e-15 8.71647e-16 0 0 0 1.07393e-16 -5.8175e-11 5.69512e-07 0 0 0 -5.55362e-15
 1.00006 4 -0.273936 -0.243255 1.80708 1.55716 -2.58676 1.02811 1.00006 5 -0.603532 -0.444135 2.23672 2.58118 -0.162712 0.33531 1.50493e-15 1.55696e-15 0 0 0 1.79392e-14 -5.81756e-11 5.69512e-07 0 0 0 2.44885e-15
 1.00006 4 -0.273936 -0.243255 1.80708 1.55716 -2.58676 1.02811 1.00006 5 -0.603532 -0.444135 2.23672 2.58118 -0.162712 0.33531 1.50493e-15 1.55696e-15 0 0 0 1.79392e-14 -5.81756e-11 5.69512e-07 0 0 0 2.44885e-15
 1.00114 4 -0.28729 -0.236229 1.78053 1.68903 -2.45667 1.04498 1.00114 5 -0.603532 -0.444135 2.23672 2.58118 -0.162712 0.33531 1.41613e-15 7.40636e-16 0 0 0 1.63094e-16 -5.81763e-11 5.69512e-07 0 0 0 -6.2009e-15
 1.00114 4 -0.28729 -0.236229 1.78053 1.68903 -2.45667 1.04498 1.00114 5 -0.603532 -0.444135 2.23672 2.58118 -0.162712 0.33531 1.41613e-15 7.40636e-16 0 0 0 1.63094e-16 -5.81763e-11 5.69512e-07 0 0 0 -6.2009e-15
 1.00005 4 -0.311389 -0.240924 1.82978 1.81172 -2.32769 0.934428 1.00005 5 -0.603532 -0.444135 2.23672 2.58118 -0.162712 0.33531 2.71102e-15 1.50956e-15 0 0 0 1.2675e-16 -5.81743e-11 5.69512e-07 0 0 0 -1.47138e-15
 1.00005 4 -0.311389 -0.240924 1.82978 1.81172 -2.32769 0.934428 1.00005 5 -0.603532 -0.444135 2.23672 2.58118 -0.162712 0.33531 2.71102e-15 1.50956e-15 0 0 0 1.2675e-16 -5.81743e-11 5.69512e-07 0 0 0 -1.47138e-15
 1.00012 4 -0.33585 -0.245204 1.86688 1.95393 -2.25642 0.913008 1.00012 5 -0.603532 -0.444135 2.23672 2.58118 -0.162712 0.33531 -1.73297e-15 -1.63541e-15 0 0 0 7.69001e-17 -5.81692e-11 5.69512e-07 0 0 0 -4.82347e-15
 1.00012 4 -0.33585 -0.245204 1.86688 1.95393 -2.25642 0.913008 1.00012 5 -0.603532 -0.444135 2.23672 2.58118 -0.162712 0.33531 -1.73297e-15 -1.63541e-15 0 0 0 7.69001e-17 -5.81692e-11 5.69512e-07 0 0 0 -4.82347e-15
 1.00005 4 -0.361148 -0.250275 1.90014 2.10741 -2.1262 0.857407 1.00005 5 -0.603532 -0.444135 2.23672 2.58118 -0.162712 0.33531 4.04476e-15 2.20768e-16 0 0 0 3.58142e-17 -5.81695e-11 5.69512e-07 0 0 0 3.80079e-15
 1.00005 4 -0.361148 -0.250275 1.90014 2.10741 -2.1262 0.857407 1.00005 5 -0.603532 -0.444135 2.23672 2.58118 -0.162712 0.33531 4.04476e-15 2.20768e-16 0 0 0 3.58142e-17 -5.81695e-11 5.69512e-07 0 0 0 3.80079e-15
 1.00015 4 -0.373753 -0.249503 1.86911 2.16332 -1.9457 0.876581 1.00015 5 -0.603532 -0.444135 2.23672 2.58118 -0.162712 0.33531 2.24501e-15 1.21161e-15 0 0 0 -1.23069e-18 -5.8169e-11 5.69512e-07 0 0 0 5.61468e-15
 1.00015 4 -0.373753 -0.249503 1.86911 2.16332 -1.9457 0.876581 1.00015 5 -0.603532 -0.444135 2.23672 2.58118 -0.162712 0.33531 2.24501e-15 1.21161e-15 0 0 0 -1.23069e-18 -5.8169e-11 5.69512e-07 0 0 0 5.61468e-15
 1.00016 4 -0.386394 -0.255118 1.89534 2.2354 -1.96432 0.8542 1.00016 5 -0.603532 -0.444135 2.23672 2.58118 -0.162712 0.33531 1.63501e-13 9.79437e-14 0 0 0 3.20667e-14 0.957653 0.287903 0 0 0 2.52557e-05
 1.00016 4 -0.386394 -0.255118 1.89534 2.2354 -1.96432 0.8542 1.00016 5 -0.603532 -0.444135 2.23672 2.58118 -0.162712 0.33531 1.63501e-13 9.79437e-14 0 0 0 3.20667e-14 0.957653 0.287903 0 0 0 2.52557e-05
 1.00036 4 -0.395348 -0.259981 1.9283 2.26785 -1.9043 0.778114 1.00036 5 -0.603532 -0.444135 2.23672 2.58118 -0.162712 0.33531 1.62872e-13 1.1456e-13 0 0 0 2.75698e-14 0.951771 0.306787 0 0 0 2.51017e-05
 1.00036 4 -0.395348 -0.259981 1.9283 2.26785 -1.9043 0.778114 1.00036 5 -0.603532 -0.444135 2.23672 2.58118 -0.162712 0.33531 1.62872e-13 1.1456e-13 0 0 0 2.75698e-14 0.951771 0.306787 0 0 0 2.51017e-05
 1.00013 4 -0.395348 -0.259981 1.9283 2.26785 -1.9043 0.778114 1.00013 5 -0.603532 -0.444135 2.23672 2.58118 -0.162712 0.33531 1.6182e-13 1.00685e-13 0 0 0 3.05042e-14 0.953484 0.301421 0 0 0 2.51461e-05
 1.00013 4 -0.395348 -0.259981 1.9283 2.26785 -1.9043 0.778114 1.00013 5 -0.603532 -0.444135 2.23672 2.58118 -0.162712 0.33531 1.6182e-13 1.00685e-13 0 0 0 3.05042e-14 0.953484 0.301421 0 0 0 2.51461e-05
 1.00007 4 -0.387339 -0.253871 1.88296 2.22144 -1.83176 0.874049 1.00007 5 -0.603532 -0.444135 2.23672 2.58118 -0.162712 0.33531 -2.53034e-10 -1.36155e-10 0 0 0 4.74232e-10 0.951013 0.309129 0 0 0 2.5075e-05
 1.00007 4 -0.387339 -0.253871 1.88296 2.22144 -1.83176 0.874049 1.00007 5 -0.603532 -0.444135 2.23672 2.58118 -0.162712 0.33531 -2.53034e-10 -1.36155e-10 0 0 0 4.74232e-10 0.951013 0.309129 0 0 0 2.5075e-05
 1.00007 4 -0.38907 -0.255439 1.89135 2.23384 -1.85329 0.814286 1.00007 5 -0.603532 -0.444135 2.23672 2.58118 -0.162712 0.33531 5.145e-08 -1.49379e-07 0 0 0 -3.92635e-09 0.95086 0.309626 0 0 0 -1.46721e-05
 1.00007 4 -0.38907 -0.255439 1.89135 2.23384 -1.85329 0.814286 1.00007 5 -0.603532 -0.444135 2.23672 2.58118 -0.162712 0.33531 5.145e-08 -1.49379e-07 0 0 0 -3.92635e-09 0.95086 0.309626 0 0 0 -1.46721e-05
 1.00008 4 -0.38907 -0.255439 1.89135 2.23384 -1.85329 0.814286 1.00008 5 -0.603532 -0.444135 2.23672 2.58118 -0.162712 0.33531 5.10724e-08 -1.57131e-07 0 0 0 -5.15678e-09 0.950868 0.309629 0 0 0 2.96836e-05
 1.00008 4 -0.38907 -0.255439 1.89135 2.23384 -1.85329 0.814286 1.00008 5 -0.603532 -0.444135 2.23672 2.58118 -0.162712 0.33531 5.10724e-08 -1.57131e-07 0 0 0 -5.15678e-09 0.950868 0.309629 0 0 0 2.96836e-05
 1.00007 4 -0.38907 -0.255439 1.89135 2.23384 -1.85329 0.814286 1.00007 5 -0.603532 -0.444135 2.23672 2.58118 -0.162712 0.33531 -2.71418e-07 -2.29526e-07 0 0 0 2.28616e-07 0.950864 0.309627 0 0 0 2.84409e-05
 1.00007 4 -0.38907 -0.255439 1.89135 2.23384 -1.85329 0.814286 1.00007 5 -0.603532 -0.444135 2.23672 2.58118 -0.162712 0.33531 -2.71418e-07 -2.29526e-07 0 0 0 2.28616e-07 0.950864 0.309627 0 0 0 2.84409e-05
 1.00075 4 -0.38907 -0.255439 1.89135 2.23384 -1.85329 0.814286 1.00075 5 -0.603532 -0.444135 2.23672 2.58118 -0.162712 0.33531 2.25551e-07 3.93948e-07 0 0 0 -2.36828e-07 0.950869 0.30963 0 0 0 3.00451e-05
 1.00075 4 -0.38907 -0.255439 1.89135 2.23384 -1.85329 0.814286 1.00075 5 -0.603532 -0.444135 2.23672 2.58118 -0.162712 0.33531 2.25551e-07 3.93948e-07 0 0 0 -2.36828e-07 0.950869 0.30963 0 0 0 3.00451e-05
 1.00116 4 -0.395348 -0.259981 1.9283 2.26785 -1.9043 0.778114 1.00116 5 -0.603532 -0.444135 2.23672 2.58118 -0.162712 0.33531 -1.2515e-15 -6.90665e-17 0 0 0 3.43099e-18 1.13823e-12 1.70254e-08 0 0 0 1.41151e-15
 1.00116 4 -0.395348 -0.259981 1.9283 2.26785 -1.9043 0.778114 1.00116 5 -0.603532 -0.444135 2.23672 2.58118 -0.162712 0.33531 -1.2515e-15 -6.90665e-17 0 0 0 3.43099e-18 1.13823e-12 1.70254e-08 0 0 0 1.41151e-15
 1.00005 4 -0.386394 -0.255118 1.89534 2.2354 -1.96432 0.8542 1.00005 5 -0.603532 -0.444135 2.23672 2.58118 -0.162712 0.33531 -1.20941e-15 -1.12037e-16 0 0 0 5.13864e-18 1.13587e-12 1.70254e-08 0 0 0 -2.37113e-15
 1.00005 4 -0.386394 -0.255118 1.89534 2.2354 -1.96432 0.8542 1.00005 5 -0.603532 -0.444135 2.23672 2.58118 -0.162712 0.33531 -1.20941e-15 -1.12037e-16 0 0 0 5.13864e-18 1.13587e-12 1.70254e-08 0 0 0 -2.37113e-15
 1.00006 4 -0.375816 -0.248999 1.86231 2.14931 -1.92275 0.931362 1.00006 5 -0.603532 -0.444135 2.23672 2.58118 -0.162712 0.33531 1.66834e-13 6.78776e-14 0 0 0 4.65365e-14 -0.965873 -0.258991 0 0 0 -2.5472e-05
 1.00006 4 -0.375816 -0.248999 1.86231 2.14931 -1.92275 0.931362 1.00006 5 -0.603532 -0.444135 2.23672 2.58118 -0.162712 0.33531 1.66834e-13 6.78776e-14 0 0 0 4.65365e-14 -0.965873 -0.258991 0 0 0 -2.5472e-05
 1.00006 4 -0.361148 -0.250275 1.90014 2.10741 -2.1262 0.857407 1.00006 5 -0.603532 -0.444135 2.23672 2.58118 -0.162712 0.33531 1.9502e-13 -6.73565e-14 0 0 0 2.46499e-14 -0.991817 -0.127611 0 0 0 -2.61562e-05
 1.00006 4 -0.361148 -0.250275 1.90014 2.10741 -2.1262 0.857407 1.00006 5 -0.603532 -0.444135 2.23672 2.58118 -0.162712 0.33531 1.9502e-13 -6.73565e-14 0 0 0 2.46499e-14 -0.991817 -0.127611 0 0 0 -2.61562e-05
 1.00286 4 -0.317197 -0.243965 1.85633 1.86876 -2.35023 0.928792 1.00286 5 -0.603532 -0.444135 2.23672 2.58118 -0.162712 0.33531 2.43938e-13 -2.88833e-13 0 0 0 4.56327e-14 -0.995643 0.0931705 0 0 0 -2.62594e-05
 1.00286 4 -0.317197 -0.243965 1.85633 1.86876 -2.35023 0.928792 1.00286 5 -0.603532 -0.444135 2.23672 2.58118 -0.162712 0.33531 2.43938e-13 -2.88833e-13 0 0 0 4.56327e-14 -0.995643 0.0931705 0 0 0 -2.62594e-05
 1.00008 4 -0.255135 -0.251542 1.81417 1.37887 -2.73021 1.00712 1.00008 5 -0.603532 -0.444135 2.23672 2.58118 -0.162712 0.33531 -5.09583e-14 -6.66866e-13 0 0 0 -2.71214e-14 -0.901581 0.432606 0 0 0 -2.3785e-05
 1.00008 4 -0.255135 -0.251542 1.81417 1.37887 -2.73021 1.00712 1.00008 5 -0.603532 -0.444135 2.23672 2.58118 -0.162712 0.33531 -5.09583e-14 -6.66866e-13 0 0 0 -2.71214e-14 -0.901581 0.432606 0 0 0 -2.3785e-05
 1.00013 4 -0.216043 -0.293407 1.85817 0.70057 -3.09724 1.08525 1.00013 5 -0.603532 -0.444135 2.23672 2.58118 -0.162712 0.33531 -1.48932e-10 1.03266e-10 0 0 0 -2.3077e-09 -0.661433 0.750006 0 0 0 -1.74116e-05
 1.00013 4 -0.216043 -0.293407 1.85817 0.70057 -3.09724 1.08525 1.00013 5 -0.603532 -0.444135 2.23672 2.58118 -0.162712 0.33531 -1.48932e-10 1.03266e-10 0 0 0 -2.3077e-09 -0.661433 0.750006 0 0 0 -1.74116e-05
 1.00216 4 -0.231809 -0.264761 1.81104 1.06679 -2.93809 1.16113 1.00216 5 -0.603532 -0.444135 2.23672 2.58118 -0.162712 0.33531 -2.55597e-14 -3.82032e-13 0 0 0 -6.55769e-16 -0.820325 0.571891 0 0 0 -2.16306e-05
 1.00216 4 -0.231809 -0.264761 1.81104 1.06679 -2.93809 1.16113 1.00216 5 -0.603532 -0.444135 2.23672 2.58118 -0.162712 0.33531 -2.55597e-14 -3.82032e-13 0 0 0 -6.55769e-16 -0.820325 0.571891 0 0 0 -2.16306e-05
 1.00011 4 -0.247551 -0.247792 1.77503 1.35972 -2.70613 1.02862 1.00011 5 -0.603532 -0.444135 2.23672 2.58118 -0.162712 0.33531 1.25043e-13 -1.80462e-13 0 0 0 2.53932e-14 -0.900489 0.434866 0 0 0 -2.37475e-05
 1.00011 4 -0.247551 -0.247792 1.77503 1.35972 -2.70613 1.02862 1.00011 5 -0.603532 -0.444135 2.23672 2.58118 -0.162712 0.33531 1.25043e-13 -1.80462e-13 0 0 0 2.53932e-14 -0.900489 0.434866 0 0 0 -2.37475e-05
 1.00012 4 -0.263263 -0.253583 1.83845 1.45619 -2.68937 1.02168 1.00012 5 -0.603532 -0.444135 2.23672 2.58118 -0.162712 0.33531 1.42574e-13 -1.32378e-13 0 0 0 2.65158e-14 -0.91803 0.396495 0 0 0 -2.4212e-05
 1.00012 4 -0.263263 -0.253583 1.83845 1.45619 -2.68937 1.02168 1.00012 5 -0.603532 -0.444135 2.23672 2.58118 -0.162712 0.33531 1.42574e-13 -1.32378e-13 0 0 0 2.65158e-14 -0.91803 0.396495 0 0 0 -2.4212e-05
 1.0001 4 -0.252959 -0.252351 1.80781 1.36325 -2.7526 1.04417 1.0001 5 -0.603532 -0.444135 2.23672 2.58118 -0.162712 0.33531 -1.96799e-15 -2.43333e-15 0 0 0 -1.73548e-17 2.0935e-11 1.72716e-07 0 0 0 -3.29107e-16
 1.0001 4 -0.252959 -0.252351 1.80781 1.36325 -2.7526 1.04417 1.0001 5 -0.603532 -0.444135 2.23672 2.58118 -0.162712 0.33531 -1.96799e-15 -2.43333e-15 0 0 0 -1.73548e-17 2.0935e-11 1.72716e-07 0 0 0 -3.29107e-16
 1.00005 4 -0.241225 -0.251905 1.78037 1.27248 -2.7583 1.06065 1.00005 5 -0.603532 -0.444135 2.23672 2.58118 -0.162712 0.33531 5.98087e-15 1.23831e-15 0 0 0 -1.93633e-17 2.09333e-11 1.72716e-07 0 0 0 1.11656e-16
 1.00005 4 -0.241225 -0.251905 1.78037 1.27248 -2.7583 1.06065 1.00005 5 -0.603532 -0.444135 2.23672 2.58118 -0.162712 0.33531 5.98087e-15 1.23831e-15 0 0 0 -1.93633e-17 2.09333e-11 1.72716e-07 0 0 0 1.11656e-16
 1.00013 4 -0.236744 -0.258058 1.79914 1.35026 -2.72324 -1.3148 1.00013 5 -0.603532 -0.444135 2.23672 2.58118 -0.162712 0.33531 2.54785e-15 -3.04624e-16 0 0 0 -2.41582e-17 2.09365e-11 1.72716e-07 0 0 0 2.6531e-15
 1.00013 4 -0.236744 -0.258058 1.79914 1.35026 -2.72324 -1.3148 1.00013 5 -0.603532 -0.444135 2.23672 2.58118 -0.162712 0.33531 2.54785e-15 -3.04624e-16 0 0 0 -2.41582e-17 2.09365e-11 1.72716e-07 0 0 0 2.6531e-15
 1.00005 4 -0.227012 -0.259767 1.77681 1.05685 -2.91063 1.17203 1.00005 5 -0.603532 -0.444135 2.23672 2.58118 -0.162712 0.33531 -3.59273e-15 1.57691e-15 0 0 0 -2.16249e-17 2.09372e-11 1.72716e-07 0 0 0 1.15617e-15
 1.00005 4 -0.227012 -0.259767 1.77681 1.05685 -2.91063 1.17203 1.00005 5 -0.603532 -0.444135 2.23672 2.58118 -0.162712 0.33531 -3.59273e-15 1.57691e-15 0 0 0 -2.16249e-17 2.09372e-11 1.72716e-07 0 0 0 1.15617e-15
 1.00012 4 -0.224265 -0.268961 1.80495 0.986762 -2.96325 1.14801 1.00012 5 -0.603532 -0.444135 2.23672 2.58118 -0.162712 0.33531 -2.09544e-15 2.46547e-15 0 0 0 -1.40104e-17 2.09368e-11 1.72716e-07 0 0 0 2.91672e-16
 1.00012 4 -0.224265 -0.268961 1.80495 0.986762 -2.96325 1.14801 1.00012 5 -0.603532 -0.444135 2.23672 2.58118 -0.162712 0.33531 -2.09544e-15 2.46547e-15 0 0 0 -1.40104e-17 2.09368e-11 1.72716e-07 0 0 0 2.91672e-16
 1.00009 4 -0.224095 -0.280055 1.84182 0.895456 -3.0144 1.07873 1.00009 5 -0.603532 -0.444135 2.23672 2.58118 -0.162712 0.33531 -5.67277e-15 -2.48075e-15 0 0 0 1.778e-14 2.09387e-11 1.72716e-07 0 0 0 3.83773e-15
 1.00009 4 -0.224095 -0.280055 1.84182 0.895456 -3.0144 1.07873 1.00009 5 -0.603532 -0.444135 2.23672 2.58118 -0.162712 0.33531 -5.67277e-15 -2.48075e-15 0 0 0 1.778e-14 2.09387e-11 1.72716e-07 0 0 0 3.83773e-15
 1.00011 4 -0.221738 -0.28992 1.86929 0.804374 -3.0337 1.07671 1.00011 5 -0.603532 -0.444135 2.23672 2.58118 -0.162712 0.33531 -1.60932e-15 7.98317e-16 0 0 0 -1.88256e-17 2.09395e-11 1.72716e-07 0 0 0 9.2203e-17
 1.00011 4 -0.221738 -0.28992 1.86929 0.804374 -3.0337 1.07671 1.00011 5 -0.603532 -0.444135 2.23672 2.58118 -0.162712 0.33531 -1.60932e-15 7.98317e-16 0 0 0 -1.88256e-17 2.09395e-11 1.72716e-07 0 0 0 9.2203e-17
 1.0001 4 -0.218778 -0.294894 1.87042 -0.645338 2.68838 -0.951528 1.0001 5 -0.603532 -0.444135 2.23672 2.58118 -0.162712 0.33531 -4.35112e-16 -2.81058e-15 0 0 0 -4.4727e-19 -3.88225e-13 6.31888e-08 0 0 0 -1.91642e-15
 1.0001 4 -0.218778 -0.294894 1.87042 -0.645338 2.68838 -0.951528 1.0001 5 -0.603532 -0.444135 2.23672 2.58118 -0.162712 0.33531 -4.35112e-16 -2.81058e-15 0 0 0 -4.4727e-19 -3.88225e-13 6.31888e-08 0 0 0 -1.91642e-15
 1.00023 4 -0.21752 -0.286276 1.83753 0.794867 -3.0795 1.088 1.00023 5 -0.603532 -0.444135 2.23672 2.58118 -0.162712 0.33531 7.3141e-15 1.30552e-15 0 0 0 2.02128e-17 -3.84844e-13 6.31888e-08 0 0 0 3.61485e-15
 1.00023 4 -0.21752 -0.286276 1.83753 0.794867 -3.0795 1.088 1.00023 5 -0.603532 -0.444135 2.23672 2.58118 -0.162712 0.33531 7.3141e-15 1.30552e-15 0 0 0 2.02128e-17 -3.84844e-13 6.31888e-08 0 0 0 3.61485e-15
 1.00005 4 -0.218755 -0.279695 1.82259 0.872554 -3.02801 1.11306 1.00005 5 -0.603532 -0.444135 2.23672 2.58118 -0.162712 0.33531 -2.91139e-15 1.14223e-15 0 0 0 -2.14511e-18 -3.82854e-13 6.31888e-08 0 0 0 1.07409e-15
 1.00005 4 -0.218755 -0.279695 1.82259 0.872554 -3.02801 1.11306 1.00005 5 -0.603532 -0.444135 2.23672 2.58118 -0.162712 0.33531 -2.91139e-15 1.14223e-15 0 0 0 -2.14511e-18 -3.82854e-13 6.31888e-08 0 0 0 1.07409e-15
 1.00009 4 -0.217099 -0.271856 1.78787 0.921242 -3.01926 1.10451 1.00009 5 -0.603532 -0.444135 2.23672 2.58118 -0.162712 0.33531 -3.96832e-15 9.68082e-16 0 0 0 1.66516e-17 -3.84517e-13 6.31888e-08 0 0 0 1.99324e-16
 1.00009 4 -0.217099 -0.271856 1.78787 0.921242 -3.01926 1.10451 1.00009 5 -0.603532 -0.444135 2.23672 2.58118 -0.162712 0.33531 -3.96832e-15 9.68082e-16 0 0 0 1.66516e-17 -3.84517e-13 6.31888e-08 0 0 0 1.99324e-16
 1.00016 4 -0.23191 -0.280383 1.86995 0.959421 -2.98784 1.04311 1.00016 5 -0.603532 -0.444135 2.23672 2.58118 -0.162712 0.33531 -5.22439e-15 1.0224e-15 0 0 0 -9.50186e-18 -3.82767e-13 6.31888e-08 0 0 0 1.32477e-16
 1.00016 4 -0.23191 -0.280383 1.86995 0.959421 -2.98784 1.04311 1.00016 5 -0.603532 -0.444135 2.23672 2.58118 -0.162712 0.33531 -5.22439e-15 1.0224e-15 0 0 0 -9.50186e-18 -3.82767e-13 6.31888e-08 0 0 0 1.32477e-16
 1.00015 4 -0.231289 -0.272535 1.84056 1.03122 -2.932 1.07037 1.00015 5 -0.603532 -0.444135 2.23672 2.58118 -0.162712 0.33531 2.68085e-15 9.79069e-16 0 0 0 1.02498e-17 -3.79534e-13 6.31888e-08 0 0 0 1.63661e-15
 1.00015 4 -0.231289 -0.272535 1.84056 1.03122 -2.932 1.07037 1.00015 5 -0.603532 -0.444135 2.23672 2.58118 -0.162712 0.33531 2.68085e-15 9.79069e-16 0 0 0 1.02498e-17 -3.79534e-13 6.31888e-08 0 0 0 1.63661e-15
 1.00016 4 -0.227012 -0.259767 1.77681 1.05685 -2.91063 1.17203 1.00016 5 -0.603532 -0.444135 2.23672 2.58118 -0.162712 0.33531 1.70503e-15 1.16797e-15 0 0 0 2.50168e-18 -3.84352e-13 6.31888e-08 0 0 0 7.28146e-16
 1.00016 4 -0.227012 -0.259767 1.77681 1.05685 -2.91063 1.17203 1.00016 5 -0.603532 -0.444135 2.23672 2.58118 -0.162712 0.33531 1.70503e-15 1.16797e-15 0 0 0 2.50168e-18 -3.84352e-13 6.31888e-08 0 0 0 7.28146e-16
 1.00009 4 -0.233925 -0.260782 1.80117 1.15257 -2.89617 1.06988 1.00009 5 -0.603532 -0.444135 2.23672 2.58118 -0.162712 0.33531 9.52115e-16 -3.03781e-15 0 0 0 1.66242e-17 -3.86064e-13 6.31888e-08 0 0 0 -3.32956e-15
 1.00009 4 -0.233925 -0.260782 1.80117 1.15257 -2.89617 1.06988 1.00009 5 -0.603532 -0.444135 2.23672 2.58118 -0.162712 0.33531 9.52115e-16 -3.03781e-15 0 0 0 1.66242e-17 -3.86064e-13 6.31888e-08 0 0 0 -3.32956e-15
 1.00012 4 -0.236893 -0.25689 1.79177 1.1556 -2.86907 1.14769 1.00012 5 -0.603532 -0.444135 2.23672 2.58118 -0.162712 0.33531 -1.84965e-16 -2.81025e-15 0 0 0 1.03894e-17 -3.81738e-13 6.31888e-08 0 0 0 -1.10645e-15
 1.00012 4 -0.236893 -0.25689 1.79177 1.1556 -2.86907 1.14769 1.00012 5 -0.603532 -0.444135 2.23672 2.58118 -0.162712 0.33531 -1.84965e-16 -2.81025e-15 0 0 0 1.03894e-17 -3.81738e-13 6.31888e-08 0 0 0 -1.10645e-15
 1.00007 4 -0.241761 -0.254206 1.79371 -1.141 2.56976 -0.975893 1.00007 5 -0.603532 -0.444135 2.23672 2.58118 -0.162712 0.33531 -1.93003e-16 -2.31294e-15 0 0 0 7.93502e-18 -3.84675e-13 6.31888e-08 0 0 0 -1.23594e-15
 1.00007 4 -0.241761 -0.254206 1.79371 -1.141 2.56976 -0.975893 1.00007 5 -0.603532 -0.444135 2.23672 2.58118 -0.162712 0.33531 -1.93003e-16 -2.31294e-15 0 0 0 7.93502e-18 -3.84675e-13 6.31888e-08 0 0 0 -1.23594e-15
 1.00011 4 -0.250154 -0.256814 1.82727 1.30564 -2.76007 1.00217 1.00011 5 -0.603532 -0.444135 2.23672 2.58118 -0.162712 0.33531 -5.22822e-16 2.57359e-15 0 0 0 1.84076e-18 -3.86189e-13 6.31888e-08 0 0 0 9.28059e-16
 1.00011 4 -0.250154 -0.256814 1.82727 1.30564 -2.76007 1.00217 1.00011 5 -0.603532 -0.444135 2.23672 2.58118 -0.162712 0.33531 -5.22822e-16 2.57359e-15 0 0 0 1.84076e-18 -3.86189e-13 6.31888e-08 0 0 0 9.28059e-16
 1.00012 4 -0.252959 -0.252351 1.80781 1.36325 -2.7526 1.04417 1.00012 5 -0.603532 -0.444135 2.23672 2.58118 -0.162712 0.33531 4.33678e-15 3.16113e-15 0 0 0 1.77618e-14 -3.87734e-13 6.31888e-08 0 0 0 3.01917e-15
 1.00012 4 -0.252959 -0.252351 1.80781 1.36325 -2.7526 1.04417 1.00012 5 -0.603532 -0.444135 2.23672 2.58118 -0.162712 0.33531 4.33678e-15 3.16113e-15 0 0 0 1.77618e-14 -3.87734e-13 6.31888e-08 0 0 0 3.01917e-15
 1.00025 4 -0.263529 -0.255939 1.85229 1.4338 -2.68028 0.982499 1.00025 5 -0.603532 -0.444135 2.23672 2.58118 -0.162712 0.33531 -4.43227e-16 -8.01904e-16 0 0 0 1.43889e-17 -3.85639e-13 6.31888e-08 0 0 0 1.281e-15
 1.00025 4 -0.263529 -0.255939 1.85229 1.4338 -2.68028 0.982499 1.00025 5 -0.603532 -0.444135 2.23672 2.58118 -0.162712 0.33531 -4.43227e-16 -8.01904e-16 0 0 0 1.43889e-17 -3.85639e-13 6.31888e-08 0 0 0 1.281e-15
 0.999941 4 -0.260669 -0.246563 1.79981 1.4346 -2.66757 1.047 0.999941 5 -0.603532 -0.444135 2.23672 2.58118 -0.162712 0.33531 -2.28344e-16 -3.51116e-16 0 0 0 1.612e-18 -3.83835e-13 6.31888e-08 0 0 0 -9.78737e-16
 0.999941 4 -0.260669 -0.246563 1.79981 1.4346 -2.66757 1.047 0.999941 5 -0.603532 -0.444135 2.23672 2.58118 -0.162712 0.33531 -2.28344e-16 -3.51116e-16 0 0 0 1.612e-18 -3.83835e-13 6.31888e-08 0 0 0 -9.78737e-16
 1.00007 4 -0.263324 -0.241894 1.77815 1.50409 -2.63759 1.05001 1.00007 5 -0.603532 -0.444135 2.23672 2.58118 -0.162712 0.33531 7.71448e-16 3.41545e-16 0 0 0 -8.20414e-19 -3.89098e-13 6.31888e-08 0 0 0 2.48191e-16
 1.00007 4 -0.263324 -0.241894 1.77815 1.50409 -2.63759 1.05001 1.00007 5 -0.603532 -0.444135 2.23672 2.58118 -0.162712 0.33531 7.71448e-16 3.41545e-16 0 0 0 -8.20414e-19 -3.89098e-13 6.31888e-08 0 0 0 2.48191e-16
 1.00007 4 -0.269714 -0.241424 1.79031 1.57902 -2.59298 1.06504 1.00007 5 -0.603532 -0.444135 2.23672 2.58118 -0.162712 0.33531 1.42233e-15 7.0369e-16 0 0 0 6.78755e-18 -3.85515e-13 6.31888e-08 0 0 0 3.61308e-16
 1.00007 4 -0.269714 -0.241424 1.79031 1.57902 -2.59298 1.06504 1.00007 5 -0.603532 -0.444135 2.23672 2.58118 -0.162712 0.33531 1.42233e-15 7.0369e-16 0 0 0 6.78755e-18 -3.85515e-13 6.31888e-08 0 0 0 3.61308e-16
 1.00011 4 -0.281405 -0.245593 1.83101 1.60948 -2.53363 1.00505 1.00011 5 -0.603532 -0.444135 2.23672 2.58118 -0.162712 0.33531 2.13933e-15 1.21361e-15 0 0 0 6.88036e-18 -3.82316e-13 6.31888e-08 0 0 0 -1.3586e-15
 1.00011 4 -0.281405 -0.245593 1.83101 1.60948 -2.53363 1.00505 1.00011 5 -0.603532 -0.444135 2.23672 2.58118 -0.162712 0.33531 2.13933e-15 1.21361e-15 0 0 0 6.88036e-18 -3.82316e-13 6.31888e-08 0 0 0 -1.3586e-15
 1.00011 4 -0.284426 -0.242132 1.81499 1.64168 -2.51749 1.00588 1.00011 5 -0.603532 -0.444135 2.23672 2.58118 -0.162712 0.33531 2.98046e-15 1.4152e-15 0 0 0 4.00331e-18 -3.81464e-13 6.31888e-08 0 0 0 -8.10511e-16
 1.00011 4 -0.284426 -0.242132 1.81499 1.64168 -2.51749 1.00588 1.00011 5 -0.603532 -0.444135 2.23672 2.58118 -0.162712 0.33531 2.98046e-15 1.4152e-15 0 0 0 4.00331e-18 -3.81464e-13 6.31888e-08 0 0 0 -8.10511e-16
 1.00007 4 -0.293865 -0.244173 1.83709 1.68423 -2.48873 1.01975 1.00007 5 -0.603532 -0.444135 2.23672 2.58118 -0.162712 0.33531 -4.97707e-15 1.74405e-15 0 0 0 3.87482e-18 -3.86915e-13 6.31888e-08 0 0 0 -4.60618e-15
 1.00007 4 -0.293865 -0.244173 1.83709 1.68423 -2.48873 1.01975 1.00007 5 -0.603532 -0.444135 2.23672 2.58118 -0.162712 0.33531 -4.97707e-15 1.74405e-15 0 0 0 3.87482e-18 -3.86915e-13 6.31888e-08 0 0 0 -4.60618e-15
 1.00011 4 -0.292553 -0.237633 1.7976 1.73052 -2.42527 1.05714 1.00011 5 -0.603532 -0.444135 2.23672 2.58118 -0.162712 0.33531 -4.07559e-15 1.83219e-15 0 0 0 5.21264e-18 -3.84509e-13 6.31888e-08 0 0 0 -7.81787e-16
 1.00011 4 -0.292553 -0.237633 1.7976 1.73052 -2.42527 1.05714 1.00011 5 -0.603532 -0.444135 2.23672 2.58118 -0.162712 0.33531 -4.07559e-15 1.83219e-15 0 0 0 5.21264e-18 -3.84509e-13 6.31888e-08 0 0 0 -7.81787e-16
 1.00007 4 -0.29547 -0.233773 1.7743 2.17588 -2.53057 -1.17013 1.00007 5 -0.603532 -0.444135 2.23672 2.58118 -0.162712 0.33531 -3.1056e-15 2.12189e-15 0 0 0 3.43911e-18 -3.8441e-13 6.31888e-08 0 0 0 -1.94486e-15
 1.00007 4 -0.29547 -0.233773 1.7743 2.17588 -2.53057 -1.17013 1.00007 5 -0.603532 -0.444135 2.23672 2.58118 -0.162712 0.33531 -3.1056e-15 2.12189e-15 0 0 0 3.43911e-18 -3.8441e-13 6.31888e-08 0 0 0 -1.94486e-15
 1.00007 4 -0.309318 -0.23989 1.82514 1.83578 -2.36519 1.00109 1.00007 5 -0.603532 -0.444135 2.23672 2.58118 -0.162712 0.33531 -2.14463e-15 2.18694e-15 0 0 0 2.37224e-18 -3.82794e-13 6.31888e-08 0 0 0 3.06218e-15
 1.00007 4 -0.309318 -0.23989 1.82514 1.83578 -2.36519 1.00109 1.00007 5 -0.603532 -0.444135 2.23672 2.58118 -0.162712 0.33531 -2.14463e-15 2.18694e-15 0 0 0 2.37224e-18 -3.82794e-13 6.31888e-08 0 0 0 3.06218e-15
 1.0001 4 -0.318242 -0.24147 1.83763 -1.85181 2.30076 -0.99995 1.0001 5 -0.603532 -0.444135 2.23672 2.58118 -0.162712 0.33531 7.64465e-15 2.28693e-15 0 0 0 2.71579e-18 -3.88503e-13 6.31888e-08 0 0 0 -3.31166e-17
 1.0001 4 -0.318242 -0.24147 1.83763 -1.85181 2.30076 -0.99995 1.0001 5 -0.603532 -0.444135 2.23672 2.58118 -0.162712 0.33531 7.64465e-15 2.28693e-15 0 0 0 2.71579e-18 -3.88503e-13 6.31888e-08 0 0 0 -3.31166e-17
 1.00009 4 -0.325531 -0.241653 1.84272 1.94031 -2.30314 0.938264 1.00009 5 -0.603532 -0.444135 2.23672 2.58118 -0.162712 0.33531 -3.39197e-16 2.21284e-15 0 0 0 1.27657e-18 -3.83947e-13 6.31888e-08 0 0 0 3.68015e-15
 1.00009 4 -0.325531 -0.241653 1.84272 1.94031 -2.30314 0.938264 1.00009 5 -0.603532 -0.444135 2.23672 2.58118 -0.162712 0.33531 -3.39197e-16 2.21284e-15 0 0 0 1.27657e-18 -3.83947e-13 6.31888e-08 0 0 0 3.68015e-15
 1.00005 4 -0.348879 -0.248695 1.89069 2.00726 -2.17204 0.900033 1.00005 5 -0.603532 -0.444135 2.23672 2.58118 -0.162712 0.33531 1.9365e-13 1.03798e-13 0 0 0 2.66962e-14 0.995874 0.0906704 0 0 0 2.62648e-05
 1.00005 4 -0.348879 -0.248695 1.89069 2.00726 -2.17204 0.900033 1.00005 5 -0.603532 -0.444135 2.23672 2.58118 -0.162712 0.33531 1.9365e-13 1.03798e-13 0 0 0 2.66962e-14 0.995874 0.0906704 0 0 0 2.62648e-05
 1.00013 4 -0.383102 -0.254246 1.90485 2.19662 -1.94501 0.82755 1.00013 5 -0.603532 -0.444135 2.23672 2.58118 -0.162712 0.33531 1.68388e-13 3.02586e-13 0 0 0 3.72642e-14 0.957778 0.287489 0 0 0 2.52623e-05
 1.00013 4 -0.383102 -0.254246 1.90485 2.19662 -1.94501 0.82755 1.00013 5 -0.603532 -0.444135 2.23672 2.58118 -0.162712 0.33531 1.68388e-13 3.02586e-13 0 0 0 3.72642e-14 0.957778 0.287489 0 0 0 2.52623e-05
 1.00006 4 -0.376922 -0.253541 1.90907 2.15554 -2.03828 0.843066 1.00006 5 -0.603532 -0.444135 2.23672 2.58118 -0.162712 0.33531 1.73065e-13 7.77668e-14 0 0 0 3.55685e-14 0.976903 0.213653 0 0 0 2.57633e-05
 1.00006 4 -0.376922 -0.253541 1.90907 2.15554 -2.03828 0.843066 1.00006 5 -0.603532 -0.444135 2.23672 2.58118 -0.162712 0.33531 1.73065e-13 7.77668e-14 0 0 0 3.55685e-14 0.976903 0.213653 0 0 0 2.57633e-05
 1.00013 4 -0.37043 -0.250068 1.88276 2.139 -2.00572 0.812986 1.00013 5 -0.603532 -0.444135 2.23672 2.58118 -0.162712 0.33531 1.71037e-13 7.62988e-14 0 0 0 3.03694e-14 0.977121 0.212652 0 0 0 2.57699e-05
 1.00013 4 -0.37043 -0.250068 1.88276 2.139 -2.00572 0.812986 1.00013 5 -0.603532 -0.444135 2.23672 2.58118 -0.162712 0.33531 1.71037e-13 7.62988e-14 0 0 0 3.03694e-14 0.977121 0.212652 0 0 0 2.57699e-05
 1.00007 4 -0.397681 -0.260321 1.93093 2.27742 -1.86805 0.688193 1.00007 5 -0.603532 -0.444135 2.23672 2.58118 -0.162712 0.33531 -5.91882e-10 -2.60356e-10 0 0 0 1.12308e-09 0.952196 0.305468 0 0 0 2.50977e-05
 1.00007 4 -0.397681 -0.260321 1.93093 2.27742 -1.86805 0.688193 1.00007 5 -0.603532 -0.444135 2.23672 2.58118 -0.162712 0.33531 -5.91882e-10 -2.60356e-10 0 0 0 1.12308e-09 0.952196 0.305468 0 0 0 2.50977e-05
 1.00013 4 -0.382582 -0.253168 1.89367 2.23426 -1.96249 0.854218 1.00013 5 -0.603532 -0.444135 2.23672 2.58118 -0.162712 0.33531 1.6677e-13 8.85228e-14 0 0 0 3.09465e-14 0.962217 0.27226 0 0 0 2.53765e-05
 1.00013 4 -0.382582 -0.253168 1.89367 2.23426 -1.96249 0.854218 1.00013 5 -0.603532 -0.444135 2.23672 2.58118 -0.162712 0.33531 1.6677e-13 8.85228e-14 0 0 0 3.09465e-14 0.962217 0.27226 0 0 0 2.53765e-05
 1.00007 4 -0.395348 -0.259981 1.9283 2.26785 -1.9043 0.778114 1.00007 5 -0.603532 -0.444135 2.23672 2.58118 -0.162712 0.33531 1.69193e-13 1.02047e-13 0 0 0 3.17538e-14 0.953433 0.301582 0 0 0 2.51444e-05
 1.00007 4 -0.395348 -0.259981 1.9283 2.26785 -1.9043 0.778114 1.00007 5 -0.603532 -0.444135 2.23672 2.58118 -0.162712 0.33531 1.69193e-13 1.02047e-13 0 0 0 3.17538e-14 0.953433 0.301582 0 0 0 2.51444e-05
 1.00007 4 -0.39481 -0.258597 1.92139 2.25532 -1.88308 0.842474 1.00007 5 -0.603532 -0.444135 2.23672 2.58118 -0.162712 0.33531 1.67041e-13 1.01494e-13 0 0 0 3.05028e-14 0.951462 0.307744 0 0 0 2.50927e-05
 1.00007 4 -0.39481 -0.258597 1.92139 2.25532 -1.88308 0.842474 1.00007 5 -0.603532 -0.444135 2.23672 2.58118 -0.162712 0.33531 1.67041e-13 1.01494e-13 0 0 0 3.05028e-14 0.951462 0.307744 0 0 0 2.50927e-05
 1.00008 4 -0.395348 -0.259981 1.9283 2.26785 -1.9043 0.778114 1.00008 5 -0.603532 -0.444135 2.23672 2.58118 -0.162712 0.33531 -1.17462e-16 4.58497e-18 0 0 0 4.92586e-18 3.84207e-13 6.62176e-09 0 0 0 5.13288e-16
 1.00008 4 -0.395348 -0.259981 1.9283 2.26785 -1.9043 0.778114 1.00008 5 -0.603532 -0.444135 2.23672 2.58118 -0.162712 0.33531 -1.17462e-16 4.58497e-18 0 0 0 4.92586e-18 3.84207e-13 6.62176e-09 0 0 0 5.13288e-16
 1.00006 4 -0.387237 -0.255534 1.89518 2.23538 -1.90831 0.8317 1.00006 5 -0.603532 -0.444135 2.23672 2.58118 -0.162712 0.33531 -5.01441e-15 -7.06416e-17 0 0 0 1.77651e-14 -0.956957 -0.290209 0 0 0 -2.53068e-05
 1.00006 4 -0.387237 -0.255534 1.89518 2.23538 -1.90831 0.8317 1.00006 5 -0.603532 -0.444135 2.23672 2.58118 -0.162712 0.33531 -5.01441e-15 -7.06416e-17 0 0 0 1.77651e-14 -0.956957 -0.290209 0 0 0 -2.53068e-05
 1.00011 4 -0.37343 -0.250011 1.87609 2.17771 -1.96887 0.818249 1.00011 5 -0.603532 -0.444135 2.23672 2.58118 -0.162712 0.33531 1.7894e-13 4.13562e-14 0 0 0 2.77979e-14 -0.971069 -0.238769 0 0 0 -2.56088e-05
 1.00011 4 -0.37343 -0.250011 1.87609 2.17771 -1.96887 0.818249 1.00011 5 -0.603532 -0.444135 2.23672 2.58118 -0.162712 0.33531 1.7894e-13 4.13562e-14 0 0 0 2.77979e-14 -0.971069 -0.238769 0 0 0 -2.56088e-05
 1.00011 4 -0.339061 -0.239463 1.82383 2.00003 -2.15141 0.93629 1.00011 5 -0.603532 -0.444135 2.23672 2.58118 -0.162712 0.33531 1.98681e-13 -1.24186e-13 0 0 0 2.38627e-14 -0.997044 -0.0767361 0 0 0 -2.62944e-05
 1.00011 4 -0.339061 -0.239463 1.82383 2.00003 -2.15141 0.93629 1.00011 5 -0.603532 -0.444135 2.23672 2.58118 -0.162712 0.33531 1.98681e-13 -1.24186e-13 0 0 0 2.38627e-14 -0.997044 -0.0767361 0 0 0 -2.62944e-05
 1.00008 4 -0.293571 -0.240681 1.81417 1.72214 -2.44516 0.979818 1.00008 5 -0.603532 -0.444135 2.23672 2.58118 -0.162712 0.33531 2.63839e-13 -3.92539e-13 0 0 0 4.73502e-14 -0.978986 0.2039 0 0 0 -2.58219e-05
 1.00008 4 -0.293571 -0.240681 1.81417 1.72214 -2.44516 0.979818 1.00008 5 -0.603532 -0.444135 2.23672 2.58118 -0.162712 0.33531 2.63839e-13 -3.92539e-13 0 0 0 4.73502e-14 -0.978986 0.2039 0 0 0 -2.58219e-05
 1.00009 4 -0.25314 -0.260757 1.85231 1.34527 -2.7919 1.01938 1.00009 5 -0.603532 -0.444135 2.23672 2.58118 -0.162712 0.33531 -2.6397e-13 -8.13261e-13 0 0 0 -6.45096e-14 -0.867321 0.49775 0 0 0 -2.2883e-05
 1.00009 4 -0.25314 -0.260757 1.85231 1.34527 -2.7919 1.01938 1.00009 5 -0.603532 -0.444135 2.23672 2.58118 -0.162712 0.33531 -2.6397e-13 -8.13261e-13 0 0 0 -6.45096e-14 -0.867321 0.49775 0 0 0 -2.2883e-05
 1.00008 4 -0.211793 -0.278887 1.79272 0.808658 -3.04986 1.14254 1.00008 5 -0.603532 -0.444135 2.23672 2.58118 -0.162712 0.33531 -2.33434e-13 -4.76852e-13 0 0 0 -4.02961e-14 -0.690239 0.72358 0 0 0 -1.81974e-05
 1.00008 4 -0.211793 -0.278887 1.79272 0.808658 -3.04986 1.14254 1.00008 5 -0.603532 -0.444135 2.23672 2.58118 -0.162712 0.33531 -2.33434e-13 -4.76852e-13 0 0 0 -4.02961e-14 -0.690239 0.72358 0 0 0 -1.81974e-05
 1.00006 4 -0.238808 -0.269879 1.85206 1.10724 -2.93553 1.00485 1.00006 5 -0.603532 -0.444135 2.23672 2.58118 -0.162712 0.33531 2.01331e-14 -3.12411e-13 0 0 0 6.6806e-15 -0.823467 0.567358 0 0 0 -2.17143e-05
 1.00006 4 -0.238808 -0.269879 1.85206 1.10724 -2.93553 1.00485 1.00006 5 -0.603532 -0.444135 2.23672 2.58118 -0.162712 0.33531 2.01331e-14 -3.12411e-13 0 0 0 6.6806e-15 -0.823467 0.567358 0 0 0 -2.17143e-05
 1.00011 4 -0.245873 -0.255007 1.8054 1.30936 -2.78789 1.07827 1.00011 5 -0.603532 -0.444135 2.23672 2.58118 -0.162712 0.33531 1.15549e-13 -1.84033e-13 0 0 0 2.24011e-14 -0.878118 0.478432 0 0 0 -2.31578e-05
 1.00011 4 -0.245873 -0.255007 1.8054 1.30936 -2.78789 1.07827 1.00011 5 -0.603532 -0.444135 2.23672 2.58118 -0.162712 0.33531 1.15549e-13 -1.84033e-13 0 0 0 2.24011e-14 -0.878118 0.478432 0 0 0 -2.31578e-05
 1.00027 4 -0.251719 -0.255374 1.82315 1.32713 -2.71332 1.04159 1.00027 5 -0.603532 -0.444135 2.23672 2.58118 -0.162712 0.33531 1.29411e-13 -1.56791e-13 0 0 0 2.29671e-14 -0.889767 0.456402 0 0 0 -2.34669e-05
 1.00027 4 -0.251719 -0.255374 1.82315 1.32713 -2.71332 1.04159 1.00027 5 -0.603532 -0.444135 2.23672 2.58118 -0.162712 0.33531 1.29411e-13 -1.56791e-13 0 0 0 2.29671e-14 -0.889767 0.456402 0 0 0 -2.34669e-05
 1.00013 4 -0.245873 -0.255007 1.8054 1.30936 -2.78789 1.07827 1.00013 5 -0.603532 -0.444135 2.23672 2.58118 -0.162712 0.33531 -2.19721e-15 -2.81672e-15 0 0 0 -1.91061e-17 4.51349e-12 5.26386e-08 0 0 0 -1.79294e-16
 1.00013 4 -0.245873 -0.255007 1.8054 1.30936 -2.78789 1.07827 1.00013 5 -0.603532 -0.444135 2.23672 2.58118 -0.162712 0.33531 -2.19721e-15 -2.81672e-15 0 0 0 -1.91061e-17 4.51349e-12 5.26386e-08 0 0 0 -1.79294e-16
 1.00011 4 -0.246207 -0.262435 1.84259 1.18996 -2.87943 1.09502 1.00011 5 -0.603532 -0.444135 2.23672 2.58118 -0.162712 0.33531 -1.82267e-15 -2.51974e-15 0 0 0 7.21192e-18 4.50757e-12 5.26386e-08 0 0 0 7.4305e-16
 1.00011 4 -0.246207 -0.262435 1.84259 1.18996 -2.87943 1.09502 1.00011 5 -0.603532 -0.444135 2.23672 2.58118 -0.162712 0.33531 -1.82267e-15 -2.51974e-15 0 0 0 7.21192e-18 4.50757e-12 5.26386e-08 0 0 0 7.4305e-16
