 1.00012 4 -0.947031 -0.371264 3.76552 2.49377 -1.79671 -0.071475 1.00012 5 -1.08393 -0.544643 3.8468 3.10207 3.85751e-06 -0.115474 0 0 0 0 0 0 0 0 0 0 0 0
 1.00012 4 -0.947031 -0.371264 3.76552 2.49377 -1.79671 -0.071475 1.00012 5 -1.08393 -0.544643 3.8468 3.10207 3.85751e-06 -0.115474 0 0 0 0 0 0 0 0 0 0 0 0
 1.00014 4 -0.947031 -0.371264 3.76552 2.49377 -1.79671 -0.071475 1.00014 5 -1.08393 -0.544643 3.8468 3.10207 3.85751e-06 -0.115474 0 0 0 0 0 0 0 0 0 0 0 0
 1.00014 4 -0.947031 -0.371264 3.76552 2.49377 -1.79671 -0.071475 1.00014 5 -1.08393 -0.544643 3.8468 3.10207 3.85751e-06 -0.115474 0 0 0 0 0 0 0 0 0 0 0 0
 1.00004 4 -0.947031 -0.371264 3.76552 2.49377 -1.79671 -0.071475 1.00004 5 -1.08393 -0.544643 3.8468 3.10207 3.85751e-06 -0.115474 0 0 0 0 0 0 0 0 0 0 0 0
 1.00004 4 -0.947031 -0.371264 3.76552 2.49377 -1.79671 -0.071475 1.00004 5 -1.08393 -0.544643 3.8468 3.10207 3.85751e-06 -0.115474 0 0 0 0 0 0 0 0 0 0 0 0
 1.00008 4 -0.947031 -0.371264 3.76552 2.49377 -1.79671 -0.071475 1.00008 5 -1.08393 -0.544643 3.8468 3.10207 3.85751e-06 -0.115474 0 0 0 0 0 0 0 0 0 0 0 0
 1.00008 4 -0.947031 -0.371264 3.76552 2.49377 -1.79671 -0.071475 1.00008 5 -1.08393 -0.544643 3.8468 3.10207 3.85751e-06 -0.115474 0 0 0 0 0 0 0 0 0 0 0 0
 1.0001 4 -0.947031 -0.371264 3.76552 2.49377 -1.79671 -0.071475 1.0001 5 -1.08393 -0.544643 3.8468 3.10207 3.85751e-06 -0.115474 0 0 0 0 0 0 0 0 0 0 0 0
 1.0001 4 -0.947031 -0.371264 3.76552 2.49377 -1.79671 -0.071475 1.0001 5 -1.08393 -0.544643 3.8468 3.10207 3.85751e-06 -0.115474 0 0 0 0 0 0 0 0 0 0 0 0
 1.00005 4 -0.947031 -0.371264 3.76552 2.49377 -1.79671 -0.071475 1.00005 5 -1.08393 -0.544643 3.8468 3.10207 3.85751e-06 -0.115474 0 0 0 0 0 0 0 0 0 0 0 0
 1.00005 4 -0.947031 -0.371264 3.76552 2.49377 -1.79671 -0.071475 1.00005 5 -1.08393 -0.544643 3.8468 3.10207 3.85751e-06 -0.115474 0 0 0 0 0 0 0 0 0 0 0 0
 1.00016 4 -0.947031 -0.371264 3.76552 2.49377 -1.79671 -0.071475 1.00016 5 -1.08393 -0.544643 3.8468 3.10207 3.85751e-06 -0.115474 0 0 0 0 0 0 0 0 0 0 0 0
 1.00016 4 -0.947031 -0.371264 3.76552 2.49377 -1.79671 -0.071475 1.00016 5 -1.08393 -0.544643 3.8468 3.10207 3.85751e-06 -0.115474 0 0 0 0 0 0 0 0 0 0 0 0
 1.00012 4 -0.947031 -0.371264 3.76552 2.49377 -1.79671 -0.071475 1.00012 5 -1.08393 -0.544643 3.8468 3.10207 3.85751e-06 -0.115474 0 0 0 0 0 0 0 0 0 0 0 0
 1.00012 4 -0.947031 -0.371264 3.76552 2.49377 -1.79671 -0.071475 1.00012 5 -1.08393 -0.544643 3.8468 3.10207 3.85751e-06 -0.115474 0 0 0 0 0 0 0 0 0 0 0 0
 1.00005 4 -0.947031 -0.371264 3.76552 2.49377 -1.79671 -0.071475 1.00005 5 -1.08393 -0.544643 3.8468 3.10207 3.85751e-06 -0.115474 0 0 0 0 0 0 0 0 0 0 0 0
 1.00005 4 -0.947031 -0.371264 3.76552 2.49377 -1.79671 -0.071475 1.00005 5 -1.08393 -0.544643 3.8468 3.10207 3.85751e-06 -0.115474 0 0 0 0 0 0 0 0 0 0 0 0
 1.00008 4 -0.947031 -0.371264 3.76552 2.49377 -1.79671 -0.071475 1.00008 5 -1.08393 -0.544643 3.8468 3.10207 3.85751e-06 -0.115474 0 0 0 0 0 0 0 0 0 0 0 0
 1.00008 4 -0.947031 -0.371264 3.76552 2.49377 -1.79671 -0.071475 1.00008 5 -1.08393 -0.544643 3.8468 3.10207 3.85751e-06 -0.115474 0 0 0 0 0 0 0 0 0 0 0 0
 1.00007 4 -0.947031 -0.371264 3.76552 2.49377 -1.79671 -0.071475 1.00007 5 -1.08393 -0.544643 3.8468 3.10207 3.85751e-06 -0.115474 0 0 0 0 0 0 0 0 0 0 0 0
 1.00007 4 -0.947031 -0.371264 3.76552 2.49377 -1.79671 -0.071475 1.00007 5 -1.08393 -0.544643 3.8468 3.10207 3.85751e-06 -0.115474 0 0 0 0 0 0 0 0 0 0 0 0
 1.00008 4 -0.947031 -0.371264 3.76552 2.49377 -1.79671 -0.071475 1.00008 5 -1.08393 -0.544643 3.8468 3.10207 3.85751e-06 -0.115474 0 0 0 0 0 0 0 0 0 0 0 0
 1.00008 4 -0.947031 -0.371264 3.76552 2.49377 -1.79671 -0.071475 1.00008 5 -1.08393 -0.544643 3.8468 3.10207 3.85751e-06 -0.115474 0 0 0 0 0 0 0 0 0 0 0 0
 1.00018 4 -0.947031 -0.371264 3.76552 2.49377 -1.79671 -0.071475 1.00018 5 -1.08393 -0.544643 3.8468 3.10207 3.85751e-06 -0.115474 0 0 0 0 0 0 0 0 0 0 0 0
 1.00018 4 -0.947031 -0.371264 3.76552 2.49377 -1.79671 -0.071475 1.00018 5 -1.08393 -0.544643 3.8468 3.10207 3.85751e-06 -0.115474 0 0 0 0 0 0 0 0 0 0 0 0
 1.00012 4 -0.947031 -0.371264 3.76552 2.49377 -1.79671 -0.071475 1.00012 5 -1.08393 -0.544643 3.8468 3.10207 3.85751e-06 -0.115474 0 0 0 0 0 0 0 0 0 0 0 0
 1.00012 4 -0.947031 -0.371264 3.76552 2.49377 -1.79671 -0.071475 1.00012 5 -1.08393 -0.544643 3.8468 3.10207 3.85751e-06 -0.115474 0 0 0 0 0 0 0 0 0 0 0 0
 1.00018 4 -0.947031 -0.371264 3.76552 2.49377 -1.79671 -0.071475 1.00018 5 -1.08393 -0.544643 3.8468 3.10207 3.85751e-06 -0.115474 0 0 0 0 0 0 0 0 0 0 0 0
 1.00018 4 -0.947031 -0.371264 3.76552 2.49377 -1.79671 -0.071475 1.00018 5 -1.08393 -0.544643 3.8468 3.10207 3.85751e-06 -0.115474 0 0 0 0 0 0 0 0 0 0 0 0
 1.0001 4 -0.947031 -0.371264 3.76552 2.49377 -1.79671 -0.071475 1.0001 5 -1.08393 -0.544643 3.8468 3.10207 3.85751e-06 -0.115474 0 0 0 0 0 0 0 0 0 0 0 0
 1.0001 4 -0.947031 -0.371264 3.76552 2.49377 -1.79671 -0.071475 1.0001 5 -1.08393 -0.544643 3.8468 3.10207 3.85751e-06 -0.115474 0 0 0 0 0 0 0 0 0 0 0 0
 1.00061 4 -0.947031 -0.371264 3.76552 2.49377 -1.79671 -0.071475 1.00061 5 -1.08393 -0.544643 3.8468 3.10207 3.85751e-06 -0.115474 0 0 0 0 0 0 0 0 0 0 0 0
 1.00061 4 -0.947031 -0.371264 3.76552 2.49377 -1.79671 -0.071475 1.00061 5 -1.08393 -0.544643 3.8468 3.10207 3.85751e-06 -0.115474 0 0 0 0 0 0 0 0 0 0 0 0
 1.00004 4 -0.947031 -0.371264 3.76552 2.49377 -1.79671 -0.071475 1.00004 5 -1.08393 -0.544643 3.8468 3.10207 3.85751e-06 -0.115474 0 0 0 0 0 0 0 0 0 0 0 0
 1.00004 4 -0.947031 -0.371264 3.76552 2.49377 -1.79671 -0.071475 1.00004 5 -1.08393 -0.544643 3.8468 3.10207 3.85751e-06 -0.115474 0 0 0 0 0 0 0 0 0 0 0 0
 1.00017 4 -0.947031 -0.371264 3.76552 2.49377 -1.79671 -0.071475 1.00017 5 -1.08393 -0.544643 3.8468 3.10207 3.85751e-06 -0.115474 0 0 0 0 0 0 0 0 0 0 0 0
 1.00017 4 -0.947031 -0.371264 3.76552 2.49377 -1.79671 -0.071475 1.00017 5 -1.08393 -0.544643 3.8468 3.10207 3.85751e-06 -0.115474 0 0 0 0 0 0 0 0 0 0 0 0
 1.00019 4 -0.947031 -0.371264 3.76552 2.49377 -1.79671 -0.071475 1.00019 5 -1.08393 -0.544643 3.8468 3.10207 3.85751e-06 -0.115474 0 0 0 0 0 0 0 0 0 0 0 0
 1.00019 4 -0.947031 -0.371264 3.76552 2.49377 -1.79671 -0.071475 1.00019 5 -1.08393 -0.544643 3.8468 3.10207 3.85751e-06 -0.115474 0 0 0 0 0 0 0 0 0 0 0 0
 1.00009 4 -0.947031 -0.371264 3.76552 2.49377 -1.79671 -0.071475 1.00009 5 -1.08393 -0.544643 3.8468 3.10207 3.85751e-06 -0.115474 0 0 0 0 0 0 0 0 0 0 0 0
 1.00009 4 -0.947031 -0.371264 3.76552 2.49377 -1.79671 -0.071475 1.00009 5 -1.08393 -0.544643 3.8468 3.10207 3.85751e-06 -0.115474 0 0 0 0 0 0 0 0 0 0 0 0
 1.00035 4 -0.947031 -0.371264 3.76552 2.49377 -1.79671 -0.071475 1.00035 5 -1.08393 -0.544643 3.8468 3.10207 3.85751e-06 -0.115474 0 0 0 0 0 0 0 0 0 0 0 0
 1.00035 4 -0.947031 -0.371264 3.76552 2.49377 -1.79671 -0.071475 1.00035 5 -1.08393 -0.544643 3.8468 3.10207 3.85751e-06 -0.115474 0 0 0 0 0 0 0 0 0 0 0 0
 1.00011 4 -0.947031 -0.371264 3.76552 2.49377 -1.79671 -0.071475 1.00011 5 -1.08393 -0.544643 3.8468 3.10207 3.85751e-06 -0.115474 0 0 0 0 0 0 0 0 0 0 0 0
 1.00011 4 -0.947031 -0.371264 3.76552 2.49377 -1.79671 -0.071475 1.00011 5 -1.08393 -0.544643 3.8468 3.10207 3.85751e-06 -0.115474 0 0 0 0 0 0 0 0 0 0 0 0
 1.00005 4 -0.947031 -0.371264 3.76552 2.49377 -1.79671 -0.071475 1.00005 5 -1.08393 -0.544643 3.8468 3.10207 3.85751e-06 -0.115474 0 0 0 0 0 0 0 0 0 0 0 0
 1.00005 4 -0.947031 -0.371264 3.76552 2.49377 -1.79671 -0.071475 1.00005 5 -1.08393 -0.544643 3.8468 3.10207 3.85751e-06 -0.115474 0 0 0 0 0 0 0 0 0 0 0 0
 1.00013 4 -0.947031 -0.371264 3.76552 2.49377 -1.79671 -0.071475 1.00013 5 -1.08393 -0.544643 3.8468 3.10207 3.85751e-06 -0.115474 0 0 0 0 0 0 0 0 0 0 0 0
 1.00013 4 -0.947031 -0.371264 3.76552 2.49377 -1.79671 -0.071475 1.00013 5 -1.08393 -0.544643 3.8468 3.10207 3.85751e-06 -0.115474 0 0 0 0 0 0 0 0 0 0 0 0
 1.00107 4 -0.947031 -0.371264 3.76552 2.49377 -1.79671 -0.071475 1.00107 5 -1.08393 -0.544643 3.8468 3.10207 3.85751e-06 -0.115474 0 0 0 0 0 0 0 0 0 0 0 0
 1.00107 4 -0.947031 -0.371264 3.76552 2.49377 -1.79671 -0.071475 1.00107 5 -1.08393 -0.544643 3.8468 3.10207 3.85751e-06 -0.115474 0 0 0 0 0 0 0 0 0 0 0 0
 1.00005 4 -0.947031 -0.371264 3.76552 2.49377 -1.79671 -0.071475 1.00005 5 -1.08393 -0.544643 3.8468 3.10207 3.85751e-06 -0.115474 0 0 0 0 0 0 0 0 0 0 0 0
 1.00005 4 -0.947031 -0.371264 3.76552 2.49377 -1.79671 -0.071475 1.00005 5 -1.08393 -0.544643 3.8468 3.10207 3.85751e-06 -0.115474 0 0 0 0 0 0 0 0 0 0 0 0
 1.00016 4 -0.947031 -0.371264 3.76552 2.49377 -1.79671 -0.071475 1.00016 5 -1.08393 -0.544643 3.8468 3.10207 3.85751e-06 -0.115474 0 0 0 0 0 0 0 0 0 0 0 0
 1.00016 4 -0.947031 -0.371264 3.76552 2.49377 -1.79671 -0.071475 1.00016 5 -1.08393 -0.544643 3.8468 3.10207 3.85751e-06 -0.115474 0 0 0 0 0 0 0 0 0 0 0 0
 1.00016 4 -0.947031 -0.371264 3.76552 2.49377 -1.79671 -0.071475 1.00016 5 -1.08393 -0.544643 3.8468 3.10207 3.85751e-06 -0.115474 0 0 0 0 0 0 0 0 0 0 0 0
 1.00016 4 -0.947031 -0.371264 3.76552 2.49377 -1.79671 -0.071475 1.00016 5 -1.08393 -0.544643 3.8468 3.10207 3.85751e-06 -0.115474 0 0 0 0 0 0 0 0 0 0 0 0
 1.00025 4 -0.947031 -0.371264 3.76552 2.49377 -1.79671 -0.071475 1.00025 5 -1.08393 -0.544643 3.8468 3.10207 3.85751e-06 -0.115474 0 0 0 0 0 0 0 0 0 0 0 0
 1.00025 4 -0.947031 -0.371264 3.76552 2.49377 -1.79671 -0.071475 1.00025 5 -1.08393 -0.544643 3.8468 3.10207 3.85751e-06 -0.115474 0 0 0 0 0 0 0 0 0 0 0 0
 1.00011 4 -0.947031 -0.371264 3.76552 2.49377 -1.79671 -0.071475 1.00011 5 -1.08393 -0.544643 3.8468 3.10207 3.85751e-06 -0.115474 0 0 0 0 0 0 0 0 0 0 0 0
 1.00011 4 -0.947031 -0.371264 3.76552 2.49377 -1.79671 -0.071475 1.00011 5 -1.08393 -0.544643 3.8468 3.10207 3.85751e-06 -0.115474 0 0 0 0 0 0 0 0 0 0 0 0
 1.00007 4 -0.947031 -0.371264 3.76552 2.49377 -1.79671 -0.071475 1.00007 5 -1.08393 -0.544643 3.8468 3.10207 3.85751e-06 -0.115474 0 0 0 0 0 0 0 0 0 0 0 0
 1.00007 4 -0.947031 -0.371264 3.76552 2.49377 -1.79671 -0.071475 1.00007 5 -1.08393 -0.544643 3.8468 3.10207 3.85751e-06 -0.115474 0 0 0 0 0 0 0 0 0 0 0 0
 1.00009 4 -0.947031 -0.371264 3.76552 2.49377 -1.79671 -0.071475 1.00009 5 -1.08393 -0.544643 3.8468 3.10207 3.85751e-06 -0.115474 0 0 0 0 0 0 0 0 0 0 0 0
 1.00009 4 -0.947031 -0.371264 3.76552 2.49377 -1.79671 -0.071475 1.00009 5 -1.08393 -0.544643 3.8468 3.10207 3.85751e-06 -0.115474 0 0 0 0 0 0 0 0 0 0 0 0
 1.00009 4 -0.947031 -0.371264 3.76552 2.49377 -1.79671 -0.071475 1.00009 5 -1.08393 -0.544643 3.8468 3.10207 3.85751e-06 -0.115474 0 0 0 0 0 0 0 0 0 0 0 0
 1.00009 4 -0.947031 -0.371264 3.76552 2.49377 -1.79671 -0.071475 1.00009 5 -1.08393 -0.544643 3.8468 3.10207 3.85751e-06 -0.115474 0 0 0 0 0 0 0 0 0 0 0 0
 1.00006 4 -0.947031 -0.371264 3.76552 2.49377 -1.79671 -0.071475 1.00006 5 -1.08393 -0.544643 3.8468 3.10207 3.85751e-06 -0.115474 0 0 0 0 0 0 0 0 0 0 0 0
 1.00006 4 -0.947031 -0.371264 3.76552 2.49377 -1.79671 -0.071475 1.00006 5 -1.08393 -0.544643 3.8468 3.10207 3.85751e-06 -0.115474 0 0 0 0 0 0 0 0 0 0 0 0
 1.00011 4 -0.947031 -0.371264 3.76552 2.49377 -1.79671 -0.071475 1.00011 5 -1.08393 -0.544643 3.8468 3.10207 3.85751e-06 -0.115474 0 0 0 0 0 0 0 0 0 0 0 0
 1.00011 4 -0.947031 -0.371264 3.76552 2.49377 -1.79671 -0.071475 1.00011 5 -1.08393 -0.544643 3.8468 3.10207 3.85751e-06 -0.115474 0 0 0 0 0 0 0 0 0 0 0 0
 1.00009 4 -0.947031 -0.371264 3.76552 2.49377 -1.79671 -0.071475 1.00009 5 -1.08393 -0.544643 3.8468 3.10207 3.85751e-06 -0.115474 0 0 0 0 0 0 0 0 0 0 0 0
 1.00009 4 -0.947031 -0.371264 3.76552 2.49377 -1.79671 -0.071475 1.00009 5 -1.08393 -0.544643 3.8468 3.10207 3.85751e-06 -0.115474 0 0 0 0 0 0 0 0 0 0 0 0
 1.00007 4 -0.947031 -0.371264 3.76552 2.49377 -1.79671 -0.071475 1.00007 5 -1.08393 -0.544643 3.8468 3.10207 3.85751e-06 -0.115474 0 0 0 0 0 0 0 0 0 0 0 0
 1.00007 4 -0.947031 -0.371264 3.76552 2.49377 -1.79671 -0.071475 1.00007 5 -1.08393 -0.544643 3.8468 3.10207 3.85751e-06 -0.115474 0 0 0 0 0 0 0 0 0 0 0 0
 1.00016 4 -0.947031 -0.371264 3.76552 2.49377 -1.79671 -0.071475 1.00016 5 -1.08393 -0.544643 3.8468 3.10207 3.85751e-06 -0.115474 0 0 0 0 0 0 0 0 0 0 0 0
 1.00016 4 -0.947031 -0.371264 3.76552 2.49377 -1.79671 -0.071475 1.00016 5 -1.08393 -0.544643 3.8468 3.10207 3.85751e-06 -0.115474 0 0 0 0 0 0 0 0 0 0 0 0
 1.00006 4 -0.947031 -0.371264 3.76552 2.49377 -1.79671 -0.071475 1.00006 5 -1.08393 -0.544643 3.8468 3.10207 3.85751e-06 -0.115474 0 0 0 0 0 0 0 0 0 0 0 0
 1.00006 4 -0.947031 -0.371264 3.76552 2.49377 -1.79671 -0.071475 1.00006 5 -1.08393 -0.544643 3.8468 3.10207 3.85751e-06 -0.115474 0 0 0 0 0 0 0 0 0 0 0 0
 1.00013 4 -0.947031 -0.371264 3.76552 2.49377 -1.79671 -0.071475 1.00013 5 -1.08393 -0.544643 3.8468 3.10207 3.85751e-06 -0.115474 0 0 0 0 0 0 0 0 0 0 0 0
 1.00013 4 -0.947031 -0.371264 3.76552 2.49377 -1.79671 -0.071475 1.00013 5 -1.08393 -0.544643 3.8468 3.10207 3.85751e-06 -0.115474 0 0 0 0 0 0 0 0 0 0 0 0
 1.00059 4 -0.947031 -0.371264 3.76552 2.49377 -1.79671 -0.071475 1.00059 5 -1.08393 -0.544643 3.8468 3.10207 3.85751e-06 -0.115474 0 0 0 0 0 0 0 0 0 0 0 0
 1.00059 4 -0.947031 -0.371264 3.76552 2.49377 -1.79671 -0.071475 1.00059 5 -1.08393 -0.544643 3.8468 3.10207 3.85751e-06 -0.115474 0 0 0 0 0 0 0 0 0 0 0 0
 1.00014 4 -0.947031 -0.371264 3.76552 2.49377 -1.79671 -0.071475 1.00014 5 -1.08393 -0.544643 3.8468 3.10207 3.85751e-06 -0.115474 0 0 0 0 0 0 0 0 0 0 0 0
 1.00014 4 -0.947031 -0.371264 3.76552 2.49377 -1.79671 -0.071475 1.00014 5 -1.08393 -0.544643 3.8468 3.10207 3.85751e-06 -0.115474 0 0 0 0 0 0 0 0 0 0 0 0
 1.00009 4 -0.947031 -0.371264 3.76552 2.49377 -1.79671 -0.071475 1.00009 5 -1.08393 -0.544643 3.8468 3.10207 3.85751e-06 -0.115474 0 0 0 0 0 0 0 0 0 0 0 0
 1.00009 4 -0.947031 -0.371264 3.76552 2.49377 -1.79671 -0.071475 1.00009 5 -1.08393 -0.544643 3.8468 3.10207 3.85751e-06 -0.115474 0 0 0 0 0 0 0 0 0 0 0 0
 1.00009 4 -0.947031 -0.371264 3.76552 2.49377 -1.79671 -0.071475 1.00009 5 -1.08393 -0.544643 3.8468 3.10207 3.85751e-06 -0.115474 0 0 0 0 0 0 0 0 0 0 0 0
 1.00009 4 -0.947031 -0.371264 3.76552 2.49377 -1.79671 -0.071475 1.00009 5 -1.08393 -0.544643 3.8468 3.10207 3.85751e-06 -0.115474 0 0 0 0 0 0 0 0 0 0 0 0
 1.00016 4 -0.947031 -0.371264 3.76552 2.49377 -1.79671 -0.071475 1.00016 5 -1.08393 -0.544643 3.8468 3.10207 3.85751e-06 -0.115474 0 0 0 0 0 0 0 0 0 0 0 0
 1.00016 4 -0.947031 -0.371264 3.76552 2.49377 -1.79671 -0.071475 1.00016 5 -1.08393 -0.544643 3.8468 3.10207 3.85751e-06 -0.115474 0 0 0 0 0 0 0 0 0 0 0 0
 1.00037 4 -0.949121 -0.364372 3.76677 2.49135 -1.79693 -0.0608405 1.00037 5 -1.08393 -0.544643 3.8468 3.10207 3.85751e-06 -0.115474 -4.09343e-13 -7.82797e-13 0 0 0 5.18995e-13 0.950859 0.309609 0 0 0 1.11547e-10
 1.00037 4 -0.949121 -0.364372 3.76677 2.49135 -1.79693 -0.0608405 1.00037 5 -1.08393 -0.544643 3.8468 3.10207 3.85751e-06 -0.115474 -4.09343e-13 -7.82797e-13 0 0 0 5.18995e-13 0.950859 0.309609 0 0 0 1.11547e-10
 1.00016 4 -0.938032 -0.290317 3.64224 2.95762 -2.16672 0.733923 1.00016 5 -1.08393 -0.544643 3.8468 3.10207 3.85751e-06 -0.115474 -3.25949e-13 -4.27762e-13 0 0 0 6.35202e-13 0.950859 0.30961 0 0 0 1.13842e-10
 1.00016 4 -0.938032 -0.290317 3.64224 2.95762 -2.16672 0.733923 1.00016 5 -1.08393 -0.544643 3.8468 3.10207 3.85751e-06 -0.115474 -3.25949e-13 -4.27762e-13 0 0 0 6.35202e-13 0.950859 0.30961 0 0 0 1.13842e-10
 1.00005 4 -0.996766 -0.300719 3.86287 -2.48994 1.72103 0.106955 1.00005 5 -1.08393 -0.544643 3.8468 3.10207 3.85751e-06 -0.115474 -2.5311e-16 1.16043e-18 0 0 0 -4.3792e-19 0.950859 0.309625 0 0 0 -1.38778e-16
 1.00005 4 -0.996766 -0.300719 3.86287 -2.48994 1.72103 0.106955 1.00005 5 -1.08393 -0.544643 3.8468 3.10207 3.85751e-06 -0.115474 -2.5311e-16 1.16043e-18 0 0 0 -4.3792e-19 0.950859 0.309625 0 0 0 -1.38778e-16
 1.00021 4 -0.996766 -0.300719 3.86287 -2.48994 1.72103 0.106955 1.00021 5 -1.08393 -0.544643 3.8468 3.10207 3.85751e-06 -0.115474 -2.0317e-16 -8.79962e-18 0 0 0 1.77424e-14 0.950859 0.309625 0 0 0 1.44329e-15
 1.00021 4 -0.996766 -0.300719 3.86287 -2.48994 1.72103 0.106955 1.00021 5 -1.08393 -0.544643 3.8468 3.10207 3.85751e-06 -0.115474 -2.0317e-16 -8.79962e-18 0 0 0 1.77424e-14 0.950859 0.309625 0 0 0 1.44329e-15
 1.00024 4 -0.996766 -0.300719 3.86287 -2.48994 1.72103 0.106955 1.00024 5 -1.08393 -0.544643 3.8468 3.10207 3.85751e-06 -0.115474 9.50625e-15 2.43494e-17 0 0 0 -3.54835e-14 0.950859 0.309625 0 0 0 -5.82867e-16
 1.00024 4 -0.996766 -0.300719 3.86287 -2.48994 1.72103 0.106955 1.00024 5 -1.08393 -0.544643 3.8468 3.10207 3.85751e-06 -0.115474 9.50625e-15 2.43494e-17 0 0 0 -3.54835e-14 0.950859 0.309625 0 0 0 -5.82867e-16
 1.00008 4 -0.996766 -0.300719 3.86287 -2.48994 1.72103 0.106955 1.00008 5 -1.08393 -0.544643 3.8468 3.10207 3.85751e-06 -0.115474 2.35162e-16 9.38109e-20 0 0 0 2.46258e-20 0.950859 0.309625 0 0 0 -5.55112e-17
 1.00008 4 -0.996766 -0.300719 3.86287 -2.48994 1.72103 0.106955 1.00008 5 -1.08393 -0.544643 3.8468 3.10207 3.85751e-06 -0.115474 2.35162e-16 9.38109e-20 0 0 0 2.46258e-20 0.950859 0.309625 0 0 0 -5.55112e-17
 1.00009 4 -0.996766 -0.300719 3.86287 -2.48994 1.72103 0.106955 1.00009 5 -1.08393 -0.544643 3.8468 3.10207 3.85751e-06 -0.115474 -2.53337e-16 9.69831e-20 0 0 0 2.77685e-20 0.950859 0.309625 0 0 0 -2.77556e-17
 1.00009 4 -0.996766 -0.300719 3.86287 -2.48994 1.72103 0.106955 1.00009 5 -1.08393 -0.544643 3.8468 3.10207 3.85751e-06 -0.115474 -2.53337e-16 9.69831e-20 0 0 0 2.77685e-20 0.950859 0.309625 0 0 0 -2.77556e-17
 1.00006 4 -0.996766 -0.300719 3.86287 -2.48994 1.72103 0.106955 1.00006 5 -1.08393 -0.544643 3.8468 3.10207 3.85751e-06 -0.115474 -2.53243e-16 5.08006e-19 0 0 0 -1.30933e-19 0.950859 0.309625 0 0 0 -2.77556e-17
 1.00006 4 -0.996766 -0.300719 3.86287 -2.48994 1.72103 0.106955 1.00006 5 -1.08393 -0.544643 3.8468 3.10207 3.85751e-06 -0.115474 -2.53243e-16 5.08006e-19 0 0 0 -1.30933e-19 0.950859 0.309625 0 0 0 -2.77556e-17
 1.0001 4 -0.938071 -0.286933 3.6423 2.95627 -2.16555 0.735466 1.0001 5 -1.08393 -0.544643 3.8468 3.10207 3.85751e-06 -0.115474 4.34032e-15 6.50498e-15 0 0 0 -1.90696e-14 -1.05827e-10 -1.64499e-16 0 0 0 2.25188e-10
 1.0001 4 -0.938071 -0.286933 3.6423 2.95627 -2.16555 0.735466 1.0001 5 -1.08393 -0.544643 3.8468 3.10207 3.85751e-06 -0.115474 4.34032e-15 6.50498e-15 0 0 0 -1.90696e-14 -1.05827e-10 -1.64499e-16 0 0 0 2.25188e-10
 1.00006 4 -0.966136 -0.30625 3.76481 -2.11928 1.52771 -0.490222 1.00006 5 -1.08393 -0.544643 3.8468 3.10207 3.85751e-06 -0.115474 3.56618e-18 9.5766e-18 0 0 0 -1.0815e-18 -9.90816e-16 1.55146e-19 0 0 0 7.58198e-17
 1.00006 4 -0.966136 -0.30625 3.76481 -2.11928 1.52771 -0.490222 1.00006 5 -1.08393 -0.544643 3.8468 3.10207 3.85751e-06 -0.115474 3.56618e-18 9.5766e-18 0 0 0 -1.0815e-18 -9.90816e-16 1.55146e-19 0 0 0 7.58198e-17
 1.00007 4 -0.940633 -0.314108 3.68171 2.38514 -1.7686 -0.253503 1.00007 5 -1.08393 -0.544643 3.8468 3.10207 3.85751e-06 -0.115474 -4.06405e-13 -7.74196e-13 0 0 0 5.31864e-13 -0.95086 -0.309605 0 0 0 1.12403e-10
 1.00007 4 -0.940633 -0.314108 3.68171 2.38514 -1.7686 -0.253503 1.00007 5 -1.08393 -0.544643 3.8468 3.10207 3.85751e-06 -0.115474 -4.06405e-13 -7.74196e-13 0 0 0 5.31864e-13 -0.95086 -0.309605 0 0 0 1.12403e-10
 1.00102 4 -0.925464 -0.362287 3.68308 2.45521 -1.85197 -0.0620951 1.00102 5 -1.08393 -0.544643 3.8468 3.10207 3.85751e-06 -0.115474 -4.5587e-13 -8.49878e-13 0 0 0 6.09597e-13 -0.95086 -0.309606 0 0 0 1.84989e-10
 1.00102 4 -0.925464 -0.362287 3.68308 2.45521 -1.85197 -0.0620951 1.00102 5 -1.08393 -0.544643 3.8468 3.10207 3.85751e-06 -0.115474 -4.5587e-13 -8.49878e-13 0 0 0 6.09597e-13 -0.95086 -0.309606 0 0 0 1.84989e-10
 1.00012 4 -0.947031 -0.371264 3.76552 2.49377 -1.79671 -0.071475 1.00012 5 -1.08393 -0.544643 3.8468 3.10207 3.85751e-06 -0.115474 2.99109e-16 9.53058e-17 0 0 0 -1.98747e-17 -0.95086 -0.309621 0 0 0 1.11022e-16
 1.00012 4 -0.947031 -0.371264 3.76552 2.49377 -1.79671 -0.071475 1.00012 5 -1.08393 -0.544643 3.8468 3.10207 3.85751e-06 -0.115474 2.99109e-16 9.53058e-17 0 0 0 -1.98747e-17 -0.95086 -0.309621 0 0 0 1.11022e-16
 1 4 -0.947031 -0.371264 3.76552 2.49377 -1.79671 -0.071475 1 5 -1.08393 -0.544643 3.8468 3.10207 3.85751e-06 -0.115474 -1.89797e-16 9.43516e-17 0 0 0 -1.90274e-17 -0.95086 -0.309621 0 0 0 8.60423e-16
 1 4 -0.947031 -0.371264 3.76552 2.49377 -1.79671 -0.071475 1 5 -1.08393 -0.544643 3.8468 3.10207 3.85751e-06 -0.115474 -1.89797e-16 9.43516e-17 0 0 0 -1.90274e-17 -0.95086 -0.309621 0 0 0 8.60423e-16
 1.00006 4 -0.947031 -0.371264 3.76552 2.49377 -1.79671 -0.071475 1.00006 5 -1.08393 -0.544643 3.8468 3.10207 3.85751e-06 -0.115474 -1.97596e-16 -3.01681e-18 0 0 0 -5.09882e-19 -0.95086 -0.309621 0 0 0 6.38378e-16
 1.00006 4 -0.947031 -0.371264 3.76552 2.49377 -1.79671 -0.071475 1.00006 5 -1.08393 -0.544643 3.8468 3.10207 3.85751e-06 -0.115474 -1.97596e-16 -3.01681e-18 0 0 0 -5.09882e-19 -0.95086 -0.309621 0 0 0 6.38378e-16
 1.00007 4 -0.947031 -0.371264 3.76552 2.49377 -1.79671 -0.071475 1.00007 5 -1.08393 -0.544643 3.8468 3.10207 3.85751e-06 -0.115474 -4.10222e-15 -2.72752e-17 0 0 0 1.77392e-14 -0.95086 -0.309621 0 0 0 -2.7478e-15
 1.00007 4 -0.947031 -0.371264 3.76552 2.49377 -1.79671 -0.071475 1.00007 5 -1.08393 -0.544643 3.8468 3.10207 3.85751e-06 -0.115474 -4.10222e-15 -2.72752e-17 0 0 0 1.77392e-14 -0.95086 -0.309621 0 0 0 -2.7478e-15
 1.00009 4 -0.947031 -0.371264 3.76552 2.49377 -1.79671 -0.071475 1.00009 5 -1.08393 -0.544643 3.8468 3.10207 3.85751e-06 -0.115474 -2.02619e-16 -6.2523e-17 0 0 0 1.20109e-17 -0.95086 -0.309621 0 0 0 4.44089e-16
 1.00009 4 -0.947031 -0.371264 3.76552 2.49377 -1.79671 -0.071475 1.00009 5 -1.08393 -0.544643 3.8468 3.10207 3.85751e-06 -0.115474 -2.02619e-16 -6.2523e-17 0 0 0 1.20109e-17 -0.95086 -0.309621 0 0 0 4.44089e-16
 1.00008 4 -0.947031 -0.371264 3.76552 2.49377 -1.79671 -0.071475 1.00008 5 -1.08393 -0.544643 3.8468 3.10207 3.85751e-06 -0.115474 -1.82423e-16 8.88079e-17 0 0 0 -4.18776e-17 -0.95086 -0.309621 0 0 0 -7.77156e-16
 1.00008 4 -0.947031 -0.371264 3.76552 2.49377 -1.79671 -0.071475 1.00008 5 -1.08393 -0.544643 3.8468 3.10207 3.85751e-06 -0.115474 -1.82423e-16 8.88079e-17 0 0 0 -4.18776e-17 -0.95086 -0.309621 0 0 0 -7.77156e-16
 1.00006 4 -0.947031 -0.371264 3.76552 2.49377 -1.79671 -0.071475 1.00006 5 -1.08393 -0.544643 3.8468 3.10207 3.85751e-06 -0.115474 6.99238e-18 2.72761e-17 0 0 0 8.8452e-17 -2.13805e-14 -2.3926e-15 0 0 0 6.55302e-14
 1.00006 4 -0.947031 -0.371264 3.76552 2.49377 -1.79671 -0.071475 1.00006 5 -1.08393 -0.544643 3.8468 3.10207 3.85751e-06 -0.115474 6.99238e-18 2.72761e-17 0 0 0 8.8452e-17 -2.13805e-14 -2.3926e-15 0 0 0 6.55302e-14
 1.00007 4 -0.947031 -0.371264 3.76552 2.49377 -1.79671 -0.071475 1.00007 5 -1.08393 -0.544643 3.8468 3.10207 3.85751e-06 -0.115474 1.79816e-17 4.95748e-17 0 0 0 -7.48624e-18 2.40704e-15 1.37507e-15 0 0 0 2.10853e-16
 1.00007 4 -0.947031 -0.371264 3.76552 2.49377 -1.79671 -0.071475 1.00007 5 -1.08393 -0.544643 3.8468 3.10207 3.85751e-06 -0.115474 1.79816e-17 4.95748e-17 0 0 0 -7.48624e-18 2.40704e-15 1.37507e-15 0 0 0 2.10853e-16
 1.00011 4 -0.947031 -0.371264 3.76552 2.49377 -1.79671 -0.071475 1.00011 5 -1.08393 -0.544643 3.8468 3.10207 3.85751e-06 -0.115474 -1.65319e-17 -4.51907e-17 0 0 0 8.5223e-18 -4.60978e-15 -1.37506e-15 0 0 0 4.44646e-17
 1.00011 4 -0.947031 -0.371264 3.76552 2.49377 -1.79671 -0.071475 1.00011 5 -1.08393 -0.544643 3.8468 3.10207 3.85751e-06 -0.115474 -1.65319e-17 -4.51907e-17 0 0 0 8.5223e-18 -4.60978e-15 -1.37506e-15 0 0 0 4.44646e-17
 1.00009 4 -0.947031 -0.371264 3.76552 2.49377 -1.79671 -0.071475 1.00009 5 -1.08393 -0.544643 3.8468 3.10207 3.85751e-06 -0.115474 -1.65356e-17 -4.52052e-17 0 0 0 8.50984e-18 2.40705e-15 1.37507e-15 0 0 0 2.05535e-16
 1.00009 4 -0.947031 -0.371264 3.76552 2.49377 -1.79671 -0.071475 1.00009 5 -1.08393 -0.544643 3.8468 3.10207 3.85751e-06 -0.115474 -1.65356e-17 -4.52052e-17 0 0 0 8.50984e-18 2.40705e-15 1.37507e-15 0 0 0 2.05535e-16
 1.00005 4 -0.947031 -0.371264 3.76552 2.49377 -1.79671 -0.071475 1.00005 5 -1.08393 -0.544643 3.8468 3.10207 3.85751e-06 -0.115474 1.40854e-18 3.64997e-18 0 0 0 -1.48561e-18 2.40709e-15 1.37507e-15 0 0 0 2.05497e-16
 1.00005 4 -0.947031 -0.371264 3.76552 2.49377 -1.79671 -0.071475 1.00005 5 -1.08393 -0.544643 3.8468 3.10207 3.85751e-06 -0.115474 1.40854e-18 3.64997e-18 0 0 0 -1.48561e-18 2.40709e-15 1.37507e-15 0 0 0 2.05497e-16
 1.0002 4 -0.947031 -0.371264 3.76552 2.49377 -1.79671 -0.071475 1.0002 5 -1.08393 -0.544643 3.8468 3.10207 3.85751e-06 -0.115474 1.43645e-18 3.73743e-18 0 0 0 -1.47134e-18 1.14024e-15 9.0236e-21 0 0 0 -1.23469e-16
 1.0002 4 -0.947031 -0.371264 3.76552 2.49377 -1.79671 -0.071475 1.0002 5 -1.08393 -0.544643 3.8468 3.10207 3.85751e-06 -0.115474 1.43645e-18 3.73743e-18 0 0 0 -1.47134e-18 1.14024e-15 9.0236e-21 0 0 0 -1.23469e-16
 1.0007 4 -0.953985 -0.374322 3.79669 2.62354 -1.91198 -0.0546801 1.0007 5 -1.08393 -0.544643 3.8468 3.10207 3.85751e-06 -0.115474 -2.90909e-18 -8.12723e-18 0 0 0 5.52472e-19 7.7231e-16 -2.25236e-20 0 0 0 -9.01301e-17
 1.0007 4 -0.953985 -0.374322 3.79669 2.62354 -1.91198 -0.0546801 1.0007 5 -1.08393 -0.544643 3.8468 3.10207 3.85751e-06 -0.115474 -2.90909e-18 -8.12723e-18 0 0 0 5.52472e-19 7.7231e-16 -2.25236e-20 0 0 0 -9.01301e-17
 1.00007 4 -0.953985 -0.374322 3.79669 2.62354 -1.91198 -0.0546801 1.00007 5 -1.08393 -0.544643 3.8468 3.10207 3.85751e-06 -0.115474 -1.65325e-17 -4.51928e-17 0 0 0 8.51304e-18 -4.60929e-15 -1.37505e-15 0 0 0 4.0228e-17
 1.00007 4 -0.953985 -0.374322 3.79669 2.62354 -1.91198 -0.0546801 1.00007 5 -1.08393 -0.544643 3.8468 3.10207 3.85751e-06 -0.115474 -1.65325e-17 -4.51928e-17 0 0 0 8.51304e-18 -4.60929e-15 -1.37505e-15 0 0 0 4.0228e-17
 1.00012 4 -0.953985 -0.374322 3.79669 2.62354 -1.91198 -0.0546801 1.00012 5 -1.08393 -0.544643 3.8468 3.10207 3.85751e-06 -0.115474 -2.8446e-18 -7.96493e-18 0 0 0 4.78594e-19 -4.64646e-15 -1.37506e-15 0 0 0 5.81323e-17
 1.00012 4 -0.953985 -0.374322 3.79669 2.62354 -1.91198 -0.0546801 1.00012 5 -1.08393 -0.544643 3.8468 3.10207 3.85751e-06 -0.115474 -2.8446e-18 -7.96493e-18 0 0 0 4.78594e-19 -4.64646e-15 -1.37506e-15 0 0 0 5.81323e-17
 1.00018 4 -0.953985 -0.374322 3.79669 2.62354 -1.91198 -0.0546801 1.00018 5 -1.08393 -0.544643 3.8468 3.10207 3.85751e-06 -0.115474 1.79867e-17 4.95796e-17 0 0 0 -7.49732e-18 2.40892e-15 1.37507e-15 0 0 0 2.10113e-16
 1.00018 4 -0.953985 -0.374322 3.79669 2.62354 -1.91198 -0.0546801 1.00018 5 -1.08393 -0.544643 3.8468 3.10207 3.85751e-06 -0.115474 1.79867e-17 4.95796e-17 0 0 0 -7.49732e-18 2.40892e-15 1.37507e-15 0 0 0 2.10113e-16
 1.00008 4 -0.953985 -0.374322 3.79669 2.62354 -1.91198 -0.0546801 1.00008 5 -1.08393 -0.544643 3.8468 3.10207 3.85751e-06 -0.115474 1.7964e-17 4.95075e-17 0 0 0 -7.5108e-18 2.40934e-15 1.37507e-15 0 0 0 2.02809e-16
 1.00008 4 -0.953985 -0.374322 3.79669 2.62354 -1.91198 -0.0546801 1.00008 5 -1.08393 -0.544643 3.8468 3.10207 3.85751e-06 -0.115474 1.7964e-17 4.95075e-17 0 0 0 -7.5108e-18 2.40934e-15 1.37507e-15 0 0 0 2.02809e-16
 1.00011 4 -0.953985 -0.374322 3.79669 2.62354 -1.91198 -0.0546801 1.00011 5 -1.08393 -0.544643 3.8468 3.10207 3.85751e-06 -0.115474 1.43256e-18 3.72597e-18 0 0 0 -1.47014e-18 2.33497e-15 1.37506e-15 0 0 0 2.29408e-16
 1.00011 4 -0.953985 -0.374322 3.79669 2.62354 -1.91198 -0.0546801 1.00011 5 -1.08393 -0.544643 3.8468 3.10207 3.85751e-06 -0.115474 1.43256e-18 3.72597e-18 0 0 0 -1.47014e-18 2.33497e-15 1.37506e-15 0 0 0 2.29408e-16
 1.00015 4 -0.925464 -0.362287 3.68308 2.45521 -1.85197 -0.0620951 1.00015 5 -1.08393 -0.544643 3.8468 3.10207 3.85751e-06 -0.115474 1.40548e-18 3.64116e-18 0 0 0 -1.48606e-18 1.14047e-15 8.59425e-21 0 0 0 -1.32481e-16
 1.00015 4 -0.925464 -0.362287 3.68308 2.45521 -1.85197 -0.0620951 1.00015 5 -1.08393 -0.544643 3.8468 3.10207 3.85751e-06 -0.115474 1.40548e-18 3.64116e-18 0 0 0 -1.48606e-18 1.14047e-15 8.59425e-21 0 0 0 -1.32481e-16
 1.00007 4 -0.925464 -0.362287 3.68308 2.45521 -1.85197 -0.0620951 1.00007 5 -1.08393 -0.544643 3.8468 3.10207 3.85751e-06 -0.115474 1.404e-18 3.637e-18 0 0 0 -1.48518e-18 1.14037e-15 7.60806e-21 0 0 0 -1.32496e-16
 1.00007 4 -0.925464 -0.362287 3.68308 2.45521 -1.85197 -0.0620951 1.00007 5 -1.08393 -0.544643 3.8468 3.10207 3.85751e-06 -0.115474 1.404e-18 3.637e-18 0 0 0 -1.48518e-18 1.14037e-15 7.60806e-21 0 0 0 -1.32496e-16
 1.00012 4 -0.925464 -0.362287 3.68308 2.45521 -1.85197 -0.0620951 1.00012 5 -1.08393 -0.544643 3.8468 3.10207 3.85751e-06 -0.115474 1.23894e-18 3.22638e-18 0 0 0 -1.04146e-18 1.12197e-15 7.19635e-21 0 0 0 -1.12763e-16
 1.00012 4 -0.925464 -0.362287 3.68308 2.45521 -1.85197 -0.0620951 1.00012 5 -1.08393 -0.544643 3.8468 3.10207 3.85751e-06 -0.115474 1.23894e-18 3.22638e-18 0 0 0 -1.04146e-18 1.12197e-15 7.19635e-21 0 0 0 -1.12763e-16
 1.00005 4 -0.925464 -0.362287 3.68308 2.45521 -1.85197 -0.0620951 1.00005 5 -1.08393 -0.544643 3.8468 3.10207 3.85751e-06 -0.115474 -1.69169e-17 -4.62148e-17 0 0 0 8.80592e-18 1.13992e-15 8.72421e-21 0 0 0 -1.32404e-16
 1.00005 4 -0.925464 -0.362287 3.68308 2.45521 -1.85197 -0.0620951 1.00005 5 -1.08393 -0.544643 3.8468 3.10207 3.85751e-06 -0.115474 -1.69169e-17 -4.62148e-17 0 0 0 8.80592e-18 1.13992e-15 8.72421e-21 0 0 0 -1.32404e-16
 1.0001 4 -0.925464 -0.362287 3.68308 2.45521 -1.85197 -0.0620951 1.0001 5 -1.08393 -0.544643 3.8468 3.10207 3.85751e-06 -0.115474 1.7965e-17 4.95066e-17 0 0 0 -7.51364e-18 2.41021e-15 1.37507e-15 0 0 0 2.04642e-16
 1.0001 4 -0.925464 -0.362287 3.68308 2.45521 -1.85197 -0.0620951 1.0001 5 -1.08393 -0.544643 3.8468 3.10207 3.85751e-06 -0.115474 1.7965e-17 4.95066e-17 0 0 0 -7.51364e-18 2.41021e-15 1.37507e-15 0 0 0 2.04642e-16
 1.00005 4 -0.925464 -0.362287 3.68308 2.45521 -1.85197 -0.0620951 1.00005 5 -1.08393 -0.544643 3.8468 3.10207 3.85751e-06 -0.115474 -1.65225e-17 -4.51504e-17 0 0 0 8.53488e-18 -4.61108e-15 -1.37505e-15 0 0 0 4.47531e-17
 1.00005 4 -0.925464 -0.362287 3.68308 2.45521 -1.85197 -0.0620951 1.00005 5 -1.08393 -0.544643 3.8468 3.10207 3.85751e-06 -0.115474 -1.65225e-17 -4.51504e-17 0 0 0 8.53488e-18 -4.61108e-15 -1.37505e-15 0 0 0 4.47531e-17
 1.00006 4 -0.925464 -0.362287 3.68308 2.45521 -1.85197 -0.0620951 1.00006 5 -1.08393 -0.544643 3.8468 3.10207 3.85751e-06 -0.115474 1.79707e-17 4.95202e-17 0 0 0 -7.51846e-18 2.41042e-15 1.37507e-15 0 0 0 2.04552e-16
 1.00006 4 -0.925464 -0.362287 3.68308 2.45521 -1.85197 -0.0620951 1.00006 5 -1.08393 -0.544643 3.8468 3.10207 3.85751e-06 -0.115474 1.79707e-17 4.95202e-17 0 0 0 -7.51846e-18 2.41042e-15 1.37507e-15 0 0 0 2.04552e-16
 1.00008 4 -0.925464 -0.362287 3.68308 2.45521 -1.85197 -0.0620951 1.00008 5 -1.08393 -0.544643 3.8468 3.10207 3.85751e-06 -0.115474 -2.92182e-18 -8.16009e-18 0 0 0 5.61403e-19 7.70884e-16 -2.39019e-20 0 0 0 -9.01754e-17
 1.00008 4 -0.925464 -0.362287 3.68308 2.45521 -1.85197 -0.0620951 1.00008 5 -1.08393 -0.544643 3.8468 3.10207 3.85751e-06 -0.115474 -2.92182e-18 -8.16009e-18 0 0 0 5.61403e-19 7.70884e-16 -2.39019e-20 0 0 0 -9.01754e-17
 1.00006 4 -0.925464 -0.362287 3.68308 2.45521 -1.85197 -0.0620951 1.00006 5 -1.08393 -0.544643 3.8468 3.10207 3.85751e-06 -0.115474 1.39913e-18 3.62183e-18 0 0 0 -1.4853e-18 -4.61045e-15 -1.37506e-15 0 0 0 4.0327e-17
 1.00006 4 -0.925464 -0.362287 3.68308 2.45521 -1.85197 -0.0620951 1.00006 5 -1.08393 -0.544643 3.8468 3.10207 3.85751e-06 -0.115474 1.39913e-18 3.62183e-18 0 0 0 -1.4853e-18 -4.61045e-15 -1.37506e-15 0 0 0 4.0327e-17
 1.00018 4 -0.925464 -0.362287 3.68308 2.45521 -1.85197 -0.0620951 1.00018 5 -1.08393 -0.544643 3.8468 3.10207 3.85751e-06 -0.115474 -1.65235e-17 -4.51574e-17 0 0 0 8.52209e-18 -4.60985e-15 -1.37506e-15 0 0 0 3.85942e-17
 1.00018 4 -0.925464 -0.362287 3.68308 2.45521 -1.85197 -0.0620951 1.00018 5 -1.08393 -0.544643 3.8468 3.10207 3.85751e-06 -0.115474 -1.65235e-17 -4.51574e-17 0 0 0 8.52209e-18 -4.60985e-15 -1.37506e-15 0 0 0 3.85942e-17
 1.00013 4 -0.925464 -0.362287 3.68308 2.45521 -1.85197 -0.0620951 1.00013 5 -1.08393 -0.544643 3.8468 3.10207 3.85751e-06 -0.115474 -2.86603e-18 -8.01664e-18 0 0 0 5.02755e-19 7.78434e-16 -2.24099e-20 0 0 0 -9.8422e-17
 1.00013 4 -0.925464 -0.362287 3.68308 2.45521 -1.85197 -0.0620951 1.00013 5 -1.08393 -0.544643 3.8468 3.10207 3.85751e-06 -0.115474 -2.86603e-18 -8.01664e-18 0 0 0 5.02755e-19 7.78434e-16 -2.24099e-20 0 0 0 -9.8422e-17
 1.0001 4 -0.925464 -0.362287 3.68308 2.45521 -1.85197 -0.0620951 1.0001 5 -1.08393 -0.544643 3.8468 3.10207 3.85751e-06 -0.115474 1.79745e-17 4.95255e-17 0 0 0 -7.52544e-18 2.41091e-15 1.37507e-15 0 0 0 2.04333e-16
 1.0001 4 -0.925464 -0.362287 3.68308 2.45521 -1.85197 -0.0620951 1.0001 5 -1.08393 -0.544643 3.8468 3.10207 3.85751e-06 -0.115474 1.79745e-17 4.95255e-17 0 0 0 -7.52544e-18 2.41091e-15 1.37507e-15 0 0 0 2.04333e-16
 1.00006 4 -0.925464 -0.362287 3.68308 2.45521 -1.85197 -0.0620951 1.00006 5 -1.08393 -0.544643 3.8468 3.10207 3.85751e-06 -0.115474 1.2419e-18 3.23392e-18 0 0 0 -1.04441e-18 1.12175e-15 6.63944e-21 0 0 0 -1.12588e-16
 1.00006 4 -0.925464 -0.362287 3.68308 2.45521 -1.85197 -0.0620951 1.00006 5 -1.08393 -0.544643 3.8468 3.10207 3.85751e-06 -0.115474 1.2419e-18 3.23392e-18 0 0 0 -1.04441e-18 1.12175e-15 6.63944e-21 0 0 0 -1.12588e-16
 1.00011 4 -0.996213 -0.371282 3.94263 2.47464 -1.8277 -0.0647448 1.00011 5 -1.08393 -0.544643 3.8468 3.10207 3.85751e-06 -0.115474 -4.03626e-13 -7.56481e-13 0 0 0 5.33272e-13 0.950859 0.309609 0 0 0 1.12534e-10
 1.00011 4 -0.996213 -0.371282 3.94263 2.47464 -1.8277 -0.0647448 1.00011 5 -1.08393 -0.544643 3.8468 3.10207 3.85751e-06 -0.115474 -4.03626e-13 -7.56481e-13 0 0 0 5.33272e-13 0.950859 0.309609 0 0 0 1.12534e-10
 1.00006 4 -0.969643 -0.295719 3.76482 -2.12135 1.5292 -0.497895 1.00006 5 -1.08393 -0.544643 3.8468 3.10207 3.85751e-06 -0.115474 -3.97243e-13 -7.04676e-13 0 0 0 5.62607e-13 0.950859 0.30961 0 0 0 1.13227e-10
 1.00006 4 -0.969643 -0.295719 3.76482 -2.12135 1.5292 -0.497895 1.00006 5 -1.08393 -0.544643 3.8468 3.10207 3.85751e-06 -0.115474 -3.97243e-13 -7.04676e-13 0 0 0 5.62607e-13 0.950859 0.30961 0 0 0 1.13227e-10
 1.00335 4 -0.996766 -0.300719 3.86287 -2.48994 1.72103 0.106955 1.00335 5 -1.08393 -0.544643 3.8468 3.10207 3.85751e-06 -0.115474 -4.64198e-15 -9.09654e-18 0 0 0 1.77427e-14 0.950859 0.309625 0 0 0 -3.05311e-16
 1.00335 4 -0.996766 -0.300719 3.86287 -2.48994 1.72103 0.106955 1.00335 5 -1.08393 -0.544643 3.8468 3.10207 3.85751e-06 -0.115474 -4.64198e-15 -9.09654e-18 0 0 0 1.77427e-14 0.950859 0.309625 0 0 0 -3.05311e-16
 1.00011 4 -0.996766 -0.300719 3.86287 -2.48994 1.72103 0.106955 1.00011 5 -1.08393 -0.544643 3.8468 3.10207 3.85751e-06 -0.115474 -4.70265e-15 1.82302e-17 0 0 0 4.22396e-17 0.950859 0.309625 0 0 0 -2.22045e-16
 1.00011 4 -0.996766 -0.300719 3.86287 -2.48994 1.72103 0.106955 1.00011 5 -1.08393 -0.544643 3.8468 3.10207 3.85751e-06 -0.115474 -4.70265e-15 1.82302e-17 0 0 0 4.22396e-17 0.950859 0.309625 0 0 0 -2.22045e-16
 1.00005 4 -0.996766 -0.300719 3.86287 -2.48994 1.72103 0.106955 1.00005 5 -1.08393 -0.544643 3.8468 3.10207 3.85751e-06 -0.115474 -4.64198e-15 -9.09696e-18 0 0 0 1.77427e-14 0.950859 0.309625 0 0 0 1.44329e-15
 1.00005 4 -0.996766 -0.300719 3.86287 -2.48994 1.72103 0.106955 1.00005 5 -1.08393 -0.544643 3.8468 3.10207 3.85751e-06 -0.115474 -4.64198e-15 -9.09696e-18 0 0 0 1.77427e-14 0.950859 0.309625 0 0 0 1.44329e-15
 1.00016 4 -0.996766 -0.300719 3.86287 -2.48994 1.72103 0.106955 1.00016 5 -1.08393 -0.544643 3.8468 3.10207 3.85751e-06 -0.115474 -2.53171e-16 7.48987e-19 0 0 0 -4.1502e-19 0.950859 0.309625 0 0 0 -1.38778e-16
 1.00016 4 -0.996766 -0.300719 3.86287 -2.48994 1.72103 0.106955 1.00016 5 -1.08393 -0.544643 3.8468 3.10207 3.85751e-06 -0.115474 -2.53171e-16 7.48987e-19 0 0 0 -4.1502e-19 0.950859 0.309625 0 0 0 -1.38778e-16
 1.00005 4 -0.996766 -0.300719 3.86287 -2.48994 1.72103 0.106955 1.00005 5 -1.08393 -0.544643 3.8468 3.10207 3.85751e-06 -0.115474 -4.64198e-15 -9.09696e-18 0 0 0 1.77427e-14 0.950859 0.309625 0 0 0 1.38778e-15
 1.00005 4 -0.996766 -0.300719 3.86287 -2.48994 1.72103 0.106955 1.00005 5 -1.08393 -0.544643 3.8468 3.10207 3.85751e-06 -0.115474 -4.64198e-15 -9.09696e-18 0 0 0 1.77427e-14 0.950859 0.309625 0 0 0 1.38778e-15
 1.00008 4 -0.996766 -0.300719 3.86287 -2.48994 1.72103 0.106955 1.00008 5 -1.08393 -0.544643 3.8468 3.10207 3.85751e-06 -0.115474 4.67518e-15 6.54738e-20 0 0 0 -8.73137e-20 0.950859 0.309625 0 0 0 -2.77556e-17
 1.00008 4 -0.996766 -0.300719 3.86287 -2.48994 1.72103 0.106955 1.00008 5 -1.08393 -0.544643 3.8468 3.10207 3.85751e-06 -0.115474 4.67518e-15 6.54738e-20 0 0 0 -8.73137e-20 0.950859 0.309625 0 0 0 -2.77556e-17
 1.0009 4 -0.974006 -0.300861 3.78523 -2.07498 1.53547 -0.658496 1.0009 5 -1.08393 -0.544643 3.8468 3.10207 3.85751e-06 -0.115474 -1.86979e-17 -4.94003e-17 0 0 0 1.01878e-17 -3.14813e-15 -1.37499e-15 0 0 0 -1.35081e-16
 1.0009 4 -0.974006 -0.300861 3.78523 -2.07498 1.53547 -0.658496 1.0009 5 -1.08393 -0.544643 3.8468 3.10207 3.85751e-06 -0.115474 -1.86979e-17 -4.94003e-17 0 0 0 1.01878e-17 -3.14813e-15 -1.37499e-15 0 0 0 -1.35081e-16
 1.00007 4 -0.93451 -0.300463 3.64173 2.96142 -2.17015 0.726507 1.00007 5 -1.08393 -0.544643 3.8468 3.10207 3.85751e-06 -0.115474 -2.16409e-18 -5.5047e-18 0 0 0 2.16733e-18 2.64998e-15 1.37481e-15 0 0 0 1.27643e-16
 1.00007 4 -0.93451 -0.300463 3.64173 2.96142 -2.17015 0.726507 1.00007 5 -1.08393 -0.544643 3.8468 3.10207 3.85751e-06 -0.115474 -2.16409e-18 -5.5047e-18 0 0 0 2.16733e-18 2.64998e-15 1.37481e-15 0 0 0 1.27643e-16
 1.00006 4 -0.961054 -0.329128 3.76532 2.49522 -1.7978 -0.0757805 1.00006 5 -1.08393 -0.544643 3.8468 3.10207 3.85751e-06 -0.115474 -4.11681e-13 -8.14694e-13 0 0 0 4.97408e-13 -0.95086 -0.309605 0 0 0 1.12095e-10
 1.00006 4 -0.961054 -0.329128 3.76532 2.49522 -1.7978 -0.0757805 1.00006 5 -1.08393 -0.544643 3.8468 3.10207 3.85751e-06 -0.115474 -4.11681e-13 -8.14694e-13 0 0 0 4.97408e-13 -0.95086 -0.309605 0 0 0 1.12095e-10
 1.00045 4 -0.947031 -0.371264 3.76552 2.49377 -1.79671 -0.071475 1.00045 5 -1.08393 -0.544643 3.8468 3.10207 3.85751e-06 -0.115474 -3.53668e-15 4.42042e-16 0 0 0 1.65399e-14 -0.95086 -0.309621 0 0 0 -8.03774e-13
 1.00045 4 -0.947031 -0.371264 3.76552 2.49377 -1.79671 -0.071475 1.00045 5 -1.08393 -0.544643 3.8468 3.10207 3.85751e-06 -0.115474 -3.53668e-15 4.42042e-16 0 0 0 1.65399e-14 -0.95086 -0.309621 0 0 0 -8.03774e-13
 1.00004 4 -0.947031 -0.371264 3.76552 2.49377 -1.79671 -0.071475 1.00004 5 -1.08393 -0.544643 3.8468 3.10207 3.85751e-06 -0.115474 -1.91281e-16 4.74225e-17 0 0 0 -1.00227e-17 -0.95086 -0.309621 0 0 0 -1.33227e-15
 1.00004 4 -0.947031 -0.371264 3.76552 2.49377 -1.79671 -0.071475 1.00004 5 -1.08393 -0.544643 3.8468 3.10207 3.85751e-06 -0.115474 -1.91281e-16 4.74225e-17 0 0 0 -1.00227e-17 -0.95086 -0.309621 0 0 0 -1.33227e-15
 1.00007 4 -0.947031 -0.371264 3.76552 2.49377 -1.79671 -0.071475 1.00007 5 -1.08393 -0.544643 3.8468 3.10207 3.85751e-06 -0.115474 -1.97074e-16 -3.18241e-18 0 0 0 8.04629e-19 -0.95086 -0.309621 0 0 0 -4.16334e-16
 1.00007 4 -0.947031 -0.371264 3.76552 2.49377 -1.79671 -0.071475 1.00007 5 -1.08393 -0.544643 3.8468 3.10207 3.85751e-06 -0.115474 -1.97074e-16 -3.18241e-18 0 0 0 8.04629e-19 -0.95086 -0.309621 0 0 0 -4.16334e-16
 1.00012 4 -0.947031 -0.371264 3.76552 2.49377 -1.79671 -0.071475 1.00012 5 -1.08393 -0.544643 3.8468 3.10207 3.85751e-06 -0.115474 2.95294e-16 6.08922e-17 0 0 0 -1.36594e-17 -0.95086 -0.309621 0 0 0 -3.88578e-15
 1.00012 4 -0.947031 -0.371264 3.76552 2.49377 -1.79671 -0.071475 1.00012 5 -1.08393 -0.544643 3.8468 3.10207 3.85751e-06 -0.115474 2.95294e-16 6.08922e-17 0 0 0 -1.36594e-17 -0.95086 -0.309621 0 0 0 -3.88578e-15
 1.0001 4 -0.947031 -0.371264 3.76552 2.49377 -1.79671 -0.071475 1.0001 5 -1.08393 -0.544643 3.8468 3.10207 3.85751e-06 -0.115474 -1.94884e-16 7.3694e-18 0 0 0 2.31042e-18 -0.95086 -0.309621 0 0 0 1.94289e-15
 1.0001 4 -0.947031 -0.371264 3.76552 2.49377 -1.79671 -0.071475 1.0001 5 -1.08393 -0.544643 3.8468 3.10207 3.85751e-06 -0.115474 -1.94884e-16 7.3694e-18 0 0 0 2.31042e-18 -0.95086 -0.309621 0 0 0 1.94289e-15
 1.00007 4 -0.947031 -0.371264 3.76552 2.49377 -1.79671 -0.071475 1.00007 5 -1.08393 -0.544643 3.8468 3.10207 3.85751e-06 -0.115474 2.93723e-16 1.65631e-17 0 0 0 3.85344e-18 -0.95086 -0.309621 0 0 0 2.80331e-15
 1.00007 4 -0.947031 -0.371264 3.76552 2.49377 -1.79671 -0.071475 1.00007 5 -1.08393 -0.544643 3.8468 3.10207 3.85751e-06 -0.115474 2.93723e-16 1.65631e-17 0 0 0 3.85344e-18 -0.95086 -0.309621 0 0 0 2.80331e-15
 1.00006 4 -0.947031 -0.371264 3.76552 2.49377 -1.79671 -0.071475 1.00006 5 -1.08393 -0.544643 3.8468 3.10207 3.85751e-06 -0.115474 -2.12517e-16 3.44467e-18 0 0 0 4.76388e-17 -0.95086 -0.309621 0 0 0 1.69309e-15
 1.00006 4 -0.947031 -0.371264 3.76552 2.49377 -1.79671 -0.071475 1.00006 5 -1.08393 -0.544643 3.8468 3.10207 3.85751e-06 -0.115474 -2.12517e-16 3.44467e-18 0 0 0 4.76388e-17 -0.95086 -0.309621 0 0 0 1.69309e-15
