 1.00008 4 -0.38907 -0.255439 1.89135 2.23384 -1.85329 0.814286 1.00008 5 -0.603532 -0.444135 2.23672 2.58118 -0.162712 0.33531 0 0 0 0 0 0 0 0 0 0 0 0
 1.00008 4 -0.38907 -0.255439 1.89135 2.23384 -1.85329 0.814286 1.00008 5 -0.603532 -0.444135 2.23672 2.58118 -0.162712 0.33531 0 0 0 0 0 0 0 0 0 0 0 0
 1.00021 4 -0.38907 -0.255439 1.89135 2.23384 -1.85329 0.814286 1.00021 5 -0.603532 -0.444135 2.23672 2.58118 -0.162712 0.33531 0 0 0 0 0 0 0 0 0 0 0 0
 1.00021 4 -0.38907 -0.255439 1.89135 2.23384 -1.85329 0.814286 1.00021 5 -0.603532 -0.444135 2.23672 2.58118 -0.162712 0.33531 0 0 0 0 0 0 0 0 0 0 0 0
 1.00009 4 -0.38907 -0.255439 1.89135 2.23384 -1.85329 0.814286 1.00009 5 -0.603532 -0.444135 2.23672 2.58118 -0.162712 0.33531 0 0 0 0 0 0 0 0 0 0 0 0
 1.00009 4 -0.38907 -0.255439 1.89135 2.23384 -1.85329 0.814286 1.00009 5 -0.603532 -0.444135 2.23672 2.58118 -0.162712 0.33531 0 0 0 0 0 0 0 0 0 0 0 0
 1.00006 4 -0.38907 -0.255439 1.89135 2.23384 -1.85329 0.814286 1.00006 5 -0.603532 -0.444135 2.23672 2.58118 -0.162712 0.33531 0 0 0 0 0 0 0 0 0 0 0 0
 1.00006 4 -0.38907 -0.255439 1.89135 2.23384 -1.85329 0.814286 1.00006 5 -0.603532 -0.444135 2.23672 2.58118 -0.162712 0.33531 0 0 0 0 0 0 0 0 0 0 0 0
 1.00006 4 -0.38907 -0.255439 1.89135 2.23384 -1.85329 0.814286 1.00006 5 -0.603532 -0.444135 2.23672 2.58118 -0.162712 0.33531 0 0 0 0 0 0 0 0 0 0 0 0
 1.00006 4 -0.38907 -0.255439 1.89135 2.23384 -1.85329 0.814286 1.00006 5 -0.603532 -0.444135 2.23672 2.58118 -0.162712 0.33531 0 0 0 0 0 0 0 0 0 0 0 0
 1.00006 4 -0.38907 -0.255439 1.89135 2.23384 -1.85329 0.814286 1.00006 5 -0.603532 -0.444135 2.23672 2.58118 -0.162712 0.33531 0 0 0 0 0 0 0 0 0 0 0 0
 1.00006 4 -0.38907 -0.255439 1.89135 2.23384 -1.85329 0.814286 1.00006 5 -0.603532 -0.444135 2.23672 2.58118 -0.162712 0.33531 0 0 0 0 0 0 0 0 0 0 0 0
 1.00012 4 -0.38907 -0.255439 1.89135 2.23384 -1.85329 0.814286 1.00012 5 -0.603532 -0.444135 2.23672 2.58118 -0.162712 0.33531 0 0 0 0 0 0 0 0 0 0 0 0
 1.00012 4 -0.38907 -0.255439 1.89135 2.23384 -1.85329 0.814286 1.00012 5 -0.603532 -0.444135 2.23672 2.58118 -0.162712 0.33531 0 0 0 0 0 0 0 0 0 0 0 0
 1.00007 4 -0.38907 -0.255439 1.89135 2.23384 -1.85329 0.814286 1.00007 5 -0.603532 -0.444135 2.23672 2.58118 -0.162712 0.33531 0 0 0 0 0 0 0 0 0 0 0 0
 1.00007 4 -0.38907 -0.255439 1.89135 2.23384 -1.85329 0.814286 1.00007 5 -0.603532 -0.444135 2.23672 2.58118 -0.162712 0.33531 0 0 0 0 0 0 0 0 0 0 0 0
 1.00015 4 -0.38907 -0.255439 1.89135 2.23384 -1.85329 0.814286 1.00015 5 -0.603532 -0.444135 2.23672 2.58118 -0.162712 0.33531 0 0 0 0 0 0 0 0 0 0 0 0
 1.00015 4 -0.38907 -0.255439 1.89135 2.23384 -1.85329 0.814286 1.00015 5 -0.603532 -0.444135 2.23672 2.58118 -0.162712 0.33531 0 0 0 0 0 0 0 0 0 0 0 0
 1.00004 4 -0.38907 -0.255439 1.89135 2.23384 -1.85329 0.814286 1.00004 5 -0.603532 -0.444135 2.23672 2.58118 -0.162712 0.33531 0 0 0 0 0 0 0 0 0 0 0 0
 1.00004 4 -0.38907 -0.255439 1.89135 2.23384 -1.85329 0.814286 1.00004 5 -0.603532 -0.444135 2.23672 2.58118 -0.162712 0.33531 0 0 0 0 0 0 0 0 0 0 0 0
 1.00007 4 -0.38907 -0.255439 1.89135 2.23384 -1.85329 0.814286 1.00007 5 -0.603532 -0.444135 2.23672 2.58118 -0.162712 0.33531 0 0 0 0 0 0 0 0 0 0 0 0
 1.00007 4 -0.38907 -0.255439 1.89135 2.23384 -1.85329 0.814286 1.00007 5 -0.603532 -0.444135 2.23672 2.58118 -0.162712 0.33531 0 0 0 0 0 0 0 0 0 0 0 0
 1.00012 4 -0.38907 -0.255439 1.89135 2.23384 -1.85329 0.814286 1.00012 5 -0.603532 -0.444135 2.23672 2.58118 -0.162712 0.33531 0 0 0 0 0 0 0 0 0 0 0 0
 1.00012 4 -0.38907 -0.255439 1.89135 2.23384 -1.85329 0.814286 1.00012 5 -0.603532 -0.444135 2.23672 2.58118 -0.162712 0.33531 0 0 0 0 0 0 0 0 0 0 0 0
 1.00005 4 -0.38907 -0.255439 1.89135 2.23384 -1.85329 0.814286 1.00005 5 -0.603532 -0.444135 2.23672 2.58118 -0.162712 0.33531 0 0 0 0 0 0 0 0 0 0 0 0
 1.00005 4 -0.38907 -0.255439 1.89135 2.23384 -1.85329 0.814286 1.00005 5 -0.603532 -0.444135 2.23672 2.58118 -0.162712 0.33531 0 0 0 0 0 0 0 0 0 0 0 0
 1.00009 4 -0.38907 -0.255439 1.89135 2.23384 -1.85329 0.814286 1.00009 5 -0.603532 -0.444135 2.23672 2.58118 -0.162712 0.33531 0 0 0 0 0 0 0 0 0 0 0 0
 1.00009 4 -0.38907 -0.255439 1.89135 2.23384 -1.85329 0.814286 1.00009 5 -0.603532 -0.444135 2.23672 2.58118 -0.162712 0.33531 0 0 0 0 0 0 0 0 0 0 0 0
 1.00012 4 -0.38907 -0.255439 1.89135 2.23384 -1.85329 0.814286 1.00012 5 -0.603532 -0.444135 2.23672 2.58118 -0.162712 0.33531 0 0 0 0 0 0 0 0 0 0 0 0
 1.00012 4 -0.38907 -0.255439 1.89135 2.23384 -1.85329 0.814286 1.00012 5 -0.603532 -0.444135 2.23672 2.58118 -0.162712 0.33531 0 0 0 0 0 0 0 0 0 0 0 0
 1.00006 4 -0.38907 -0.255439 1.89135 2.23384 -1.85329 0.814286 1.00006 5 -0.603532 -0.444135 2.23672 2.58118 -0.162712 0.33531 0 0 0 0 0 0 0 0 0 0 0 0
 1.00006 4 -0.38907 -0.255439 1.89135 2.23384 -1.85329 0.814286 1.00006 5 -0.603532 -0.444135 2.23672 2.58118 -0.162712 0.33531 0 0 0 0 0 0 0 0 0 0 0 0
 1.00013 4 -0.38907 -0.255439 1.89135 2.23384 -1.85329 0.814286 1.00013 5 -0.603532 -0.444135 2.23672 2.58118 -0.162712 0.33531 0 0 0 0 0 0 0 0 0 0 0 0
 1.00013 4 -0.38907 -0.255439 1.89135 2.23384 -1.85329 0.814286 1.00013 5 -0.603532 -0.444135 2.23672 2.58118 -0.162712 0.33531 0 0 0 0 0 0 0 0 0 0 0 0
 1.00008 4 -0.38907 -0.255439 1.89135 2.23384 -1.85329 0.814286 1.00008 5 -0.603532 -0.444135 2.23672 2.58118 -0.162712 0.33531 0 0 0 0 0 0 0 0 0 0 0 0
 1.00008 4 -0.38907 -0.255439 1.89135 2.23384 -1.85329 0.814286 1.00008 5 -0.603532 -0.444135 2.23672 2.58118 -0.162712 0.33531 0 0 0 0 0 0 0 0 0 0 0 0
 1.00006 4 -0.38907 -0.255439 1.89135 2.23384 -1.85329 0.814286 1.00006 5 -0.603532 -0.444135 2.23672 2.58118 -0.162712 0.33531 0 0 0 0 0 0 0 0 0 0 0 0
 1.00006 4 -0.38907 -0.255439 1.89135 2.23384 -1.85329 0.814286 1.00006 5 -0.603532 -0.444135 2.23672 2.58118 -0.162712 0.33531 0 0 0 0 0 0 0 0 0 0 0 0
 1.00008 4 -0.38907 -0.255439 1.89135 2.23384 -1.85329 0.814286 1.00008 5 -0.603532 -0.444135 2.23672 2.58118 -0.162712 0.33531 0 0 0 0 0 0 0 0 0 0 0 0
 1.00008 4 -0.38907 -0.255439 1.89135 2.23384 -1.85329 0.814286 1.00008 5 -0.603532 -0.444135 2.23672 2.58118 -0.162712 0.33531 0 0 0 0 0 0 0 0 0 0 0 0
 1.00008 4 -0.38907 -0.255439 1.89135 2.23384 -1.85329 0.814286 1.00008 5 -0.603532 -0.444135 2.23672 2.58118 -0.162712 0.33531 0 0 0 0 0 0 0 0 0 0 0 0
 1.00008 4 -0.38907 -0.255439 1.89135 2.23384 -1.85329 0.814286 1.00008 5 -0.603532 -0.444135 2.23672 2.58118 -0.162712 0.33531 0 0 0 0 0 0 0 0 0 0 0 0
 1.00013 4 -0.38907 -0.255439 1.89135 2.23384 -1.85329 0.814286 1.00013 5 -0.603532 -0.444135 2.23672 2.58118 -0.162712 0.33531 0 0 0 0 0 0 0 0 0 0 0 0
 1.00013 4 -0.38907 -0.255439 1.89135 2.23384 -1.85329 0.814286 1.00013 5 -0.603532 -0.444135 2.23672 2.58118 -0.162712 0.33531 0 0 0 0 0 0 0 0 0 0 0 0
 1.00011 4 -0.38907 -0.255439 1.89135 2.23384 -1.85329 0.814286 1.00011 5 -0.603532 -0.444135 2.23672 2.58118 -0.162712 0.33531 0 0 0 0 0 0 0 0 0 0 0 0
 1.00011 4 -0.38907 -0.255439 1.89135 2.23384 -1.85329 0.814286 1.00011 5 -0.603532 -0.444135 2.23672 2.58118 -0.162712 0.33531 0 0 0 0 0 0 0 0 0 0 0 0
 1.00006 4 -0.38907 -0.255439 1.89135 2.23384 -1.85329 0.814286 1.00006 5 -0.603532 -0.444135 2.23672 2.58118 -0.162712 0.33531 0 0 0 0 0 0 0 0 0 0 0 0
 1.00006 4 -0.38907 -0.255439 1.89135 2.23384 -1.85329 0.814286 1.00006 5 -0.603532 -0.444135 2.23672 2.58118 -0.162712 0.33531 0 0 0 0 0 0 0 0 0 0 0 0
 1.00011 4 -0.38907 -0.255439 1.89135 2.23384 -1.85329 0.814286 1.00011 5 -0.603532 -0.444135 2.23672 2.58118 -0.162712 0.33531 0 0 0 0 0 0 0 0 0 0 0 0
 1.00011 4 -0.38907 -0.255439 1.89135 2.23384 -1.85329 0.814286 1.00011 5 -0.603532 -0.444135 2.23672 2.58118 -0.162712 0.33531 0 0 0 0 0 0 0 0 0 0 0 0
 1.0001 4 -0.38907 -0.255439 1.89135 2.23384 -1.85329 0.814286 1.0001 5 -0.603532 -0.444135 2.23672 2.58118 -0.162712 0.33531 0 0 0 0 0 0 0 0 0 0 0 0
 1.0001 4 -0.38907 -0.255439 1.89135 2.23384 -1.85329 0.814286 1.0001 5 -0.603532 -0.444135 2.23672 2.58118 -0.162712 0.33531 0 0 0 0 0 0 0 0 0 0 0 0
 1.00011 4 -0.38907 -0.255439 1.89135 2.23384 -1.85329 0.814286 1.00011 5 -0.603532 -0.444135 2.23672 2.58118 -0.162712 0.33531 0 0 0 0 0 0 0 0 0 0 0 0
 1.00011 4 -0.38907 -0.255439 1.89135 2.23384 -1.85329 0.814286 1.00011 5 -0.603532 -0.444135 2.23672 2.58118 -0.162712 0.33531 0 0 0 0 0 0 0 0 0 0 0 0
 1.00006 4 -0.38907 -0.255439 1.89135 2.23384 -1.85329 0.814286 1.00006 5 -0.603532 -0.444135 2.23672 2.58118 -0.162712 0.33531 0 0 0 0 0 0 0 0 0 0 0 0
 1.00006 4 -0.38907 -0.255439 1.89135 2.23384 -1.85329 0.814286 1.00006 5 -0.603532 -0.444135 2.23672 2.58118 -0.162712 0.33531 0 0 0 0 0 0 0 0 0 0 0 0
 1.00011 4 -0.38907 -0.255439 1.89135 2.23384 -1.85329 0.814286 1.00011 5 -0.603532 -0.444135 2.23672 2.58118 -0.162712 0.33531 0 0 0 0 0 0 0 0 0 0 0 0
 1.00011 4 -0.38907 -0.255439 1.89135 2.23384 -1.85329 0.814286 1.00011 5 -0.603532 -0.444135 2.23672 2.58118 -0.162712 0.33531 0 0 0 0 0 0 0 0 0 0 0 0
 1.00005 4 -0.38907 -0.255439 1.89135 2.23384 -1.85329 0.814286 1.00005 5 -0.603532 -0.444135 2.23672 2.58118 -0.162712 0.33531 0 0 0 0 0 0 0 0 0 0 0 0
 1.00005 4 -0.38907 -0.255439 1.89135 2.23384 -1.85329 0.814286 1.00005 5 -0.603532 -0.444135 2.23672 2.58118 -0.162712 0.33531 0 0 0 0 0 0 0 0 0 0 0 0
 1.00011 4 -0.38907 -0.255439 1.89135 2.23384 -1.85329 0.814286 1.00011 5 -0.603532 -0.444135 2.23672 2.58118 -0.162712 0.33531 0 0 0 0 0 0 0 0 0 0 0 0
 1.00011 4 -0.38907 -0.255439 1.89135 2.23384 -1.85329 0.814286 1.00011 5 -0.603532 -0.444135 2.23672 2.58118 -0.162712 0.33531 0 0 0 0 0 0 0 0 0 0 0 0
 1.00006 4 -0.38907 -0.255439 1.89135 2.23384 -1.85329 0.814286 1.00006 5 -0.603532 -0.444135 2.23672 2.58118 -0.162712 0.33531 0 0 0 0 0 0 0 0 0 0 0 0
 1.00006 4 -0.38907 -0.255439 1.89135 2.23384 -1.85329 0.814286 1.00006 5 -0.603532 -0.444135 2.23672 2.58118 -0.162712 0.33531 0 0 0 0 0 0 0 0 0 0 0 0
 1.00015 4 -0.38907 -0.255439 1.89135 2.23384 -1.85329 0.814286 1.00015 5 -0.603532 -0.444135 2.23672 2.58118 -0.162712 0.33531 0 0 0 0 0 0 0 0 0 0 0 0
 1.00015 4 -0.38907 -0.255439 1.89135 2.23384 -1.85329 0.814286 1.00015 5 -0.603532 -0.444135 2.23672 2.58118 -0.162712 0.33531 0 0 0 0 0 0 0 0 0 0 0 0
 1.00006 4 -0.38907 -0.255439 1.89135 2.23384 -1.85329 0.814286 1.00006 5 -0.603532 -0.444135 2.23672 2.58118 -0.162712 0.33531 0 0 0 0 0 0 0 0 0 0 0 0
 1.00006 4 -0.38907 -0.255439 1.89135 2.23384 -1.85329 0.814286 1.00006 5 -0.603532 -0.444135 2.23672 2.58118 -0.162712 0.33531 0 0 0 0 0 0 0 0 0 0 0 0
 1.00006 4 -0.38907 -0.255439 1.89135 2.23384 -1.85329 0.814286 1.00006 5 -0.603532 -0.444135 2.23672 2.58118 -0.162712 0.33531 0 0 0 0 0 0 0 0 0 0 0 0
 1.00006 4 -0.38907 -0.255439 1.89135 2.23384 -1.85329 0.814286 1.00006 5 -0.603532 -0.444135 2.23672 2.58118 -0.162712 0.33531 0 0 0 0 0 0 0 0 0 0 0 0
 1.00007 4 -0.38907 -0.255439 1.89135 2.23384 -1.85329 0.814286 1.00007 5 -0.603532 -0.444135 2.23672 2.58118 -0.162712 0.33531 0 0 0 0 0 0 0 0 0 0 0 0
 1.00007 4 -0.38907 -0.255439 1.89135 2.23384 -1.85329 0.814286 1.00007 5 -0.603532 -0.444135 2.23672 2.58118 -0.162712 0.33531 0 0 0 0 0 0 0 0 0 0 0 0
 1.00007 4 -0.38907 -0.255439 1.89135 2.23384 -1.85329 0.814286 1.00007 5 -0.603532 -0.444135 2.23672 2.58118 -0.162712 0.33531 0 0 0 0 0 0 0 0 0 0 0 0
 1.00007 4 -0.38907 -0.255439 1.89135 2.23384 -1.85329 0.814286 1.00007 5 -0.603532 -0.444135 2.23672 2.58118 -0.162712 0.33531 0 0 0 0 0 0 0 0 0 0 0 0
 1.00013 4 -0.38907 -0.255439 1.89135 2.23384 -1.85329 0.814286 1.00013 5 -0.603532 -0.444135 2.23672 2.58118 -0.162712 0.33531 0 0 0 0 0 0 0 0 0 0 0 0
 1.00013 4 -0.38907 -0.255439 1.89135 2.23384 -1.85329 0.814286 1.00013 5 -0.603532 -0.444135 2.23672 2.58118 -0.162712 0.33531 0 0 0 0 0 0 0 0 0 0 0 0
 1.00005 4 -0.38907 -0.255439 1.89135 2.23384 -1.85329 0.814286 1.00005 5 -0.603532 -0.444135 2.23672 2.58118 -0.162712 0.33531 0 0 0 0 0 0 0 0 0 0 0 0
 1.00005 4 -0.38907 -0.255439 1.89135 2.23384 -1.85329 0.814286 1.00005 5 -0.603532 -0.444135 2.23672 2.58118 -0.162712 0.33531 0 0 0 0 0 0 0 0 0 0 0 0
 1.00015 4 -0.38907 -0.255439 1.89135 2.23384 -1.85329 0.814286 1.00015 5 -0.603532 -0.444135 2.23672 2.58118 -0.162712 0.33531 0 0 0 0 0 0 0 0 0 0 0 0
 1.00015 4 -0.38907 -0.255439 1.89135 2.23384 -1.85329 0.814286 1.00015 5 -0.603532 -0.444135 2.23672 2.58118 -0.162712 0.33531 0 0 0 0 0 0 0 0 0 0 0 0
 1.00007 4 -0.38907 -0.255439 1.89135 2.23384 -1.85329 0.814286 1.00007 5 -0.603532 -0.444135 2.23672 2.58118 -0.162712 0.33531 0 0 0 0 0 0 0 0 0 0 0 0
 1.00007 4 -0.38907 -0.255439 1.89135 2.23384 -1.85329 0.814286 1.00007 5 -0.603532 -0.444135 2.23672 2.58118 -0.162712 0.33531 0 0 0 0 0 0 0 0 0 0 0 0
 1.00008 4 -0.38907 -0.255439 1.89135 2.23384 -1.85329 0.814286 1.00008 5 -0.603532 -0.444135 2.23672 2.58118 -0.162712 0.33531 0 0 0 0 0 0 0 0 0 0 0 0
 1.00008 4 -0.38907 -0.255439 1.89135 2.23384 -1.85329 0.814286 1.00008 5 -0.603532 -0.444135 2.23672 2.58118 -0.162712 0.33531 0 0 0 0 0 0 0 0 0 0 0 0
 1.00016 4 -0.38907 -0.255439 1.89135 2.23384 -1.85329 0.814286 1.00016 5 -0.603532 -0.444135 2.23672 2.58118 -0.162712 0.33531 0 0 0 0 0 0 0 0 0 0 0 0
 1.00016 4 -0.38907 -0.255439 1.89135 2.23384 -1.85329 0.814286 1.00016 5 -0.603532 -0.444135 2.23672 2.58118 -0.162712 0.33531 0 0 0 0 0 0 0 0 0 0 0 0
 1.00004 4 -0.38907 -0.255439 1.89135 2.23384 -1.85329 0.814286 1.00004 5 -0.603532 -0.444135 2.23672 2.58118 -0.162712 0.33531 0 0 0 0 0 0 0 0 0 0 0 0
 1.00004 4 -0.38907 -0.255439 1.89135 2.23384 -1.85329 0.814286 1.00004 5 -0.603532 -0.444135 2.23672 2.58118 -0.162712 0.33531 0 0 0 0 0 0 0 0 0 0 0 0
 1.00006 4 -0.38907 -0.255439 1.89135 2.23384 -1.85329 0.814286 1.00006 5 -0.603532 -0.444135 2.23672 2.58118 -0.162712 0.33531 0 0 0 0 0 0 0 0 0 0 0 0
 1.00006 4 -0.38907 -0.255439 1.89135 2.23384 -1.85329 0.814286 1.00006 5 -0.603532 -0.444135 2.23672 2.58118 -0.162712 0.33531 0 0 0 0 0 0 0 0 0 0 0 0
 1.00007 4 -0.38907 -0.255439 1.89135 2.23384 -1.85329 0.814286 1.00007 5 -0.603532 -0.444135 2.23672 2.58118 -0.162712 0.33531 0 0 0 0 0 0 0 0 0 0 0 0
 1.00007 4 -0.38907 -0.255439 1.89135 2.23384 -1.85329 0.814286 1.00007 5 -0.603532 -0.444135 2.23672 2.58118 -0.162712 0.33531 0 0 0 0 0 0 0 0 0 0 0 0
 1.00007 4 -0.38907 -0.255439 1.89135 2.23384 -1.85329 0.814286 1.00007 5 -0.603532 -0.444135 2.23672 2.58118 -0.162712 0.33531 0 0 0 0 0 0 0 0 0 0 0 0
 1.00007 4 -0.38907 -0.255439 1.89135 2.23384 -1.85329 0.814286 1.00007 5 -0.603532 -0.444135 2.23672 2.58118 -0.162712 0.33531 0 0 0 0 0 0 0 0 0 0 0 0
 1.00007 4 -0.38907 -0.255439 1.89135 2.23384 -1.85329 0.814286 1.00007 5 -0.603532 -0.444135 2.23672 2.58118 -0.162712 0.33531 0 0 0 0 0 0 0 0 0 0 0 0
 1.00007 4 -0.38907 -0.255439 1.89135 2.23384 -1.85329 0.814286 1.00007 5 -0.603532 -0.444135 2.23672 2.58118 -0.162712 0.33531 0 0 0 0 0 0 0 0 0 0 0 0
 1.00119 4 -0.38907 -0.255439 1.89135 2.23384 -1.85329 0.814286 1.00119 5 -0.603532 -0.444135 2.23672 2.58118 -0.162712 0.33531 0 0 0 0 0 0 0 0 0 0 0 0
 1.00119 4 -0.38907 -0.255439 1.89135 2.23384 -1.85329 0.814286 1.00119 5 -0.603532 -0.444135 2.23672 2.58118 -0.162712 0.33531 0 0 0 0 0 0 0 0 0 0 0 0
 1.0001 4 -0.38907 -0.255439 1.89135 2.23384 -1.85329 0.814286 1.0001 5 -0.603532 -0.444135 2.23672 2.58118 -0.162712 0.33531 0 0 0 0 0 0 0 0 0 0 0 0
 1.0001 4 -0.38907 -0.255439 1.89135 2.23384 -1.85329 0.814286 1.0001 5 -0.603532 -0.444135 2.23672 2.58118 -0.162712 0.33531 0 0 0 0 0 0 0 0 0 0 0 0
 1.00004 4 -0.38907 -0.255439 1.89135 2.23384 -1.85329 0.814286 1.00004 5 -0.603532 -0.444135 2.23672 2.58118 -0.162712 0.33531 0 0 0 0 0 0 0 0 0 0 0 0
 1.00004 4 -0.38907 -0.255439 1.89135 2.23384 -1.85329 0.814286 1.00004 5 -0.603532 -0.444135 2.23672 2.58118 -0.162712 0.33531 0 0 0 0 0 0 0 0 0 0 0 0
 1.00014 4 -0.38907 -0.255439 1.89135 2.23384 -1.85329 0.814286 1.00014 5 -0.603532 -0.444135 2.23672 2.58118 -0.162712 0.33531 0 0 0 0 0 0 0 0 0 0 0 0
 1.00014 4 -0.38907 -0.255439 1.89135 2.23384 -1.85329 0.814286 1.00014 5 -0.603532 -0.444135 2.23672 2.58118 -0.162712 0.33531 0 0 0 0 0 0 0 0 0 0 0 0
 1.00158 4 -0.38907 -0.255439 1.89135 2.23384 -1.85329 0.814286 1.00158 5 -0.603532 -0.444135 2.23672 2.58118 -0.162712 0.33531 0 0 0 0 0 0 0 0 0 0 0 0
 1.00158 4 -0.38907 -0.255439 1.89135 2.23384 -1.85329 0.814286 1.00158 5 -0.603532 -0.444135 2.23672 2.58118 -0.162712 0.33531 0 0 0 0 0 0 0 0 0 0 0 0
 1.00006 4 -0.38907 -0.255439 1.89135 2.23384 -1.85329 0.814286 1.00006 5 -0.603532 -0.444135 2.23672 2.58118 -0.162712 0.33531 0 0 0 0 0 0 0 0 0 0 0 0
 1.00006 4 -0.38907 -0.255439 1.89135 2.23384 -1.85329 0.814286 1.00006 5 -0.603532 -0.444135 2.23672 2.58118 -0.162712 0.33531 0 0 0 0 0 0 0 0 0 0 0 0
 1.00006 4 -0.38907 -0.255439 1.89135 2.23384 -1.85329 0.814286 1.00006 5 -0.603532 -0.444135 2.23672 2.58118 -0.162712 0.33531 0 0 0 0 0 0 0 0 0 0 0 0
 1.00006 4 -0.38907 -0.255439 1.89135 2.23384 -1.85329 0.814286 1.00006 5 -0.603532 -0.444135 2.23672 2.58118 -0.162712 0.33531 0 0 0 0 0 0 0 0 0 0 0 0
 1.00008 4 -0.38907 -0.255439 1.89135 2.23384 -1.85329 0.814286 1.00008 5 -0.603532 -0.444135 2.23672 2.58118 -0.162712 0.33531 0 0 0 0 0 0 0 0 0 0 0 0
 1.00008 4 -0.38907 -0.255439 1.89135 2.23384 -1.85329 0.814286 1.00008 5 -0.603532 -0.444135 2.23672 2.58118 -0.162712 0.33531 0 0 0 0 0 0 0 0 0 0 0 0
 1.00013 4 -0.38907 -0.255439 1.89135 2.23384 -1.85329 0.814286 1.00013 5 -0.603532 -0.444135 2.23672 2.58118 -0.162712 0.33531 0 0 0 0 0 0 0 0 0 0 0 0
 1.00013 4 -0.38907 -0.255439 1.89135 2.23384 -1.85329 0.814286 1.00013 5 -0.603532 -0.444135 2.23672 2.58118 -0.162712 0.33531 0 0 0 0 0 0 0 0 0 0 0 0
 1.0001 4 -0.38907 -0.255439 1.89135 2.23384 -1.85329 0.814286 1.0001 5 -0.603532 -0.444135 2.23672 2.58118 -0.162712 0.33531 0 0 0 0 0 0 0 0 0 0 0 0
 1.0001 4 -0.38907 -0.255439 1.89135 2.23384 -1.85329 0.814286 1.0001 5 -0.603532 -0.444135 2.23672 2.58118 -0.162712 0.33531 0 0 0 0 0 0 0 0 0 0 0 0
 1.00004 4 -0.38907 -0.255439 1.89135 2.23384 -1.85329 0.814286 1.00004 5 -0.603532 -0.444135 2.23672 2.58118 -0.162712 0.33531 0 0 0 0 0 0 0 0 0 0 0 0
 1.00004 4 -0.38907 -0.255439 1.89135 2.23384 -1.85329 0.814286 1.00004 5 -0.603532 -0.444135 2.23672 2.58118 -0.162712 0.33531 0 0 0 0 0 0 0 0 0 0 0 0
 1.00006 4 -0.38907 -0.255439 1.89135 2.23384 -1.85329 0.814286 1.00006 5 -0.603532 -0.444135 2.23672 2.58118 -0.162712 0.33531 0 0 0 0 0 0 0 0 0 0 0 0
 1.00006 4 -0.38907 -0.255439 1.89135 2.23384 -1.85329 0.814286 1.00006 5 -0.603532 -0.444135 2.23672 2.58118 -0.162712 0.33531 0 0 0 0 0 0 0 0 0 0 0 0
 1.00008 4 -0.38907 -0.255439 1.89135 2.23384 -1.85329 0.814286 1.00008 5 -0.603532 -0.444135 2.23672 2.58118 -0.162712 0.33531 0 0 0 0 0 0 0 0 0 0 0 0
 1.00008 4 -0.38907 -0.255439 1.89135 2.23384 -1.85329 0.814286 1.00008 5 -0.603532 -0.444135 2.23672 2.58118 -0.162712 0.33531 0 0 0 0 0 0 0 0 0 0 0 0
 1.00012 4 -0.38907 -0.255439 1.89135 2.23384 -1.85329 0.814286 1.00012 5 -0.603532 -0.444135 2.23672 2.58118 -0.162712 0.33531 0 0 0 0 0 0 0 0 0 0 0 0
 1.00012 4 -0.38907 -0.255439 1.89135 2.23384 -1.85329 0.814286 1.00012 5 -0.603532 -0.444135 2.23672 2.58118 -0.162712 0.33531 0 0 0 0 0 0 0 0 0 0 0 0
 1.00023 4 -0.38907 -0.255439 1.89135 2.23384 -1.85329 0.814286 1.00023 5 -0.603532 -0.444135 2.23672 2.58118 -0.162712 0.33531 0 0 0 0 0 0 0 0 0 0 0 0
 1.00023 4 -0.38907 -0.255439 1.89135 2.23384 -1.85329 0.814286 1.00023 5 -0.603532 -0.444135 2.23672 2.58118 -0.162712 0.33531 0 0 0 0 0 0 0 0 0 0 0 0
 1.00019 4 -0.38907 -0.255439 1.89135 2.23384 -1.85329 0.814286 1.00019 5 -0.603532 -0.444135 2.23672 2.58118 -0.162712 0.33531 0 0 0 0 0 0 0 0 0 0 0 0
 1.00019 4 -0.38907 -0.255439 1.89135 2.23384 -1.85329 0.814286 1.00019 5 -0.603532 -0.444135 2.23672 2.58118 -0.162712 0.33531 0 0 0 0 0 0 0 0 0 0 0 0
 1.00011 4 -0.38907 -0.255439 1.89135 2.23384 -1.85329 0.814286 1.00011 5 -0.603532 -0.444135 2.23672 2.58118 -0.162712 0.33531 0 0 0 0 0 0 0 0 0 0 0 0
 1.00011 4 -0.38907 -0.255439 1.89135 2.23384 -1.85329 0.814286 1.00011 5 -0.603532 -0.444135 2.23672 2.58118 -0.162712 0.33531 0 0 0 0 0 0 0 0 0 0 0 0
 1.0001 4 -0.38907 -0.255439 1.89135 2.23384 -1.85329 0.814286 1.0001 5 -0.603532 -0.444135 2.23672 2.58118 -0.162712 0.33531 0 0 0 0 0 0 0 0 0 0 0 0
 1.0001 4 -0.38907 -0.255439 1.89135 2.23384 -1.85329 0.814286 1.0001 5 -0.603532 -0.444135 2.23672 2.58118 -0.162712 0.33531 0 0 0 0 0 0 0 0 0 0 0 0
 1.00061 4 -0.384186 -0.229738 1.84418 2.28634 -1.90802 0.870983 1.00061 5 -0.603532 -0.444135 2.23672 2.58118 -0.162712 0.33531 -4.00665e-13 -7.25308e-13 0 0 0 5.59925e-13 0.950859 0.309609 0 0 0 1.12711e-10
 1.00061 4 -0.384186 -0.229738 1.84418 2.28634 -1.90802 0.870983 1.00061 5 -0.603532 -0.444135 2.23672 2.58118 -0.162712 0.33531 -4.00665e-13 -7.25308e-13 0 0 0 5.59925e-13 0.950859 0.309609 0 0 0 1.12711e-10
 1.00189 4 -0.380577 -0.174657 1.77795 2.33192 -1.90039 0.845541 1.00189 5 -0.603532 -0.444135 2.23672 2.58118 -0.162712 0.33531 -1.86753e-13 -2.41902e-13 0 0 0 4.30594e-13 0.950859 0.309625 0 0 0 2.54687e-10
 1.00189 4 -0.380577 -0.174657 1.77795 2.33192 -1.90039 0.845541 1.00189 5 -0.603532 -0.444135 2.23672 2.58118 -0.162712 0.33531 -1.86753e-13 -2.41902e-13 0 0 0 4.30594e-13 0.950859 0.309625 0 0 0 2.54687e-10
 1.00009 4 -0.380577 -0.174657 1.77795 2.33192 -1.90039 0.845541 1.00009 5 -0.603532 -0.444135 2.23672 2.58118 -0.162712 0.33531 -2.51365e-16 -1.64622e-17 0 0 0 -2.14225e-17 0.950859 0.309625 0 0 0 -4.44089e-16
 1.00009 4 -0.380577 -0.174657 1.77795 2.33192 -1.90039 0.845541 1.00009 5 -0.603532 -0.444135 2.23672 2.58118 -0.162712 0.33531 -2.51365e-16 -1.64622e-17 0 0 0 -2.14225e-17 0.950859 0.309625 0 0 0 -4.44089e-16
 1.00005 4 -0.380577 -0.174657 1.77795 2.33192 -1.90039 0.845541 1.00005 5 -0.603532 -0.444135 2.23672 2.58118 -0.162712 0.33531 -4.64321e-15 -8.86212e-18 0 0 0 1.77425e-14 0.950859 0.309625 0 0 0 1.44329e-15
 1.00005 4 -0.380577 -0.174657 1.77795 2.33192 -1.90039 0.845541 1.00005 5 -0.603532 -0.444135 2.23672 2.58118 -0.162712 0.33531 -4.64321e-15 -8.86212e-18 0 0 0 1.77425e-14 0.950859 0.309625 0 0 0 1.44329e-15
 1.00013 4 -0.380577 -0.174657 1.77795 2.33192 -1.90039 0.845541 1.00013 5 -0.603532 -0.444135 2.23672 2.58118 -0.162712 0.33531 -2.5337e-16 -3.60011e-20 0 0 0 7.3824e-20 0.950859 0.309625 0 0 0 -8.32667e-17
 1.00013 4 -0.380577 -0.174657 1.77795 2.33192 -1.90039 0.845541 1.00013 5 -0.603532 -0.444135 2.23672 2.58118 -0.162712 0.33531 -2.5337e-16 -3.60011e-20 0 0 0 7.3824e-20 0.950859 0.309625 0 0 0 -8.32667e-17
 1.00005 4 -0.380577 -0.174657 1.77795 2.33192 -1.90039 0.845541 1.00005 5 -0.603532 -0.444135 2.23672 2.58118 -0.162712 0.33531 -2.53244e-16 4.99641e-19 0 0 0 -1.29409e-19 0.950859 0.309625 0 0 0 5.55112e-17
 1.00005 4 -0.380577 -0.174657 1.77795 2.33192 -1.90039 0.845541 1.00005 5 -0.603532 -0.444135 2.23672 2.58118 -0.162712 0.33531 -2.53244e-16 4.99641e-19 0 0 0 -1.29409e-19 0.950859 0.309625 0 0 0 5.55112e-17
 1.00014 4 -0.380577 -0.174657 1.77795 2.33192 -1.90039 0.845541 1.00014 5 -0.603532 -0.444135 2.23672 2.58118 -0.162712 0.33531 -4.15617e-15 -1.0682e-17 0 0 0 1.77432e-14 0.950859 0.309625 0 0 0 -1.22125e-15
 1.00014 4 -0.380577 -0.174657 1.77795 2.33192 -1.90039 0.845541 1.00014 5 -0.603532 -0.444135 2.23672 2.58118 -0.162712 0.33531 -4.15617e-15 -1.0682e-17 0 0 0 1.77432e-14 0.950859 0.309625 0 0 0 -1.22125e-15
 1.00012 4 -0.380577 -0.174657 1.77795 2.33192 -1.90039 0.845541 1.00012 5 -0.603532 -0.444135 2.23672 2.58118 -0.162712 0.33531 -2.53382e-16 6.56872e-19 0 0 0 -2.33009e-19 0.950859 0.309625 0 0 0 3.88578e-16
 1.00012 4 -0.380577 -0.174657 1.77795 2.33192 -1.90039 0.845541 1.00012 5 -0.603532 -0.444135 2.23672 2.58118 -0.162712 0.33531 -2.53382e-16 6.56872e-19 0 0 0 -2.33009e-19 0.950859 0.309625 0 0 0 3.88578e-16
 1.00005 4 -0.378977 -0.180505 1.77832 2.33104 -1.8998 0.836973 1.00005 5 -0.603532 -0.444135 2.23672 2.58118 -0.162712 0.33531 -1.89126e-17 -4.9921e-17 0 0 0 1.03819e-17 -4.35748e-15 -4.91296e-16 0 0 0 2.13282e-15
 1.00005 4 -0.378977 -0.180505 1.77832 2.33104 -1.8998 0.836973 1.00005 5 -0.603532 -0.444135 2.23672 2.58118 -0.162712 0.33531 -1.89126e-17 -4.9921e-17 0 0 0 1.03819e-17 -4.35748e-15 -4.91296e-16 0 0 0 2.13282e-15
 1.00006 4 -0.386747 -0.193733 1.82485 2.34158 -1.9435 0.763059 1.00006 5 -0.603532 -0.444135 2.23672 2.58118 -0.162712 0.33531 -1.89097e-17 -5.02123e-17 0 0 0 1.00515e-17 -1.94612e-15 -2.25881e-15 0 0 0 -2.31907e-15
 1.00006 4 -0.386747 -0.193733 1.82485 2.34158 -1.9435 0.763059 1.00006 5 -0.603532 -0.444135 2.23672 2.58118 -0.162712 0.33531 -1.89097e-17 -5.02123e-17 0 0 0 1.00515e-17 -1.94612e-15 -2.25881e-15 0 0 0 -2.31907e-15
 1.0001 4 -0.388176 -0.224754 1.85841 2.88587 -2.11034 -0.724741 1.0001 5 -0.603532 -0.444135 2.23672 2.58118 -0.162712 0.33531 -4.14553e-13 -8.58207e-13 0 0 0 4.80405e-13 -0.95086 -0.309605 0 0 0 1.11791e-10
 1.0001 4 -0.388176 -0.224754 1.85841 2.88587 -2.11034 -0.724741 1.0001 5 -0.603532 -0.444135 2.23672 2.58118 -0.162712 0.33531 -4.14553e-13 -8.58207e-13 0 0 0 4.80405e-13 -0.95086 -0.309605 0 0 0 1.11791e-10
 1.00011 4 -0.38907 -0.255439 1.89135 2.23384 -1.85329 0.814286 1.00011 5 -0.603532 -0.444135 2.23672 2.58118 -0.162712 0.33531 -1.91295e-16 1.03928e-16 0 0 0 -1.77779e-17 -0.95086 -0.309621 0 0 0 5.82867e-16
 1.00011 4 -0.38907 -0.255439 1.89135 2.23384 -1.85329 0.814286 1.00011 5 -0.603532 -0.444135 2.23672 2.58118 -0.162712 0.33531 -1.91295e-16 1.03928e-16 0 0 0 -1.77779e-17 -0.95086 -0.309621 0 0 0 5.82867e-16
 1.00092 4 -0.38907 -0.255439 1.89135 2.23384 -1.85329 0.814286 1.00092 5 -0.603532 -0.444135 2.23672 2.58118 -0.162712 0.33531 -1.96883e-16 8.4894e-19 0 0 0 1.70304e-19 -0.95086 -0.309621 0 0 0 -1.11022e-16
 1.00092 4 -0.38907 -0.255439 1.89135 2.23384 -1.85329 0.814286 1.00092 5 -0.603532 -0.444135 2.23672 2.58118 -0.162712 0.33531 -1.96883e-16 8.4894e-19 0 0 0 1.70304e-19 -0.95086 -0.309621 0 0 0 -1.11022e-16
 1.0001 4 -0.38907 -0.255439 1.89135 2.23384 -1.85329 0.814286 1.0001 5 -0.603532 -0.444135 2.23672 2.58118 -0.162712 0.33531 9.18113e-15 3.23663e-17 0 0 0 -4.20129e-17 -0.95086 -0.309621 0 0 0 -2.63678e-15
 1.0001 4 -0.38907 -0.255439 1.89135 2.23384 -1.85329 0.814286 1.0001 5 -0.603532 -0.444135 2.23672 2.58118 -0.162712 0.33531 9.18113e-15 3.23663e-17 0 0 0 -4.20129e-17 -0.95086 -0.309621 0 0 0 -2.63678e-15
 1.00015 4 -0.38907 -0.255439 1.89135 2.23384 -1.85329 0.814286 1.00015 5 -0.603532 -0.444135 2.23672 2.58118 -0.162712 0.33531 2.91988e-16 8.73077e-19 0 0 0 -2.29121e-19 -0.95086 -0.309621 0 0 0 4.21885e-15
 1.00015 4 -0.38907 -0.255439 1.89135 2.23384 -1.85329 0.814286 1.00015 5 -0.603532 -0.444135 2.23672 2.58118 -0.162712 0.33531 2.91988e-16 8.73077e-19 0 0 0 -2.29121e-19 -0.95086 -0.309621 0 0 0 4.21885e-15
 1.00074 4 -0.390911 -0.250307 1.89583 2.23506 -1.90834 0.836988 1.00074 5 -0.603532 -0.444135 2.23672 2.58118 -0.162712 0.33531 -1.42284e-20 -3.98133e-20 0 0 0 6.04743e-21 3.79656e-17 2.36775e-19 0 0 0 -2.14051e-19
 1.00074 4 -0.390911 -0.250307 1.89583 2.23506 -1.90834 0.836988 1.00074 5 -0.603532 -0.444135 2.23672 2.58118 -0.162712 0.33531 -1.42284e-20 -3.98133e-20 0 0 0 6.04743e-21 3.79656e-17 2.36775e-19 0 0 0 -2.14051e-19
 1.00021 4 -0.385442 -0.237181 1.85858 2.20044 -1.85538 0.875661 1.00021 5 -0.603532 -0.444135 2.23672 2.58118 -0.162712 0.33531 -6.91765e-23 -7.71732e-22 0 0 0 5.57246e-22 8.73146e-17 -1.91169e-19 0 0 0 -4.95878e-17
 1.00021 4 -0.385442 -0.237181 1.85858 2.20044 -1.85538 0.875661 1.00021 5 -0.603532 -0.444135 2.23672 2.58118 -0.162712 0.33531 -6.91765e-23 -7.71732e-22 0 0 0 5.57246e-22 8.73146e-17 -1.91169e-19 0 0 0 -4.95878e-17
 1.00004 4 -0.395932 -0.232038 1.89812 2.30068 -1.91255 0.71895 1.00004 5 -0.603532 -0.444135 2.23672 2.58118 -0.162712 0.33531 5.11169e-22 6.73329e-22 0 0 0 3.27426e-22 3.46008e-17 -1.55933e-19 0 0 0 1.23175e-19
 1.00004 4 -0.395932 -0.232038 1.89812 2.30068 -1.91255 0.71895 1.00004 5 -0.603532 -0.444135 2.23672 2.58118 -0.162712 0.33531 5.11169e-22 6.73329e-22 0 0 0 3.27426e-22 3.46008e-17 -1.55933e-19 0 0 0 1.23175e-19
 1.00012 4 -0.383088 -0.199977 1.81578 2.31977 -1.91693 0.825276 1.00012 5 -0.603532 -0.444135 2.23672 2.58118 -0.162712 0.33531 -3.85138e-13 -6.66148e-13 0 0 0 5.6636e-13 0.950859 0.309609 0 0 0 1.12894e-10
 1.00012 4 -0.383088 -0.199977 1.81578 2.31977 -1.91693 0.825276 1.00012 5 -0.603532 -0.444135 2.23672 2.58118 -0.162712 0.33531 -3.85138e-13 -6.66148e-13 0 0 0 5.6636e-13 0.950859 0.309609 0 0 0 1.12894e-10
 1.00032 4 -0.380577 -0.174657 1.77795 2.33192 -1.90039 0.845541 1.00032 5 -0.603532 -0.444135 2.23672 2.58118 -0.162712 0.33531 -4.6432e-15 -8.84603e-18 0 0 0 1.77424e-14 0.950859 0.309625 0 0 0 1.44329e-15
 1.00032 4 -0.380577 -0.174657 1.77795 2.33192 -1.90039 0.845541 1.00032 5 -0.603532 -0.444135 2.23672 2.58118 -0.162712 0.33531 -4.6432e-15 -8.84603e-18 0 0 0 1.77424e-14 0.950859 0.309625 0 0 0 1.44329e-15
 1.00005 4 -0.380577 -0.174657 1.77795 2.33192 -1.90039 0.845541 1.00005 5 -0.603532 -0.444135 2.23672 2.58118 -0.162712 0.33531 -2.53263e-16 3.43258e-19 0 0 0 -1.84794e-19 0.950859 0.309625 0 0 0 -2.77556e-17
 1.00005 4 -0.380577 -0.174657 1.77795 2.33192 -1.90039 0.845541 1.00005 5 -0.603532 -0.444135 2.23672 2.58118 -0.162712 0.33531 -2.53263e-16 3.43258e-19 0 0 0 -1.84794e-19 0.950859 0.309625 0 0 0 -2.77556e-17
 1.00015 4 -0.380577 -0.174657 1.77795 2.33192 -1.90039 0.845541 1.00015 5 -0.603532 -0.444135 2.23672 2.58118 -0.162712 0.33531 -2.5317e-16 7.31411e-19 0 0 0 -4.04658e-19 0.950859 0.309625 0 0 0 -8.32667e-17
 1.00015 4 -0.380577 -0.174657 1.77795 2.33192 -1.90039 0.845541 1.00015 5 -0.603532 -0.444135 2.23672 2.58118 -0.162712 0.33531 -2.5317e-16 7.31411e-19 0 0 0 -4.04658e-19 0.950859 0.309625 0 0 0 -8.32667e-17
 1.00009 4 -0.380577 -0.174657 1.77795 2.33192 -1.90039 0.845541 1.00009 5 -0.603532 -0.444135 2.23672 2.58118 -0.162712 0.33531 -2.49444e-16 -4.85054e-18 0 0 0 -2.01876e-17 0.950859 0.309625 0 0 0 -4.44089e-16
 1.00009 4 -0.380577 -0.174657 1.77795 2.33192 -1.90039 0.845541 1.00009 5 -0.603532 -0.444135 2.23672 2.58118 -0.162712 0.33531 -2.49444e-16 -4.85054e-18 0 0 0 -2.01876e-17 0.950859 0.309625 0 0 0 -4.44089e-16
 1.00009 4 -0.376117 -0.179373 1.76299 2.26186 -1.88748 0.860378 1.00009 5 -0.603532 -0.444135 2.23672 2.58118 -0.162712 0.33531 -1.82661e-17 -4.82408e-17 0 0 0 1.0312e-17 -3.10938e-15 -1.37512e-15 0 0 0 -8.43805e-17
 1.00009 4 -0.376117 -0.179373 1.76299 2.26186 -1.88748 0.860378 1.00009 5 -0.603532 -0.444135 2.23672 2.58118 -0.162712 0.33531 -1.82661e-17 -4.82408e-17 0 0 0 1.0312e-17 -3.10938e-15 -1.37512e-15 0 0 0 -8.43805e-17
 1.00009 4 -0.384745 -0.194864 1.81552 2.31898 -1.91613 0.830804 1.00009 5 -0.603532 -0.444135 2.23672 2.58118 -0.162712 0.33531 3.72363e-18 1.0042e-17 0 0 0 -1.09959e-18 -1.02112e-15 1.83597e-19 0 0 0 8.95101e-17
 1.00009 4 -0.384745 -0.194864 1.81552 2.31898 -1.91613 0.830804 1.00009 5 -0.603532 -0.444135 2.23672 2.58118 -0.162712 0.33531 3.72363e-18 1.0042e-17 0 0 0 -1.09959e-18 -1.02112e-15 1.83597e-19 0 0 0 8.95101e-17
 1.00008 4 -0.391465 -0.228553 1.87678 2.3239 -1.90664 0.820068 1.00008 5 -0.603532 -0.444135 2.23672 2.58118 -0.162712 0.33531 -4.24388e-13 -8.53824e-13 0 0 0 4.70045e-13 -0.95086 -0.309605 0 0 0 1.11795e-10
 1.00008 4 -0.391465 -0.228553 1.87678 2.3239 -1.90664 0.820068 1.00008 5 -0.603532 -0.444135 2.23672 2.58118 -0.162712 0.33531 -4.24388e-13 -8.53824e-13 0 0 0 4.70045e-13 -0.95086 -0.309605 0 0 0 1.11795e-10
 1.00006 4 -0.38907 -0.255439 1.89135 2.23384 -1.85329 0.814286 1.00006 5 -0.603532 -0.444135 2.23672 2.58118 -0.162712 0.33531 -6.96399e-17 6.87645e-17 0 0 0 -7.10712e-16 -0.95086 -0.309621 0 0 0 -3.95822e-13
 1.00006 4 -0.38907 -0.255439 1.89135 2.23384 -1.85329 0.814286 1.00006 5 -0.603532 -0.444135 2.23672 2.58118 -0.162712 0.33531 -6.96399e-17 6.87645e-17 0 0 0 -7.10712e-16 -0.95086 -0.309621 0 0 0 -3.95822e-13
 1.00012 4 -0.38907 -0.255439 1.89135 2.23384 -1.85329 0.814286 1.00012 5 -0.603532 -0.444135 2.23672 2.58118 -0.162712 0.33531 -4.5856e-15 -6.77719e-18 0 0 0 1.7742e-14 -0.95086 -0.309621 0 0 0 1.55431e-15
 1.00012 4 -0.38907 -0.255439 1.89135 2.23384 -1.85329 0.814286 1.00012 5 -0.603532 -0.444135 2.23672 2.58118 -0.162712 0.33531 -4.5856e-15 -6.77719e-18 0 0 0 1.7742e-14 -0.95086 -0.309621 0 0 0 1.55431e-15
 1.00005 4 -0.38907 -0.255439 1.89135 2.23384 -1.85329 0.814286 1.00005 5 -0.603532 -0.444135 2.23672 2.58118 -0.162712 0.33531 -1.82423e-16 8.88246e-17 0 0 0 -4.18811e-17 -0.95086 -0.309621 0 0 0 1.85962e-15
 1.00005 4 -0.38907 -0.255439 1.89135 2.23384 -1.85329 0.814286 1.00005 5 -0.603532 -0.444135 2.23672 2.58118 -0.162712 0.33531 -1.82423e-16 8.88246e-17 0 0 0 -4.18811e-17 -0.95086 -0.309621 0 0 0 1.85962e-15
 1.00017 4 -0.38907 -0.255439 1.89135 2.23384 -1.85329 0.814286 1.00017 5 -0.603532 -0.444135 2.23672 2.58118 -0.162712 0.33531 2.92024e-16 9.50687e-19 0 0 0 -4.33002e-19 -0.95086 -0.309621 0 0 0 -1.11022e-15
 1.00017 4 -0.38907 -0.255439 1.89135 2.23384 -1.85329 0.814286 1.00017 5 -0.603532 -0.444135 2.23672 2.58118 -0.162712 0.33531 2.92024e-16 9.50687e-19 0 0 0 -4.33002e-19 -0.95086 -0.309621 0 0 0 -1.11022e-15
 1.00004 4 -0.390947 -0.252101 1.89608 2.23542 -1.90877 0.835659 1.00004 5 -0.603532 -0.444135 2.23672 2.58118 -0.162712 0.33531 -9.38555e-17 -1.25703e-16 0 0 0 4.41898e-17 -1.92458e-14 2.72515e-15 0 0 0 4.8672e-14
 1.00004 4 -0.390947 -0.252101 1.89608 2.23542 -1.90877 0.835659 1.00004 5 -0.603532 -0.444135 2.23672 2.58118 -0.162712 0.33531 -9.38555e-17 -1.25703e-16 0 0 0 4.41898e-17 -1.92458e-14 2.72515e-15 0 0 0 4.8672e-14
 1.00061 4 -0.379236 -0.234479 1.83073 2.23245 -1.86603 0.809161 1.00061 5 -0.603532 -0.444135 2.23672 2.58118 -0.162712 0.33531 -8.76977e-20 -2.40362e-19 0 0 0 3.81721e-20 4.48094e-17 -1.28979e-19 0 0 0 -9.18763e-19
 1.00061 4 -0.379236 -0.234479 1.83073 2.23245 -1.86603 0.809161 1.00061 5 -0.603532 -0.444135 2.23672 2.58118 -0.162712 0.33531 -8.76977e-20 -2.40362e-19 0 0 0 3.81721e-20 4.48094e-17 -1.28979e-19 0 0 0 -9.18763e-19
 1.00006 4 -0.380925 -0.225914 1.83038 2.23098 -1.86458 0.816288 1.00006 5 -0.603532 -0.444135 2.23672 2.58118 -0.162712 0.33531 5.04899e-20 1.34564e-19 0 0 0 -3.20122e-20 3.93772e-17 -1.00997e-19 0 0 0 -3.46825e-19
 1.00006 4 -0.380925 -0.225914 1.83038 2.23098 -1.86458 0.816288 1.00006 5 -0.603532 -0.444135 2.23672 2.58118 -0.162712 0.33531 5.04899e-20 1.34564e-19 0 0 0 -3.20122e-20 3.93772e-17 -1.00997e-19 0 0 0 -3.46825e-19
 1.00008 4 -0.381374 -0.196964 1.80373 2.2981 -1.94255 0.919187 1.00008 5 -0.603532 -0.444135 2.23672 2.58118 -0.162712 0.33531 -3.81361e-13 -6.38633e-13 0 0 0 5.93126e-13 0.950859 0.309609 0 0 0 1.13029e-10
 1.00008 4 -0.381374 -0.196964 1.80373 2.2981 -1.94255 0.919187 1.00008 5 -0.603532 -0.444135 2.23672 2.58118 -0.162712 0.33531 -3.81361e-13 -6.38633e-13 0 0 0 5.93126e-13 0.950859 0.309609 0 0 0 1.13029e-10
 1.0002 4 -0.380577 -0.174657 1.77795 2.33192 -1.90039 0.845541 1.0002 5 -0.603532 -0.444135 2.23672 2.58118 -0.162712 0.33531 -2.52452e-16 1.19356e-17 0 0 0 -3.08857e-18 0.950859 0.309625 0 0 0 -2.35922e-15
 1.0002 4 -0.380577 -0.174657 1.77795 2.33192 -1.90039 0.845541 1.0002 5 -0.603532 -0.444135 2.23672 2.58118 -0.162712 0.33531 -2.52452e-16 1.19356e-17 0 0 0 -3.08857e-18 0.950859 0.309625 0 0 0 -2.35922e-15
 1.0001 4 -0.380577 -0.174657 1.77795 2.33192 -1.90039 0.845541 1.0001 5 -0.603532 -0.444135 2.23672 2.58118 -0.162712 0.33531 -2.54294e-16 -1.20072e-17 0 0 0 3.22737e-18 0.950859 0.309625 0 0 0 2.2482e-15
 1.0001 4 -0.380577 -0.174657 1.77795 2.33192 -1.90039 0.845541 1.0001 5 -0.603532 -0.444135 2.23672 2.58118 -0.162712 0.33531 -2.54294e-16 -1.20072e-17 0 0 0 3.22737e-18 0.950859 0.309625 0 0 0 2.2482e-15
 1.00012 4 -0.380577 -0.174657 1.77795 2.33192 -1.90039 0.845541 1.00012 5 -0.603532 -0.444135 2.23672 2.58118 -0.162712 0.33531 -4.15705e-15 -5.53698e-18 0 0 0 1.77394e-14 0.950859 0.309625 0 0 0 -2.52576e-15
 1.00012 4 -0.380577 -0.174657 1.77795 2.33192 -1.90039 0.845541 1.00012 5 -0.603532 -0.444135 2.23672 2.58118 -0.162712 0.33531 -4.15705e-15 -5.53698e-18 0 0 0 1.77394e-14 0.950859 0.309625 0 0 0 -2.52576e-15
 1.00005 4 -0.380577 -0.174657 1.77795 2.33192 -1.90039 0.845541 1.00005 5 -0.603532 -0.444135 2.23672 2.58118 -0.162712 0.33531 -2.54167e-16 -1.14725e-17 0 0 0 3.02466e-18 0.950859 0.309625 0 0 0 -2.27596e-15
 1.00005 4 -0.380577 -0.174657 1.77795 2.33192 -1.90039 0.845541 1.00005 5 -0.603532 -0.444135 2.23672 2.58118 -0.162712 0.33531 -2.54167e-16 -1.14725e-17 0 0 0 3.02466e-18 0.950859 0.309625 0 0 0 -2.27596e-15
 1.00015 4 -0.386424 -0.179627 1.80728 2.37838 -1.95851 0.81587 1.00015 5 -0.603532 -0.444135 2.23672 2.58118 -0.162712 0.33531 -7.71113e-15 -9.49604e-15 0 0 0 1.08864e-14 -3.74879e-12 -1.96302e-15 0 0 0 9.89536e-12
 1.00015 4 -0.386424 -0.179627 1.80728 2.37838 -1.95851 0.81587 1.00015 5 -0.603532 -0.444135 2.23672 2.58118 -0.162712 0.33531 -7.71113e-15 -9.49604e-15 0 0 0 1.08864e-14 -3.74879e-12 -1.96302e-15 0 0 0 9.89536e-12
 1.00005 4 -0.376576 -0.185973 1.77113 2.31536 -1.8773 0.890945 1.00005 5 -0.603532 -0.444135 2.23672 2.58118 -0.162712 0.33531 1.95965e-17 5.16942e-17 0 0 0 -1.18179e-17 -3.12048e-15 -1.37514e-15 0 0 0 -9.93605e-17
 1.00005 4 -0.376576 -0.185973 1.77113 2.31536 -1.8773 0.890945 1.00005 5 -0.603532 -0.444135 2.23672 2.58118 -0.162712 0.33531 1.95965e-17 5.16942e-17 0 0 0 -1.18179e-17 -3.12048e-15 -1.37514e-15 0 0 0 -9.93605e-17
 1.00008 4 -0.378249 -0.204429 1.79896 2.24915 -1.90366 0.843083 1.00008 5 -0.603532 -0.444135 2.23672 2.58118 -0.162712 0.33531 -4.22157e-13 -7.98552e-13 0 0 0 5.16586e-13 -0.95086 -0.309605 0 0 0 1.12206e-10
 1.00008 4 -0.378249 -0.204429 1.79896 2.24915 -1.90366 0.843083 1.00008 5 -0.603532 -0.444135 2.23672 2.58118 -0.162712 0.33531 -4.22157e-13 -7.98552e-13 0 0 0 5.16586e-13 -0.95086 -0.309605 0 0 0 1.12206e-10
 1.00013 4 -0.38907 -0.255439 1.89135 2.23384 -1.85329 0.814286 1.00013 5 -0.603532 -0.444135 2.23672 2.58118 -0.162712 0.33531 -1.28877e-14 -1.83782e-14 0 0 0 3.48475e-14 -0.95086 -0.309621 0 0 0 -1.44069e-11
 1.00013 4 -0.38907 -0.255439 1.89135 2.23384 -1.85329 0.814286 1.00013 5 -0.603532 -0.444135 2.23672 2.58118 -0.162712 0.33531 -1.28877e-14 -1.83782e-14 0 0 0 3.48475e-14 -0.95086 -0.309621 0 0 0 -1.44069e-11
 1.00012 4 -0.397206 -0.256415 1.92855 2.26763 -1.9042 0.781437 1.00012 5 -0.603532 -0.444135 2.23672 2.58118 -0.162712 0.33531 1.06473e-20 -1.61161e-20 0 0 0 2.99196e-19 5.07672e-17 -1.01778e-19 0 0 0 -3.57107e-17
 1.00012 4 -0.397206 -0.256415 1.92855 2.26763 -1.9042 0.781437 1.00012 5 -0.603532 -0.444135 2.23672 2.58118 -0.162712 0.33531 1.06473e-20 -1.61161e-20 0 0 0 2.99196e-19 5.07672e-17 -1.01778e-19 0 0 0 -3.57107e-17
 1.0001 4 -0.379236 -0.234479 1.83073 2.23245 -1.86603 0.809161 1.0001 5 -0.603532 -0.444135 2.23672 2.58118 -0.162712 0.33531 -2.69331e-21 -7.80536e-21 0 0 0 2.6128e-21 3.45636e-17 -1.00901e-19 0 0 0 1.63871e-19
 1.0001 4 -0.379236 -0.234479 1.83073 2.23245 -1.86603 0.809161 1.0001 5 -0.603532 -0.444135 2.23672 2.58118 -0.162712 0.33531 -2.69331e-21 -7.80536e-21 0 0 0 2.6128e-21 3.45636e-17 -1.00901e-19 0 0 0 1.63871e-19
 1.00003 4 -0.389208 -0.230106 1.86799 2.27479 -1.88042 0.691112 1.00003 5 -0.603532 -0.444135 2.23672 2.58118 -0.162712 0.33531 -1.39154e-19 -3.76815e-19 0 0 0 7.27744e-20 3.92398e-17 6.78609e-20 0 0 0 -3.52051e-19
 1.00003 4 -0.389208 -0.230106 1.86799 2.27479 -1.88042 0.691112 1.00003 5 -0.603532 -0.444135 2.23672 2.58118 -0.162712 0.33531 -1.39154e-19 -3.76815e-19 0 0 0 7.27744e-20 3.92398e-17 6.78609e-20 0 0 0 -3.52051e-19
 1.00009 4 -0.395345 -0.224045 1.88677 2.3456 -1.9335 0.754479 1.00009 5 -0.603532 -0.444135 2.23672 2.58118 -0.162712 0.33531 -1.40852e-19 -3.76214e-19 0 0 0 9.13526e-20 2.1378e-17 -2.38242e-19 0 0 0 1.48417e-18
 1.00009 4 -0.395345 -0.224045 1.88677 2.3456 -1.9335 0.754479 1.00009 5 -0.603532 -0.444135 2.23672 2.58118 -0.162712 0.33531 -1.40852e-19 -3.76214e-19 0 0 0 9.13526e-20 2.1378e-17 -2.38242e-19 0 0 0 1.48417e-18
 1.00015 4 -0.383216 -0.206026 1.82058 2.26698 -1.93146 0.880033 1.00015 5 -0.603532 -0.444135 2.23672 2.58118 -0.162712 0.33531 9.4596e-23 -6.91742e-22 0 0 0 4.22724e-22 3.46348e-17 -1.55968e-19 0 0 0 9.02636e-20
 1.00015 4 -0.383216 -0.206026 1.82058 2.26698 -1.93146 0.880033 1.00015 5 -0.603532 -0.444135 2.23672 2.58118 -0.162712 0.33531 9.4596e-23 -6.91742e-22 0 0 0 4.22724e-22 3.46348e-17 -1.55968e-19 0 0 0 9.02636e-20
 1.00008 4 -0.374929 -0.193235 1.77312 2.2274 -1.8743 0.824435 1.00008 5 -0.603532 -0.444135 2.23672 2.58118 -0.162712 0.33531 6.42412e-21 1.61303e-20 0 0 0 -3.65172e-22 1.2937e-17 4.15885e-20 0 0 0 1.99116e-18
 1.00008 4 -0.374929 -0.193235 1.77312 2.2274 -1.8743 0.824435 1.00008 5 -0.603532 -0.444135 2.23672 2.58118 -0.162712 0.33531 6.42412e-21 1.61303e-20 0 0 0 -3.65172e-22 1.2937e-17 4.15885e-20 0 0 0 1.99116e-18
 1.00008 4 -0.376117 -0.179373 1.76299 2.26186 -1.88748 0.860378 1.00008 5 -0.603532 -0.444135 2.23672 2.58118 -0.162712 0.33531 -3.82136e-13 -6.69651e-13 0 0 0 5.55156e-13 0.950859 0.30961 0 0 0 1.12845e-10
 1.00008 4 -0.376117 -0.179373 1.76299 2.26186 -1.88748 0.860378 1.00008 5 -0.603532 -0.444135 2.23672 2.58118 -0.162712 0.33531 -3.82136e-13 -6.69651e-13 0 0 0 5.55156e-13 0.950859 0.30961 0 0 0 1.12845e-10
 1.00032 4 -0.380577 -0.174657 1.77795 2.33192 -1.90039 0.845541 1.00032 5 -0.603532 -0.444135 2.23672 2.58118 -0.162712 0.33531 -2.53371e-16 -8.73611e-19 0 0 0 -3.57182e-19 0.950859 0.309625 0 0 0 -1.38778e-16
 1.00032 4 -0.380577 -0.174657 1.77795 2.33192 -1.90039 0.845541 1.00032 5 -0.603532 -0.444135 2.23672 2.58118 -0.162712 0.33531 -2.53371e-16 -8.73611e-19 0 0 0 -3.57182e-19 0.950859 0.309625 0 0 0 -1.38778e-16
 1.00003 4 -0.369843 -0.173136 1.7336 2.32772 -1.91298 0.92507 1.00003 5 -0.603532 -0.444135 2.23672 2.58118 -0.162712 0.33531 1.24246e-17 -2.6712e-17 0 0 0 -5.68727e-16 1.27767e-13 -5.99317e-15 0 0 0 -2.79726e-13
 1.00003 4 -0.369843 -0.173136 1.7336 2.32772 -1.91298 0.92507 1.00003 5 -0.603532 -0.444135 2.23672 2.58118 -0.162712 0.33531 1.24246e-17 -2.6712e-17 0 0 0 -5.68727e-16 1.27767e-13 -5.99317e-15 0 0 0 -2.79726e-13
 1.00015 4 -0.379234 -0.186451 1.78357 2.27946 -1.91392 0.890284 1.00015 5 -0.603532 -0.444135 2.23672 2.58118 -0.162712 0.33531 3.53854e-18 9.50953e-18 0 0 0 -1.05748e-18 -9.94725e-16 5.48044e-23 0 0 0 7.66805e-17
 1.00015 4 -0.379234 -0.186451 1.78357 2.27946 -1.91392 0.890284 1.00015 5 -0.603532 -0.444135 2.23672 2.58118 -0.162712 0.33531 3.53854e-18 9.50953e-18 0 0 0 -1.05748e-18 -9.94725e-16 5.48044e-23 0 0 0 7.66805e-17
 1.00008 4 -0.383216 -0.206026 1.82058 2.26698 -1.93146 0.880033 1.00008 5 -0.603532 -0.444135 2.23672 2.58118 -0.162712 0.33531 -4.15578e-13 -8.10513e-13 0 0 0 5.25935e-13 -0.95086 -0.309605 0 0 0 1.12155e-10
 1.00008 4 -0.383216 -0.206026 1.82058 2.26698 -1.93146 0.880033 1.00008 5 -0.603532 -0.444135 2.23672 2.58118 -0.162712 0.33531 -4.15578e-13 -8.10513e-13 0 0 0 5.25935e-13 -0.95086 -0.309605 0 0 0 1.12155e-10
 1.00012 4 -0.38907 -0.255439 1.89135 2.23384 -1.85329 0.814286 1.00012 5 -0.603532 -0.444135 2.23672 2.58118 -0.162712 0.33531 -6.65439e-15 -1.9811e-15 0 0 0 2.04422e-14 -0.95086 -0.309621 0 0 0 2.12175e-12
 1.00012 4 -0.38907 -0.255439 1.89135 2.23384 -1.85329 0.814286 1.00012 5 -0.603532 -0.444135 2.23672 2.58118 -0.162712 0.33531 -6.65439e-15 -1.9811e-15 0 0 0 2.04422e-14 -0.95086 -0.309621 0 0 0 2.12175e-12
 1.00006 4 -0.38907 -0.255439 1.89135 2.23384 -1.85329 0.814286 1.00006 5 -0.603532 -0.444135 2.23672 2.58118 -0.162712 0.33531 -4.10658e-15 -8.10064e-17 0 0 0 1.77522e-14 -0.95086 -0.309621 0 0 0 -6.66134e-16
 1.00006 4 -0.38907 -0.255439 1.89135 2.23384 -1.85329 0.814286 1.00006 5 -0.603532 -0.444135 2.23672 2.58118 -0.162712 0.33531 -4.10658e-15 -8.10064e-17 0 0 0 1.77522e-14 -0.95086 -0.309621 0 0 0 -6.66134e-16
 1.00006 4 -0.38907 -0.255439 1.89135 2.23384 -1.85329 0.814286 1.00006 5 -0.603532 -0.444135 2.23672 2.58118 -0.162712 0.33531 -1.90994e-16 -1.63486e-17 0 0 0 -2.28333e-17 -0.95086 -0.309621 0 0 0 1.38778e-15
 1.00006 4 -0.38907 -0.255439 1.89135 2.23384 -1.85329 0.814286 1.00006 5 -0.603532 -0.444135 2.23672 2.58118 -0.162712 0.33531 -1.90994e-16 -1.63486e-17 0 0 0 -2.28333e-17 -0.95086 -0.309621 0 0 0 1.38778e-15
 1.00007 4 -0.38907 -0.255439 1.89135 2.23384 -1.85329 0.814286 1.00007 5 -0.603532 -0.444135 2.23672 2.58118 -0.162712 0.33531 -1.97824e-16 -8.80734e-18 0 0 0 -1.64967e-18 -0.95086 -0.309621 0 0 0 -2.7478e-15
 1.00007 4 -0.38907 -0.255439 1.89135 2.23384 -1.85329 0.814286 1.00007 5 -0.603532 -0.444135 2.23672 2.58118 -0.162712 0.33531 -1.97824e-16 -8.80734e-18 0 0 0 -1.64967e-18 -0.95086 -0.309621 0 0 0 -2.7478e-15
 1.00013 4 -0.38907 -0.255439 1.89135 2.23384 -1.85329 0.814286 1.00013 5 -0.603532 -0.444135 2.23672 2.58118 -0.162712 0.33531 -1.97517e-16 -2.82062e-18 0 0 0 -7.68124e-19 -0.95086 -0.309621 0 0 0 5.55112e-16
 1.00013 4 -0.38907 -0.255439 1.89135 2.23384 -1.85329 0.814286 1.00013 5 -0.603532 -0.444135 2.23672 2.58118 -0.162712 0.33531 -1.97517e-16 -2.82062e-18 0 0 0 -7.68124e-19 -0.95086 -0.309621 0 0 0 5.55112e-16
 1.00005 4 -0.38907 -0.255439 1.89135 2.23384 -1.85329 0.814286 1.00005 5 -0.603532 -0.444135 2.23672 2.58118 -0.162712 0.33531 -1.97985e-16 -1.24893e-17 0 0 0 3.60232e-18 -0.95086 -0.309621 0 0 0 3.85803e-15
 1.00005 4 -0.38907 -0.255439 1.89135 2.23384 -1.85329 0.814286 1.00005 5 -0.603532 -0.444135 2.23672 2.58118 -0.162712 0.33531 -1.97985e-16 -1.24893e-17 0 0 0 3.60232e-18 -0.95086 -0.309621 0 0 0 3.85803e-15
 1.00007 4 -0.38907 -0.255439 1.89135 2.23384 -1.85329 0.814286 1.00007 5 -0.603532 -0.444135 2.23672 2.58118 -0.162712 0.33531 -1.9456e-16 1.99279e-17 0 0 0 2.76458e-18 -0.95086 -0.309621 0 0 0 -6.66134e-16
 1.00007 4 -0.38907 -0.255439 1.89135 2.23384 -1.85329 0.814286 1.00007 5 -0.603532 -0.444135 2.23672 2.58118 -0.162712 0.33531 -1.9456e-16 1.99279e-17 0 0 0 2.76458e-18 -0.95086 -0.309621 0 0 0 -6.66134e-16
 1.00007 4 -0.38907 -0.255439 1.89135 2.23384 -1.85329 0.814286 1.00007 5 -0.603532 -0.444135 2.23672 2.58118 -0.162712 0.33531 1.69516e-17 4.62497e-17 0 0 0 -8.91146e-18 1.03886e-15 1.23309e-19 0 0 0 -1.09794e-16
 1.00007 4 -0.38907 -0.255439 1.89135 2.23384 -1.85329 0.814286 1.00007 5 -0.603532 -0.444135 2.23672 2.58118 -0.162712 0.33531 1.69516e-17 4.62497e-17 0 0 0 -8.91146e-18 1.03886e-15 1.23309e-19 0 0 0 -1.09794e-16
 1.00025 4 -0.38907 -0.255439 1.89135 2.23384 -1.85329 0.814286 1.00025 5 -0.603532 -0.444135 2.23672 2.58118 -0.162712 0.33531 -1.67382e-17 -4.6296e-17 0 0 0 6.48308e-18 -1.68118e-15 -1.37506e-15 0 0 0 -2.97585e-16
 1.00025 4 -0.38907 -0.255439 1.89135 2.23384 -1.85329 0.814286 1.00025 5 -0.603532 -0.444135 2.23672 2.58118 -0.162712 0.33531 -1.67382e-17 -4.6296e-17 0 0 0 6.48308e-18 -1.68118e-15 -1.37506e-15 0 0 0 -2.97585e-16
 1.00008 4 -0.38907 -0.255439 1.89135 2.23384 -1.85329 0.814286 1.00008 5 -0.603532 -0.444135 2.23672 2.58118 -0.162712 0.33531 2.87033e-18 7.95804e-18 0 0 0 -6.07893e-19 -5.12848e-16 -8.24214e-21 0 0 0 7.65178e-17
 1.00008 4 -0.38907 -0.255439 1.89135 2.23384 -1.85329 0.814286 1.00008 5 -0.603532 -0.444135 2.23672 2.58118 -0.162712 0.33531 2.87033e-18 7.95804e-18 0 0 0 -6.07893e-19 -5.12848e-16 -8.24214e-21 0 0 0 7.65178e-17
 1.00009 4 -0.391787 -0.254091 1.89986 2.94186 -2.14935 -0.669734 1.00009 5 -0.603532 -0.444135 2.23672 2.58118 -0.162712 0.33531 -6.32368e-12 -6.77935e-12 0 0 0 1.47976e-11 0.950859 0.309609 0 0 0 9.51334e-09
 1.00009 4 -0.391787 -0.254091 1.89986 2.94186 -2.14935 -0.669734 1.00009 5 -0.603532 -0.444135 2.23672 2.58118 -0.162712 0.33531 -6.32368e-12 -6.77935e-12 0 0 0 1.47976e-11 0.950859 0.309609 0 0 0 9.51334e-09
 1.00006 4 -0.384694 -0.193141 1.81522 2.31854 -1.91563 0.832392 1.00006 5 -0.603532 -0.444135 2.23672 2.58118 -0.162712 0.33531 -3.41679e-13 -5.03613e-13 0 0 0 6.33702e-13 0.950859 0.30961 0 0 0 1.1362e-10
 1.00006 4 -0.384694 -0.193141 1.81522 2.31854 -1.91563 0.832392 1.00006 5 -0.603532 -0.444135 2.23672 2.58118 -0.162712 0.33531 -3.41679e-13 -5.03613e-13 0 0 0 6.33702e-13 0.950859 0.30961 0 0 0 1.1362e-10
 1.00006 4 -0.380577 -0.174657 1.77795 2.33192 -1.90039 0.845541 1.00006 5 -0.603532 -0.444135 2.23672 2.58118 -0.162712 0.33531 2.35556e-16 1.27256e-18 0 0 0 -7.10459e-19 0.950859 0.309625 0 0 0 -1.94289e-16
 1.00006 4 -0.380577 -0.174657 1.77795 2.33192 -1.90039 0.845541 1.00006 5 -0.603532 -0.444135 2.23672 2.58118 -0.162712 0.33531 2.35556e-16 1.27256e-18 0 0 0 -7.10459e-19 0.950859 0.309625 0 0 0 -1.94289e-16
 1.00043 4 -0.380577 -0.174657 1.77795 2.33192 -1.90039 0.845541 1.00043 5 -0.603532 -0.444135 2.23672 2.58118 -0.162712 0.33531 2.35419e-16 1.17134e-18 0 0 0 -4.45327e-19 0.950859 0.309625 0 0 0 -2.22045e-16
 1.00043 4 -0.380577 -0.174657 1.77795 2.33192 -1.90039 0.845541 1.00043 5 -0.603532 -0.444135 2.23672 2.58118 -0.162712 0.33531 2.35419e-16 1.17134e-18 0 0 0 -4.45327e-19 0.950859 0.309625 0 0 0 -2.22045e-16
 1.00011 4 -0.380577 -0.174657 1.77795 2.33192 -1.90039 0.845541 1.00011 5 -0.603532 -0.444135 2.23672 2.58118 -0.162712 0.33531 -4.64321e-15 -8.84582e-18 0 0 0 1.77425e-14 0.950859 0.309625 0 0 0 1.44329e-15
 1.00011 4 -0.380577 -0.174657 1.77795 2.33192 -1.90039 0.845541 1.00011 5 -0.603532 -0.444135 2.23672 2.58118 -0.162712 0.33531 -4.64321e-15 -8.84582e-18 0 0 0 1.77425e-14 0.950859 0.309625 0 0 0 1.44329e-15
 1.00005 4 -0.380577 -0.174657 1.77795 2.33192 -1.90039 0.845541 1.00005 5 -0.603532 -0.444135 2.23672 2.58118 -0.162712 0.33531 2.35556e-16 1.27256e-18 0 0 0 -7.15127e-19 0.950859 0.309625 0 0 0 -1.94289e-16
 1.00005 4 -0.380577 -0.174657 1.77795 2.33192 -1.90039 0.845541 1.00005 5 -0.603532 -0.444135 2.23672 2.58118 -0.162712 0.33531 2.35556e-16 1.27256e-18 0 0 0 -7.15127e-19 0.950859 0.309625 0 0 0 -1.94289e-16
 1.00011 4 -0.380577 -0.174657 1.77795 2.33192 -1.90039 0.845541 1.00011 5 -0.603532 -0.444135 2.23672 2.58118 -0.162712 0.33531 -2.53337e-16 9.35949e-20 0 0 0 2.86478e-20 0.950859 0.309625 0 0 0 -8.32667e-17
 1.00011 4 -0.380577 -0.174657 1.77795 2.33192 -1.90039 0.845541 1.00011 5 -0.603532 -0.444135 2.23672 2.58118 -0.162712 0.33531 -2.53337e-16 9.35949e-20 0 0 0 2.86478e-20 0.950859 0.309625 0 0 0 -8.32667e-17
 1.00006 4 -0.380577 -0.174657 1.77795 2.33192 -1.90039 0.845541 1.00006 5 -0.603532 -0.444135 2.23672 2.58118 -0.162712 0.33531 -2.53375e-16 -3.50482e-20 0 0 0 7.13069e-20 0.950859 0.309625 0 0 0 -8.32667e-17
 1.00006 4 -0.380577 -0.174657 1.77795 2.33192 -1.90039 0.845541 1.00006 5 -0.603532 -0.444135 2.23672 2.58118 -0.162712 0.33531 -2.53375e-16 -3.50482e-20 0 0 0 7.13069e-20 0.950859 0.309625 0 0 0 -8.32667e-17
 1.00007 4 -0.386359 -0.177908 1.80691 2.37788 -1.95796 0.817696 1.00007 5 -0.603532 -0.444135 2.23672 2.58118 -0.162712 0.33531 -5.06945e-10 -6.41639e-10 0 0 0 1.07041e-09 -3.20382e-07 5.31732e-12 0 0 0 6.61966e-07
 1.00007 4 -0.386359 -0.177908 1.80691 2.37788 -1.95796 0.817696 1.00007 5 -0.603532 -0.444135 2.23672 2.58118 -0.162712 0.33531 -5.06945e-10 -6.41639e-10 0 0 0 1.07041e-09 -3.20382e-07 5.31732e-12 0 0 0 6.61966e-07
 1.00204 4 -0.388419 -0.188599 1.82464 2.34101 -1.94291 0.768887 1.00204 5 -0.603532 -0.444135 2.23672 2.58118 -0.162712 0.33531 -1.8534e-18 -4.62346e-18 0 0 0 2.64391e-18 -9.83978e-16 4.20095e-19 0 0 0 7.87191e-17
 1.00204 4 -0.388419 -0.188599 1.82464 2.34101 -1.94291 0.768887 1.00204 5 -0.603532 -0.444135 2.23672 2.58118 -0.162712 0.33531 -1.8534e-18 -4.62346e-18 0 0 0 2.64391e-18 -9.83978e-16 4.20095e-19 0 0 0 7.87191e-17
 1.00008 4 -0.378445 -0.195667 1.79173 2.29628 -1.88687 0.794465 1.00008 5 -0.603532 -0.444135 2.23672 2.58118 -0.162712 0.33531 -3.36045e-13 -6.71253e-13 0 0 0 3.94774e-13 -0.95086 -0.309605 0 0 0 2.0901e-11
 1.00008 4 -0.378445 -0.195667 1.79173 2.29628 -1.88687 0.794465 1.00008 5 -0.603532 -0.444135 2.23672 2.58118 -0.162712 0.33531 -3.36045e-13 -6.71253e-13 0 0 0 3.94774e-13 -0.95086 -0.309605 0 0 0 2.0901e-11
 1.00011 4 -0.38907 -0.255439 1.89135 2.23384 -1.85329 0.814286 1.00011 5 -0.603532 -0.444135 2.23672 2.58118 -0.162712 0.33531 -3.49804e-10 -1.30259e-10 0 0 0 2.81794e-10 -0.95086 -0.309606 0 0 0 2.03395e-07
 1.00011 4 -0.38907 -0.255439 1.89135 2.23384 -1.85329 0.814286 1.00011 5 -0.603532 -0.444135 2.23672 2.58118 -0.162712 0.33531 -3.49804e-10 -1.30259e-10 0 0 0 2.81794e-10 -0.95086 -0.309606 0 0 0 2.03395e-07
 1.00021 4 -0.38907 -0.255439 1.89135 2.23384 -1.85329 0.814286 1.00021 5 -0.603532 -0.444135 2.23672 2.58118 -0.162712 0.33531 -1.97981e-16 -8.82809e-18 0 0 0 -1.46125e-18 -0.95086 -0.309621 0 0 0 -1.38778e-16
 1.00021 4 -0.38907 -0.255439 1.89135 2.23384 -1.85329 0.814286 1.00021 5 -0.603532 -0.444135 2.23672 2.58118 -0.162712 0.33531 -1.97981e-16 -8.82809e-18 0 0 0 -1.46125e-18 -0.95086 -0.309621 0 0 0 -1.38778e-16
 1.00011 4 -0.38907 -0.255439 1.89135 2.23384 -1.85329 0.814286 1.00011 5 -0.603532 -0.444135 2.23672 2.58118 -0.162712 0.33531 2.92095e-16 1.07637e-18 0 0 0 -6.90813e-19 -0.95086 -0.309621 0 0 0 4.05231e-15
 1.00011 4 -0.38907 -0.255439 1.89135 2.23384 -1.85329 0.814286 1.00011 5 -0.603532 -0.444135 2.23672 2.58118 -0.162712 0.33531 2.92095e-16 1.07637e-18 0 0 0 -6.90813e-19 -0.95086 -0.309621 0 0 0 4.05231e-15
 1.0001 4 -0.38907 -0.255439 1.89135 2.23384 -1.85329 0.814286 1.0001 5 -0.603532 -0.444135 2.23672 2.58118 -0.162712 0.33531 -1.92314e-16 9.47077e-17 0 0 0 -1.95188e-17 -0.95086 -0.309621 0 0 0 6.66134e-16
 1.0001 4 -0.38907 -0.255439 1.89135 2.23384 -1.85329 0.814286 1.0001 5 -0.603532 -0.444135 2.23672 2.58118 -0.162712 0.33531 -1.92314e-16 9.47077e-17 0 0 0 -1.95188e-17 -0.95086 -0.309621 0 0 0 6.66134e-16
 1.00005 4 -0.38907 -0.255439 1.89135 2.23384 -1.85329 0.814286 1.00005 5 -0.603532 -0.444135 2.23672 2.58118 -0.162712 0.33531 -1.89022e-16 2.071e-18 0 0 0 -1.96402e-17 -0.95086 -0.309621 0 0 0 1.33227e-15
 1.00005 4 -0.38907 -0.255439 1.89135 2.23384 -1.85329 0.814286 1.00005 5 -0.603532 -0.444135 2.23672 2.58118 -0.162712 0.33531 -1.89022e-16 2.071e-18 0 0 0 -1.96402e-17 -0.95086 -0.309621 0 0 0 1.33227e-15
 1.00018 4 -0.38907 -0.255439 1.89135 2.23384 -1.85329 0.814286 1.00018 5 -0.603532 -0.444135 2.23672 2.58118 -0.162712 0.33531 -1.94971e-16 1.78828e-17 0 0 0 3.7689e-18 -0.95086 -0.309621 0 0 0 -4.44089e-16
 1.00018 4 -0.38907 -0.255439 1.89135 2.23384 -1.85329 0.814286 1.00018 5 -0.603532 -0.444135 2.23672 2.58118 -0.162712 0.33531 -1.94971e-16 1.78828e-17 0 0 0 3.7689e-18 -0.95086 -0.309621 0 0 0 -4.44089e-16
 1.00152 4 -0.38907 -0.255439 1.89135 2.23384 -1.85329 0.814286 1.00152 5 -0.603532 -0.444135 2.23672 2.58118 -0.162712 0.33531 -1.9881e-16 -6.94938e-17 0 0 0 -6.89908e-18 -0.95086 -0.309621 0 0 0 -6.38378e-16
 1.00152 4 -0.38907 -0.255439 1.89135 2.23384 -1.85329 0.814286 1.00152 5 -0.603532 -0.444135 2.23672 2.58118 -0.162712 0.33531 -1.9881e-16 -6.94938e-17 0 0 0 -6.89908e-18 -0.95086 -0.309621 0 0 0 -6.38378e-16
 1.00005 4 -0.38907 -0.255439 1.89135 2.23384 -1.85329 0.814286 1.00005 5 -0.603532 -0.444135 2.23672 2.58118 -0.162712 0.33531 2.7965e-13 2.89427e-13 0 0 0 -6.97254e-13 1.62077e-10 -1.73228e-15 0 0 0 -4.6011e-10
 1.00005 4 -0.38907 -0.255439 1.89135 2.23384 -1.85329 0.814286 1.00005 5 -0.603532 -0.444135 2.23672 2.58118 -0.162712 0.33531 2.7965e-13 2.89427e-13 0 0 0 -6.97254e-13 1.62077e-10 -1.73228e-15 0 0 0 -4.6011e-10
