 1.00008 4 -0.947031 -0.371264 3.76552 2.49377 -1.79671 -0.071475 1.00008 5 -1.08393 -0.544643 3.8468 3.10207 3.85751e-06 -0.115474 -1.31113e-22 -6.76436e-23 0 0 0 2.5059e-22 -1.27923e-15 1.34403e-15 0 0 0 8.45418e-18
 1.00008 4 -0.947031 -0.371264 3.76552 2.49377 -1.79671 -0.071475 1.00008 5 -1.08393 -0.544643 3.8468 3.10207 3.85751e-06 -0.115474 -1.31113e-22 -6.76436e-23 0 0 0 2.5059e-22 -1.27923e-15 1.34403e-15 0 0 0 8.45418e-18
 1.00012 4 -0.947031 -0.371264 3.76552 2.49377 -1.79671 -0.071475 1.00012 5 -1.08393 -0.544643 3.8468 3.10207 3.85751e-06 -0.115474 3.05626e-17 1.52872e-17 0 0 0 6.77075e-18 2.42585e-16 -1.98992e-16 0 0 0 1.52677e-16
 1.00012 4 -0.947031 -0.371264 3.76552 2.49377 -1.79671 -0.071475 1.00012 5 -1.08393 -0.544643 3.8468 3.10207 3.85751e-06 -0.115474 3.05626e-17 1.52872e-17 0 0 0 6.77075e-18 2.42585e-16 -1.98992e-16 0 0 0 1.52677e-16
 1.00013 4 -0.947031 -0.371264 3.76552 2.49377 -1.79671 -0.071475 1.00013 5 -1.08393 -0.544643 3.8468 3.10207 3.85751e-06 -0.115474 3.06517e-17 1.91875e-17 0 0 0 6.78859e-18 2.70844e-16 4.01974e-16 0 0 0 1.73242e-16
 1.00013 4 -0.947031 -0.371264 3.76552 2.49377 -1.79671 -0.071475 1.00013 5 -1.08393 -0.544643 3.8468 3.10207 3.85751e-06 -0.115474 3.06517e-17 1.91875e-17 0 0 0 6.78859e-18 2.70844e-16 4.01974e-16 0 0 0 1.73242e-16
 1.00002 4 -0.947031 -0.371264 3.76552 2.49377 -1.79671 -0.071475 1.00002 5 -1.08393 -0.544643 3.8468 3.10207 3.85751e-06 -0.115474 -3.28937e-19 -9.21362e-19 0 0 0 -6.53358e-20 -3.72411e-16 4.57074e-16 0 0 0 -2.0695e-17
 1.00002 4 -0.947031 -0.371264 3.76552 2.49377 -1.79671 -0.071475 1.00002 5 -1.08393 -0.544643 3.8468 3.10207 3.85751e-06 -0.115474 -3.28937e-19 -9.21362e-19 0 0 0 -6.53358e-20 -3.72411e-16 4.57074e-16 0 0 0 -2.0695e-17
 1.00006 4 -0.947031 -0.371264 3.76552 2.49377 -1.79671 -0.071475 1.00006 5 -1.08393 -0.544643 3.8468 3.10207 3.85751e-06 -0.115474 2.12406e-19 -5.41406e-19 0 0 0 4.14873e-20 -4.52804e-16 5.45869e-16 0 0 0 -4.68811e-17
 1.00006 4 -0.947031 -0.371264 3.76552 2.49377 -1.79671 -0.071475 1.00006 5 -1.08393 -0.544643 3.8468 3.10207 3.85751e-06 -0.115474 2.12406e-19 -5.41406e-19 0 0 0 4.14873e-20 -4.52804e-16 5.45869e-16 0 0 0 -4.68811e-17
 1.00007 4 -0.947031 -0.371264 3.76552 2.49377 -1.79671 -0.071475 1.00007 5 -1.08393 -0.544643 3.8468 3.10207 3.85751e-06 -0.115474 1.4508e-17 1.24831e-17 0 0 0 2.73518e-18 -4.87191e-16 -5.837e-17 0 0 0 -6.92941e-17
 1.00007 4 -0.947031 -0.371264 3.76552 2.49377 -1.79671 -0.071475 1.00007 5 -1.08393 -0.544643 3.8468 3.10207 3.85751e-06 -0.115474 1.4508e-17 1.24831e-17 0 0 0 2.73518e-18 -4.87191e-16 -5.837e-17 0 0 0 -6.92941e-17
 1.00007 4 -0.947031 -0.371264 3.76552 2.49377 -1.79671 -0.071475 1.00007 5 -1.08393 -0.544643 3.8468 3.10207 3.85751e-06 -0.115474 -7.36784e-18 5.609e-18 0 0 0 -1.76646e-18 -2.06913e-16 -7.41865e-17 0 0 0 -2.26139e-17
 1.00007 4 -0.947031 -0.371264 3.76552 2.49377 -1.79671 -0.071475 1.00007 5 -1.08393 -0.544643 3.8468 3.10207 3.85751e-06 -0.115474 -7.36784e-18 5.609e-18 0 0 0 -1.76646e-18 -2.06913e-16 -7.41865e-17 0 0 0 -2.26139e-17
 1.00007 4 -0.947031 -0.371264 3.76552 2.49377 -1.79671 -0.071475 1.00007 5 -1.08393 -0.544643 3.8468 3.10207 3.85751e-06 -0.115474 3.05894e-17 2.2478e-17 0 0 0 6.77831e-18 1.28883e-15 -3.83716e-15 0 0 0 1.03454e-16
 1.00007 4 -0.947031 -0.371264 3.76552 2.49377 -1.79671 -0.071475 1.00007 5 -1.08393 -0.544643 3.8468 3.10207 3.85751e-06 -0.115474 3.05894e-17 2.2478e-17 0 0 0 6.77831e-18 1.28883e-15 -3.83716e-15 0 0 0 1.03454e-16
 1.00016 4 -0.947031 -0.371264 3.76552 2.49377 -1.79671 -0.071475 1.00016 5 -1.08393 -0.544643 3.8468 3.10207 3.85751e-06 -0.115474 -3.62372e-20 3.18013e-18 0 0 0 -4.60317e-21 -3.58706e-16 -1.75411e-17 0 0 0 -7.03383e-17
 1.00016 4 -0.947031 -0.371264 3.76552 2.49377 -1.79671 -0.071475 1.00016 5 -1.08393 -0.544643 3.8468 3.10207 3.85751e-06 -0.115474 -3.62372e-20 3.18013e-18 0 0 0 -4.60317e-21 -3.58706e-16 -1.75411e-17 0 0 0 -7.03383e-17
 1.00014 4 -0.947031 -0.371264 3.76552 2.49377 -1.79671 -0.071475 1.00014 5 -1.08393 -0.544643 3.8468 3.10207 3.85751e-06 -0.115474 -5.89887e-18 4.63525e-17 0 0 0 -1.08837e-18 -1.4888e-16 4.27041e-16 0 0 0 4.86683e-17
 1.00014 4 -0.947031 -0.371264 3.76552 2.49377 -1.79671 -0.071475 1.00014 5 -1.08393 -0.544643 3.8468 3.10207 3.85751e-06 -0.115474 -5.89887e-18 4.63525e-17 0 0 0 -1.08837e-18 -1.4888e-16 4.27041e-16 0 0 0 4.86683e-17
 1.00003 4 -0.947031 -0.371264 3.76552 2.49377 -1.79671 -0.071475 1.00003 5 -1.08393 -0.544643 3.8468 3.10207 3.85751e-06 -0.115474 1.93142e-21 2.8322e-18 0 0 0 6.35522e-21 -3.64422e-16 -2.0585e-17 0 0 0 -7.20628e-17
 1.00003 4 -0.947031 -0.371264 3.76552 2.49377 -1.79671 -0.071475 1.00003 5 -1.08393 -0.544643 3.8468 3.10207 3.85751e-06 -0.115474 1.93142e-21 2.8322e-18 0 0 0 6.35522e-21 -3.64422e-16 -2.0585e-17 0 0 0 -7.20628e-17
 1.00006 4 -0.947031 -0.371264 3.76552 2.49377 -1.79671 -0.071475 1.00006 5 -1.08393 -0.544643 3.8468 3.10207 3.85751e-06 -0.115474 -3.80443e-17 -3.01995e-17 0 0 0 -7.78282e-18 3.31317e-17 -4.21324e-15 0 0 0 4.63018e-17
 1.00006 4 -0.947031 -0.371264 3.76552 2.49377 -1.79671 -0.071475 1.00006 5 -1.08393 -0.544643 3.8468 3.10207 3.85751e-06 -0.115474 -3.80443e-17 -3.01995e-17 0 0 0 -7.78282e-18 3.31317e-17 -4.21324e-15 0 0 0 4.63018e-17
 1.00008 4 -0.947031 -0.371264 3.76552 2.49377 -1.79671 -0.071475 1.00008 5 -1.08393 -0.544643 3.8468 3.10207 3.85751e-06 -0.115474 1.43286e-20 -9.22866e-20 0 0 0 1.81279e-21 -4.37271e-16 4.41056e-16 0 0 0 -4.58892e-19
 1.00008 4 -0.947031 -0.371264 3.76552 2.49377 -1.79671 -0.071475 1.00008 5 -1.08393 -0.544643 3.8468 3.10207 3.85751e-06 -0.115474 1.43286e-20 -9.22866e-20 0 0 0 1.81279e-21 -4.37271e-16 4.41056e-16 0 0 0 -4.58892e-19
 1.00013 4 -0.947031 -0.371264 3.76552 2.49377 -1.79671 -0.071475 1.00013 5 -1.08393 -0.544643 3.8468 3.10207 3.85751e-06 -0.115474 4.84109e-19 2.73299e-18 0 0 0 1.09585e-19 7.33602e-16 -9.31613e-16 0 0 0 -1.79616e-18
 1.00013 4 -0.947031 -0.371264 3.76552 2.49377 -1.79671 -0.071475 1.00013 5 -1.08393 -0.544643 3.8468 3.10207 3.85751e-06 -0.115474 4.84109e-19 2.73299e-18 0 0 0 1.09585e-19 7.33602e-16 -9.31613e-16 0 0 0 -1.79616e-18
 1.00009 4 -0.947031 -0.371264 3.76552 2.49377 -1.79671 -0.071475 1.00009 5 -1.08393 -0.544643 3.8468 3.10207 3.85751e-06 -0.115474 -5.36573e-17 -5.31e-17 0 0 0 -1.07608e-17 -3.01614e-16 4.85899e-16 0 0 0 6.60662e-19
 1.00009 4 -0.947031 -0.371264 3.76552 2.49377 -1.79671 -0.071475 1.00009 5 -1.08393 -0.544643 3.8468 3.10207 3.85751e-06 -0.115474 -5.36573e-17 -5.31e-17 0 0 0 -1.07608e-17 -3.01614e-16 4.85899e-16 0 0 0 6.60662e-19
 1.00012 4 -0.947031 -0.371264 3.76552 2.49377 -1.79671 -0.071475 1.00012 5 -1.08393 -0.544643 3.8468 3.10207 3.85751e-06 -0.115474 -4.86942e-20 3.98924e-19 0 0 0 -1.11809e-20 3.79336e-15 1.82042e-15 0 0 0 2.06542e-18
 1.00012 4 -0.947031 -0.371264 3.76552 2.49377 -1.79671 -0.071475 1.00012 5 -1.08393 -0.544643 3.8468 3.10207 3.85751e-06 -0.115474 -4.86942e-20 3.98924e-19 0 0 0 -1.11809e-20 3.79336e-15 1.82042e-15 0 0 0 2.06542e-18
 1.00036 4 -0.947031 -0.371264 3.76552 2.49377 -1.79671 -0.071475 1.00036 5 -1.08393 -0.544643 3.8468 3.10207 3.85751e-06 -0.115474 8.16429e-20 -3.26351e-18 0 0 0 8.4748e-21 9.37086e-17 -6.94031e-17 0 0 0 7.00046e-17
 1.00036 4 -0.947031 -0.371264 3.76552 2.49377 -1.79671 -0.071475 1.00036 5 -1.08393 -0.544643 3.8468 3.10207 3.85751e-06 -0.115474 8.16429e-20 -3.26351e-18 0 0 0 8.4748e-21 9.37086e-17 -6.94031e-17 0 0 0 7.00046e-17
 1.00012 4 -0.947031 -0.371264 3.76552 2.49377 -1.79671 -0.071475 1.00012 5 -1.08393 -0.544643 3.8468 3.10207 3.85751e-06 -0.115474 -3.7982e-17 -3.34898e-17 0 0 0 -7.7723e-18 2.5818e-16 -4.23974e-15 0 0 0 1.16124e-16
 1.00012 4 -0.947031 -0.371264 3.76552 2.49377 -1.79671 -0.071475 1.00012 5 -1.08393 -0.544643 3.8468 3.10207 3.85751e-06 -0.115474 -3.7982e-17 -3.34898e-17 0 0 0 -7.7723e-18 2.5818e-16 -4.23974e-15 0 0 0 1.16124e-16
 1.00012 4 -0.947031 -0.371264 3.76552 2.49377 -1.79671 -0.071475 1.00012 5 -1.08393 -0.544643 3.8468 3.10207 3.85751e-06 -0.115474 1.15474e-22 9.35013e-23 0 0 0 -9.30363e-22 -3.03828e-16 4.84865e-16 0 0 0 -7.2501e-21
 1.00012 4 -0.947031 -0.371264 3.76552 2.49377 -1.79671 -0.071475 1.00012 5 -1.08393 -0.544643 3.8468 3.10207 3.85751e-06 -0.115474 1.15474e-22 9.35013e-23 0 0 0 -9.30363e-22 -3.03828e-16 4.84865e-16 0 0 0 -7.2501e-21
 1.0001 4 -0.947031 -0.371264 3.76552 2.49377 -1.79671 -0.071475 1.0001 5 -1.08393 -0.544643 3.8468 3.10207 3.85751e-06 -0.115474 -6.54247e-22 2.80063e-21 0 0 0 2.48909e-21 -2.63871e-16 -8.59101e-17 0 0 0 6.09363e-21
 1.0001 4 -0.947031 -0.371264 3.76552 2.49377 -1.79671 -0.071475 1.0001 5 -1.08393 -0.544643 3.8468 3.10207 3.85751e-06 -0.115474 -6.54247e-22 2.80063e-21 0 0 0 2.48909e-21 -2.63871e-16 -8.59101e-17 0 0 0 6.09363e-21
 1.0001 4 -0.947031 -0.371264 3.76552 2.49377 -1.79671 -0.071475 1.0001 5 -1.08393 -0.544643 3.8468 3.10207 3.85751e-06 -0.115474 -6.06531e-18 3.39883e-17 0 0 0 -1.11863e-18 -3.38352e-15 -5.74906e-16 0 0 0 -9.21869e-16
 1.0001 4 -0.947031 -0.371264 3.76552 2.49377 -1.79671 -0.071475 1.0001 5 -1.08393 -0.544643 3.8468 3.10207 3.85751e-06 -0.115474 -6.06531e-18 3.39883e-17 0 0 0 -1.11863e-18 -3.38352e-15 -5.74906e-16 0 0 0 -9.21869e-16
 1.00009 4 -0.947031 -0.371264 3.76552 2.49377 -1.79671 -0.071475 1.00009 5 -1.08393 -0.544643 3.8468 3.10207 3.85751e-06 -0.115474 -2.65308e-20 1.07955e-19 0 0 0 -6.65559e-21 -2.44489e-15 -4.29055e-16 0 0 0 -6.9441e-16
 1.00009 4 -0.947031 -0.371264 3.76552 2.49377 -1.79671 -0.071475 1.00009 5 -1.08393 -0.544643 3.8468 3.10207 3.85751e-06 -0.115474 -2.65308e-20 1.07955e-19 0 0 0 -6.65559e-21 -2.44489e-15 -4.29055e-16 0 0 0 -6.9441e-16
 1.00009 4 -0.947031 -0.371264 3.76552 2.49377 -1.79671 -0.071475 1.00009 5 -1.08393 -0.544643 3.8468 3.10207 3.85751e-06 -0.115474 -5.81462e-18 4.57304e-17 0 0 0 -1.08162e-18 -3.03817e-16 4.84866e-16 0 0 0 -3.90569e-21
 1.00009 4 -0.947031 -0.371264 3.76552 2.49377 -1.79671 -0.071475 1.00009 5 -1.08393 -0.544643 3.8468 3.10207 3.85751e-06 -0.115474 -5.81462e-18 4.57304e-17 0 0 0 -1.08162e-18 -3.03817e-16 4.84866e-16 0 0 0 -3.90569e-21
 1.00006 4 -0.947031 -0.371264 3.76552 2.49377 -1.79671 -0.071475 1.00006 5 -1.08393 -0.544643 3.8468 3.10207 3.85751e-06 -0.115474 -1.61209e-20 8.45647e-20 0 0 0 -7.45066e-21 -3.02495e-16 4.85657e-16 0 0 0 3.94814e-19
 1.00006 4 -0.947031 -0.371264 3.76552 2.49377 -1.79671 -0.071475 1.00006 5 -1.08393 -0.544643 3.8468 3.10207 3.85751e-06 -0.115474 -1.61209e-20 8.45647e-20 0 0 0 -7.45066e-21 -3.02495e-16 4.85657e-16 0 0 0 3.94814e-19
 1.00028 4 -0.947031 -0.371264 3.76552 2.49377 -1.79671 -0.071475 1.00028 5 -1.08393 -0.544643 3.8468 3.10207 3.85751e-06 -0.115474 1.41102e-17 -1.16234e-16 0 0 0 2.95958e-18 6.37429e-15 1.67975e-15 0 0 0 6.85663e-16
 1.00028 4 -0.947031 -0.371264 3.76552 2.49377 -1.79671 -0.071475 1.00028 5 -1.08393 -0.544643 3.8468 3.10207 3.85751e-06 -0.115474 1.41102e-17 -1.16234e-16 0 0 0 2.95958e-18 6.37429e-15 1.67975e-15 0 0 0 6.85663e-16
 1.00011 4 -0.947031 -0.371264 3.76552 2.49377 -1.79671 -0.071475 1.00011 5 -1.08393 -0.544643 3.8468 3.10207 3.85751e-06 -0.115474 1.65697e-19 2.49638e-18 0 0 0 3.76723e-20 -3.68935e-16 -2.44946e-17 0 0 0 -7.34246e-17
 1.00011 4 -0.947031 -0.371264 3.76552 2.49377 -1.79671 -0.071475 1.00011 5 -1.08393 -0.544643 3.8468 3.10207 3.85751e-06 -0.115474 1.65697e-19 2.49638e-18 0 0 0 3.76723e-20 -3.68935e-16 -2.44946e-17 0 0 0 -7.34246e-17
 1.00017 4 -0.947031 -0.371264 3.76552 2.49377 -1.79671 -0.071475 1.00017 5 -1.08393 -0.544643 3.8468 3.10207 3.85751e-06 -0.115474 2.86608e-19 -6.58272e-19 0 0 0 7.43096e-20 -4.44905e-16 4.34496e-16 0 0 0 -2.76283e-18
 1.00017 4 -0.947031 -0.371264 3.76552 2.49377 -1.79671 -0.071475 1.00017 5 -1.08393 -0.544643 3.8468 3.10207 3.85751e-06 -0.115474 2.86608e-19 -6.58272e-19 0 0 0 7.43096e-20 -4.44905e-16 4.34496e-16 0 0 0 -2.76283e-18
 1.00012 4 -0.947031 -0.371264 3.76552 2.49377 -1.79671 -0.071475 1.00012 5 -1.08393 -0.544643 3.8468 3.10207 3.85751e-06 -0.115474 6.24257e-20 -3.29623e-18 0 0 0 7.83738e-21 -3.8967e-17 -1.12483e-16 0 0 0 6.97845e-17
 1.00012 4 -0.947031 -0.371264 3.76552 2.49377 -1.79671 -0.071475 1.00012 5 -1.08393 -0.544643 3.8468 3.10207 3.85751e-06 -0.115474 6.24257e-20 -3.29623e-18 0 0 0 7.83738e-21 -3.8967e-17 -1.12483e-16 0 0 0 6.97845e-17
 1.00007 4 -0.947031 -0.371264 3.76552 2.49377 -1.79671 -0.071475 1.00007 5 -1.08393 -0.544643 3.8468 3.10207 3.85751e-06 -0.115474 7.45339e-19 6.41751e-18 0 0 0 9.49504e-20 -4.68426e-15 4.97856e-15 0 0 0 -9.3222e-16
 1.00007 4 -0.947031 -0.371264 3.76552 2.49377 -1.79671 -0.071475 1.00007 5 -1.08393 -0.544643 3.8468 3.10207 3.85751e-06 -0.115474 7.45339e-19 6.41751e-18 0 0 0 9.49504e-20 -4.68426e-15 4.97856e-15 0 0 0 -9.3222e-16
 1.00007 4 -0.947031 -0.371264 3.76552 2.49377 -1.79671 -0.071475 1.00007 5 -1.08393 -0.544643 3.8468 3.10207 3.85751e-06 -0.115474 5.35805e-19 3.95779e-18 0 0 0 1.13516e-19 8.91728e-16 -4.19717e-15 0 0 0 -6.40988e-17
 1.00007 4 -0.947031 -0.371264 3.76552 2.49377 -1.79671 -0.071475 1.00007 5 -1.08393 -0.544643 3.8468 3.10207 3.85751e-06 -0.115474 5.35805e-19 3.95779e-18 0 0 0 1.13516e-19 8.91728e-16 -4.19717e-15 0 0 0 -6.40988e-17
 1.00007 4 -0.947031 -0.371264 3.76552 2.49377 -1.79671 -0.071475 1.00007 5 -1.08393 -0.544643 3.8468 3.10207 3.85751e-06 -0.115474 3.56158e-20 -3.18173e-18 0 0 0 2.45998e-21 9.66335e-16 -9.52196e-16 0 0 0 7.03445e-17
 1.00007 4 -0.947031 -0.371264 3.76552 2.49377 -1.79671 -0.071475 1.00007 5 -1.08393 -0.544643 3.8468 3.10207 3.85751e-06 -0.115474 3.56158e-20 -3.18173e-18 0 0 0 2.45998e-21 9.66335e-16 -9.52196e-16 0 0 0 7.03445e-17
 1.00008 4 -0.947031 -0.371264 3.76552 2.49377 -1.79671 -0.071475 1.00008 5 -1.08393 -0.544643 3.8468 3.10207 3.85751e-06 -0.115474 -5.86774e-18 5.98343e-17 0 0 0 -1.36162e-18 4.90738e-15 2.378e-15 0 0 0 2.9834e-16
 1.00008 4 -0.947031 -0.371264 3.76552 2.49377 -1.79671 -0.071475 1.00008 5 -1.08393 -0.544643 3.8468 3.10207 3.85751e-06 -0.115474 -5.86774e-18 5.98343e-17 0 0 0 -1.36162e-18 4.90738e-15 2.378e-15 0 0 0 2.9834e-16
 1.00011 4 -0.947031 -0.371264 3.76552 2.49377 -1.79671 -0.071475 1.00011 5 -1.08393 -0.544643 3.8468 3.10207 3.85751e-06 -0.115474 8.71832e-20 -3.40594e-18 0 0 0 2.13378e-20 -8.05845e-17 4.57261e-16 0 0 0 6.927e-17
 1.00011 4 -0.947031 -0.371264 3.76552 2.49377 -1.79671 -0.071475 1.00011 5 -1.08393 -0.544643 3.8468 3.10207 3.85751e-06 -0.115474 8.71832e-20 -3.40594e-18 0 0 0 2.13378e-20 -8.05845e-17 4.57261e-16 0 0 0 6.927e-17
 1.00004 4 -0.947031 -0.371264 3.76552 2.49377 -1.79671 -0.071475 1.00004 5 -1.08393 -0.544643 3.8468 3.10207 3.85751e-06 -0.115474 -3.79438e-17 -3.66861e-17 0 0 0 -7.76822e-18 -3.70108e-16 4.61133e-16 0 0 0 -1.99994e-17
 1.00004 4 -0.947031 -0.371264 3.76552 2.49377 -1.79671 -0.071475 1.00004 5 -1.08393 -0.544643 3.8468 3.10207 3.85751e-06 -0.115474 -3.79438e-17 -3.66861e-17 0 0 0 -7.76822e-18 -3.70108e-16 4.61133e-16 0 0 0 -1.99994e-17
 1.00007 4 -0.947031 -0.371264 3.76552 2.49377 -1.79671 -0.071475 1.00007 5 -1.08393 -0.544643 3.8468 3.10207 3.85751e-06 -0.115474 1.82414e-18 -2.53944e-18 0 0 0 3.59337e-19 -6.29139e-17 2.84843e-16 0 0 0 1.52166e-16
 1.00007 4 -0.947031 -0.371264 3.76552 2.49377 -1.79671 -0.071475 1.00007 5 -1.08393 -0.544643 3.8468 3.10207 3.85751e-06 -0.115474 1.82414e-18 -2.53944e-18 0 0 0 3.59337e-19 -6.29139e-17 2.84843e-16 0 0 0 1.52166e-16
 1.00012 4 -0.947031 -0.371264 3.76552 2.49377 -1.79671 -0.071475 1.00012 5 -1.08393 -0.544643 3.8468 3.10207 3.85751e-06 -0.115474 -1.65248e-19 2.34846e-17 0 0 0 -8.09912e-19 -1.16917e-15 4.89453e-15 0 0 0 -2.59351e-16
 1.00012 4 -0.947031 -0.371264 3.76552 2.49377 -1.79671 -0.071475 1.00012 5 -1.08393 -0.544643 3.8468 3.10207 3.85751e-06 -0.115474 -1.65248e-19 2.34846e-17 0 0 0 -8.09912e-19 -1.16917e-15 4.89453e-15 0 0 0 -2.59351e-16
 1.00009 4 -0.947031 -0.371264 3.76552 2.49377 -1.79671 -0.071475 1.00009 5 -1.08393 -0.544643 3.8468 3.10207 3.85751e-06 -0.115474 8.69366e-22 7.3187e-18 0 0 0 1.23401e-21 -4.58694e-16 5.42739e-16 0 0 0 -4.86579e-17
 1.00009 4 -0.947031 -0.371264 3.76552 2.49377 -1.79671 -0.071475 1.00009 5 -1.08393 -0.544643 3.8468 3.10207 3.85751e-06 -0.115474 8.69366e-22 7.3187e-18 0 0 0 1.23401e-21 -4.58694e-16 5.42739e-16 0 0 0 -4.86579e-17
 1.00007 4 -0.947031 -0.371264 3.76552 2.49377 -1.79671 -0.071475 1.00007 5 -1.08393 -0.544643 3.8468 3.10207 3.85751e-06 -0.115474 -5.60172e-18 5.95734e-17 0 0 0 -1.30822e-18 6.31988e-15 -2.41957e-15 0 0 0 2.97651e-16
 1.00007 4 -0.947031 -0.371264 3.76552 2.49377 -1.79671 -0.071475 1.00007 5 -1.08393 -0.544643 3.8468 3.10207 3.85751e-06 -0.115474 -5.60172e-18 5.95734e-17 0 0 0 -1.30822e-18 6.31988e-15 -2.41957e-15 0 0 0 2.97651e-16
 1.00007 4 -0.947031 -0.371264 3.76552 2.49377 -1.79671 -0.071475 1.00007 5 -1.08393 -0.544643 3.8468 3.10207 3.85751e-06 -0.115474 6.27758e-20 -1.06205e-17 0 0 0 8.76638e-21 1.15809e-16 -1.70412e-16 0 0 0 1.18408e-16
 1.00007 4 -0.947031 -0.371264 3.76552 2.49377 -1.79671 -0.071475 1.00007 5 -1.08393 -0.544643 3.8468 3.10207 3.85751e-06 -0.115474 6.27758e-20 -1.06205e-17 0 0 0 8.76638e-21 1.15809e-16 -1.70412e-16 0 0 0 1.18408e-16
 1.00006 4 -0.947031 -0.371264 3.76552 2.49377 -1.79671 -0.071475 1.00006 5 -1.08393 -0.544643 3.8468 3.10207 3.85751e-06 -0.115474 -7.32086e-18 1.25244e-17 0 0 0 -1.7589e-18 -3.86715e-16 6.91567e-17 0 0 0 -3.89588e-17
 1.00006 4 -0.947031 -0.371264 3.76552 2.49377 -1.79671 -0.071475 1.00006 5 -1.08393 -0.544643 3.8468 3.10207 3.85751e-06 -0.115474 -7.32086e-18 1.25244e-17 0 0 0 -1.7589e-18 -3.86715e-16 6.91567e-17 0 0 0 -3.89588e-17
 1.00006 4 -0.947031 -0.371264 3.76552 2.49377 -1.79671 -0.071475 1.00006 5 -1.08393 -0.544643 3.8468 3.10207 3.85751e-06 -0.115474 5.37676e-19 1.12754e-17 0 0 0 1.17672e-19 -5.17955e-16 5.26954e-16 0 0 0 -2.67336e-17
 1.00006 4 -0.947031 -0.371264 3.76552 2.49377 -1.79671 -0.071475 1.00006 5 -1.08393 -0.544643 3.8468 3.10207 3.85751e-06 -0.115474 5.37676e-19 1.12754e-17 0 0 0 1.17672e-19 -5.17955e-16 5.26954e-16 0 0 0 -2.67336e-17
 1.00007 4 -0.947031 -0.371264 3.76552 2.49377 -1.79671 -0.071475 1.00007 5 -1.08393 -0.544643 3.8468 3.10207 3.85751e-06 -0.115474 -6.40732e-20 -4.01355e-18 0 0 0 -1.48257e-20 -3.12525e-16 4.77366e-16 0 0 0 -2.63198e-18
 1.00007 4 -0.947031 -0.371264 3.76552 2.49377 -1.79671 -0.071475 1.00007 5 -1.08393 -0.544643 3.8468 3.10207 3.85751e-06 -0.115474 -6.40732e-20 -4.01355e-18 0 0 0 -1.48257e-20 -3.12525e-16 4.77366e-16 0 0 0 -2.63198e-18
 1.00003 4 -0.947031 -0.371264 3.76552 2.49377 -1.79671 -0.071475 1.00003 5 -1.08393 -0.544643 3.8468 3.10207 3.85751e-06 -0.115474 -5.74545e-19 1.46863e-18 0 0 0 -1.20218e-19 -1.30721e-16 3.26389e-16 0 0 0 9.58832e-17
 1.00003 4 -0.947031 -0.371264 3.76552 2.49377 -1.79671 -0.071475 1.00003 5 -1.08393 -0.544643 3.8468 3.10207 3.85751e-06 -0.115474 -5.74545e-19 1.46863e-18 0 0 0 -1.20218e-19 -1.30721e-16 3.26389e-16 0 0 0 9.58832e-17
 1.00006 4 -0.947031 -0.371264 3.76552 2.49377 -1.79671 -0.071475 1.00006 5 -1.08393 -0.544643 3.8468 3.10207 3.85751e-06 -0.115474 6.60771e-20 -4.83191e-19 0 0 0 1.7414e-20 9.31362e-16 -3.7851e-15 0 0 0 -2.33904e-18
 1.00006 4 -0.947031 -0.371264 3.76552 2.49377 -1.79671 -0.071475 1.00006 5 -1.08393 -0.544643 3.8468 3.10207 3.85751e-06 -0.115474 6.60771e-20 -4.83191e-19 0 0 0 1.7414e-20 9.31362e-16 -3.7851e-15 0 0 0 -2.33904e-18
 1.00012 4 -0.947031 -0.371264 3.76552 2.49377 -1.79671 -0.071475 1.00012 5 -1.08393 -0.544643 3.8468 3.10207 3.85751e-06 -0.115474 -3.9262e-17 -1.97105e-17 0 0 0 -8.01346e-18 -3.01162e-16 4.86353e-16 0 0 0 7.97016e-19
 1.00012 4 -0.947031 -0.371264 3.76552 2.49377 -1.79671 -0.071475 1.00012 5 -1.08393 -0.544643 3.8468 3.10207 3.85751e-06 -0.115474 -3.9262e-17 -1.97105e-17 0 0 0 -8.01346e-18 -3.01162e-16 4.86353e-16 0 0 0 7.97016e-19
 1.00005 4 -0.947031 -0.371264 3.76552 2.49377 -1.79671 -0.071475 1.00005 5 -1.08393 -0.544643 3.8468 3.10207 3.85751e-06 -0.115474 -3.17707e-17 -1.11727e-16 0 0 0 -6.40505e-18 -1.06837e-15 -4.42118e-15 0 0 0 -1.90489e-16
 1.00005 4 -0.947031 -0.371264 3.76552 2.49377 -1.79671 -0.071475 1.00005 5 -1.08393 -0.544643 3.8468 3.10207 3.85751e-06 -0.115474 -3.17707e-17 -1.11727e-16 0 0 0 -6.40505e-18 -1.06837e-15 -4.42118e-15 0 0 0 -1.90489e-16
 1.00007 4 -0.947031 -0.371264 3.76552 2.49377 -1.79671 -0.071475 1.00007 5 -1.08393 -0.544643 3.8468 3.10207 3.85751e-06 -0.115474 8.36363e-23 -2.7257e-21 0 0 0 -2.20319e-21 5.67699e-16 -3.9895e-16 0 0 0 9.49561e-22
 1.00007 4 -0.947031 -0.371264 3.76552 2.49377 -1.79671 -0.071475 1.00007 5 -1.08393 -0.544643 3.8468 3.10207 3.85751e-06 -0.115474 8.36363e-23 -2.7257e-21 0 0 0 -2.20319e-21 5.67699e-16 -3.9895e-16 0 0 0 9.49561e-22
 1.00007 4 -0.947031 -0.371264 3.76552 2.49377 -1.79671 -0.071475 1.00007 5 -1.08393 -0.544643 3.8468 3.10207 3.85751e-06 -0.115474 2.86874e-19 -5.34422e-19 0 0 0 6.29841e-20 -1.32991e-15 4.77798e-15 0 0 0 -3.09829e-16
 1.00007 4 -0.947031 -0.371264 3.76552 2.49377 -1.79671 -0.071475 1.00007 5 -1.08393 -0.544643 3.8468 3.10207 3.85751e-06 -0.115474 2.86874e-19 -5.34422e-19 0 0 0 6.29841e-20 -1.32991e-15 4.77798e-15 0 0 0 -3.09829e-16
 1.00012 4 -0.947031 -0.371264 3.76552 2.49377 -1.79671 -0.071475 1.00012 5 -1.08393 -0.544643 3.8468 3.10207 3.85751e-06 -0.115474 3.11922e-17 2.31268e-17 0 0 0 6.9047e-18 1.19271e-16 -2.27747e-16 0 0 0 1.95082e-16
 1.00012 4 -0.947031 -0.371264 3.76552 2.49377 -1.79671 -0.071475 1.00012 5 -1.08393 -0.544643 3.8468 3.10207 3.85751e-06 -0.115474 3.11922e-17 2.31268e-17 0 0 0 6.9047e-18 1.19271e-16 -2.27747e-16 0 0 0 1.95082e-16
 1.00004 4 -0.947031 -0.371264 3.76552 2.49377 -1.79671 -0.071475 1.00004 5 -1.08393 -0.544643 3.8468 3.10207 3.85751e-06 -0.115474 4.14607e-20 -3.2142e-18 0 0 0 3.09403e-21 9.42433e-17 -6.87056e-17 0 0 0 7.0166e-17
 1.00004 4 -0.947031 -0.371264 3.76552 2.49377 -1.79671 -0.071475 1.00004 5 -1.08393 -0.544643 3.8468 3.10207 3.85751e-06 -0.115474 4.14607e-20 -3.2142e-18 0 0 0 3.09403e-21 9.42433e-17 -6.87056e-17 0 0 0 7.0166e-17
 1.00007 4 -0.947031 -0.371264 3.76552 2.49377 -1.79671 -0.071475 1.00007 5 -1.08393 -0.544643 3.8468 3.10207 3.85751e-06 -0.115474 4.87049e-20 -3.04375e-18 0 0 0 1.63278e-21 9.72492e-17 -6.7413e-17 0 0 0 7.10727e-17
 1.00007 4 -0.947031 -0.371264 3.76552 2.49377 -1.79671 -0.071475 1.00007 5 -1.08393 -0.544643 3.8468 3.10207 3.85751e-06 -0.115474 4.87049e-20 -3.04375e-18 0 0 0 1.63278e-21 9.72492e-17 -6.7413e-17 0 0 0 7.10727e-17
 1.00006 4 -0.947031 -0.371264 3.76552 2.49377 -1.79671 -0.071475 1.00006 5 -1.08393 -0.544643 3.8468 3.10207 3.85751e-06 -0.115474 -5.35063e-18 5.93943e-17 0 0 0 -1.25003e-18 4.77191e-15 2.32759e-15 0 0 0 2.97274e-16
 1.00006 4 -0.947031 -0.371264 3.76552 2.49377 -1.79671 -0.071475 1.00006 5 -1.08393 -0.544643 3.8468 3.10207 3.85751e-06 -0.115474 -5.35063e-18 5.93943e-17 0 0 0 -1.25003e-18 4.77191e-15 2.32759e-15 0 0 0 2.97274e-16
 1.00007 4 -0.947031 -0.371264 3.76552 2.49377 -1.79671 -0.071475 1.00007 5 -1.08393 -0.544643 3.8468 3.10207 3.85751e-06 -0.115474 -9.30708e-19 -9.89145e-18 0 0 0 -2.32096e-19 -4.58767e-16 5.42694e-16 0 0 0 -4.868e-17
 1.00007 4 -0.947031 -0.371264 3.76552 2.49377 -1.79671 -0.071475 1.00007 5 -1.08393 -0.544643 3.8468 3.10207 3.85751e-06 -0.115474 -9.30708e-19 -9.89145e-18 0 0 0 -2.32096e-19 -4.58767e-16 5.42694e-16 0 0 0 -4.868e-17
 1.00019 4 -0.947031 -0.371264 3.76552 2.49377 -1.79671 -0.071475 1.00019 5 -1.08393 -0.544643 3.8468 3.10207 3.85751e-06 -0.115474 -5.41853e-19 -3.93269e-18 0 0 0 -1.17845e-19 -3.76152e-16 4.5791e-16 0 0 0 -2.18227e-17
 1.00019 4 -0.947031 -0.371264 3.76552 2.49377 -1.79671 -0.071475 1.00019 5 -1.08393 -0.544643 3.8468 3.10207 3.85751e-06 -0.115474 -5.41853e-19 -3.93269e-18 0 0 0 -1.17845e-19 -3.76152e-16 4.5791e-16 0 0 0 -2.18227e-17
 1.00006 4 -0.947031 -0.371264 3.76552 2.49377 -1.79671 -0.071475 1.00006 5 -1.08393 -0.544643 3.8468 3.10207 3.85751e-06 -0.115474 -2.0472e-19 -2.02439e-19 0 0 0 -4.29897e-20 -2.71447e-16 -9.00813e-17 0 0 0 -2.2795e-18
 1.00006 4 -0.947031 -0.371264 3.76552 2.49377 -1.79671 -0.071475 1.00006 5 -1.08393 -0.544643 3.8468 3.10207 3.85751e-06 -0.115474 -2.0472e-19 -2.02439e-19 0 0 0 -4.29897e-20 -2.71447e-16 -9.00813e-17 0 0 0 -2.2795e-18
 1.00007 4 -0.947031 -0.371264 3.76552 2.49377 -1.79671 -0.071475 1.00007 5 -1.08393 -0.544643 3.8468 3.10207 3.85751e-06 -0.115474 -5.77767e-19 -2.56502e-18 0 0 0 -1.29145e-19 -4.93537e-16 -5.91618e-17 0 0 0 -7.12077e-17
 1.00007 4 -0.947031 -0.371264 3.76552 2.49377 -1.79671 -0.071475 1.00007 5 -1.08393 -0.544643 3.8468 3.10207 3.85751e-06 -0.115474 -5.77767e-19 -2.56502e-18 0 0 0 -1.29145e-19 -4.93537e-16 -5.91618e-17 0 0 0 -7.12077e-17
 1.00011 4 -0.947031 -0.371264 3.76552 2.49377 -1.79671 -0.071475 1.00011 5 -1.08393 -0.544643 3.8468 3.10207 3.85751e-06 -0.115474 -1.72257e-20 8.38926e-20 0 0 0 -7.60265e-21 -3.02516e-16 4.8566e-16 0 0 0 3.88671e-19
 1.00011 4 -0.947031 -0.371264 3.76552 2.49377 -1.79671 -0.071475 1.00011 5 -1.08393 -0.544643 3.8468 3.10207 3.85751e-06 -0.115474 -1.72257e-20 8.38926e-20 0 0 0 -7.60265e-21 -3.02516e-16 4.8566e-16 0 0 0 3.88671e-19
 1.00008 4 -0.947031 -0.371264 3.76552 2.49377 -1.79671 -0.071475 1.00008 5 -1.08393 -0.544643 3.8468 3.10207 3.85751e-06 -0.115474 -1.53632e-17 8.28247e-18 0 0 0 -3.69774e-18 -7.9582e-16 1.28411e-15 0 0 0 1.18342e-16
 1.00008 4 -0.947031 -0.371264 3.76552 2.49377 -1.79671 -0.071475 1.00008 5 -1.08393 -0.544643 3.8468 3.10207 3.85751e-06 -0.115474 -1.53632e-17 8.28247e-18 0 0 0 -3.69774e-18 -7.9582e-16 1.28411e-15 0 0 0 1.18342e-16
 1.00007 4 -0.947031 -0.371264 3.76552 2.49377 -1.79671 -0.071475 1.00007 5 -1.08393 -0.544643 3.8468 3.10207 3.85751e-06 -0.115474 6.80144e-18 -1.08656e-17 0 0 0 1.63328e-18 -7.39616e-17 4.5824e-16 0 0 0 7.12672e-17
 1.00007 4 -0.947031 -0.371264 3.76552 2.49377 -1.79671 -0.071475 1.00007 5 -1.08393 -0.544643 3.8468 3.10207 3.85751e-06 -0.115474 6.80144e-18 -1.08656e-17 0 0 0 1.63328e-18 -7.39616e-17 4.5824e-16 0 0 0 7.12672e-17
 1.00003 4 -0.947031 -0.371264 3.76552 2.49377 -1.79671 -0.071475 1.00003 5 -1.08393 -0.544643 3.8468 3.10207 3.85751e-06 -0.115474 1.50056e-17 1.94414e-17 0 0 0 2.84595e-18 -1.22856e-15 4.21858e-15 0 0 0 -3.31097e-16
 1.00003 4 -0.947031 -0.371264 3.76552 2.49377 -1.79671 -0.071475 1.00003 5 -1.08393 -0.544643 3.8468 3.10207 3.85751e-06 -0.115474 1.50056e-17 1.94414e-17 0 0 0 2.84595e-18 -1.22856e-15 4.21858e-15 0 0 0 -3.31097e-16
 1.0001 4 -0.947031 -0.371264 3.76552 2.49377 -1.79671 -0.071475 1.0001 5 -1.08393 -0.544643 3.8468 3.10207 3.85751e-06 -0.115474 3.88368e-20 -3.19916e-18 0 0 0 4.97961e-21 -1.17297e-15 6.8632e-16 0 0 0 7.02048e-17
 1.0001 4 -0.947031 -0.371264 3.76552 2.49377 -1.79671 -0.071475 1.0001 5 -1.08393 -0.544643 3.8468 3.10207 3.85751e-06 -0.115474 3.88368e-20 -3.19916e-18 0 0 0 4.97961e-21 -1.17297e-15 6.8632e-16 0 0 0 7.02048e-17
 1.00008 4 -0.947031 -0.371264 3.76552 2.49377 -1.79671 -0.071475 1.00008 5 -1.08393 -0.544643 3.8468 3.10207 3.85751e-06 -0.115474 1.50501e-17 1.64151e-17 0 0 0 2.85051e-18 -1.17096e-15 4.72214e-15 0 0 0 -2.59944e-16
 1.00008 4 -0.947031 -0.371264 3.76552 2.49377 -1.79671 -0.071475 1.00008 5 -1.08393 -0.544643 3.8468 3.10207 3.85751e-06 -0.115474 1.50501e-17 1.64151e-17 0 0 0 2.85051e-18 -1.17096e-15 4.72214e-15 0 0 0 -2.59944e-16
 1.00009 4 -0.947031 -0.371264 3.76552 2.49377 -1.79671 -0.071475 1.00009 5 -1.08393 -0.544643 3.8468 3.10207 3.85751e-06 -0.115474 -5.94011e-20 1.0597e-17 0 0 0 -6.26198e-21 1.56263e-15 -4.53733e-15 0 0 0 -1.18479e-16
 1.00009 4 -0.947031 -0.371264 3.76552 2.49377 -1.79671 -0.071475 1.00009 5 -1.08393 -0.544643 3.8468 3.10207 3.85751e-06 -0.115474 -5.94011e-20 1.0597e-17 0 0 0 -6.26198e-21 1.56263e-15 -4.53733e-15 0 0 0 -1.18479e-16
 1.0001 4 -0.947031 -0.371264 3.76552 2.49377 -1.79671 -0.071475 1.0001 5 -1.08393 -0.544643 3.8468 3.10207 3.85751e-06 -0.115474 -3.05765e-19 1.13539e-17 0 0 0 -5.38979e-20 4.59329e-15 5.40369e-16 0 0 0 -1.15037e-16
 1.0001 4 -0.947031 -0.371264 3.76552 2.49377 -1.79671 -0.071475 1.0001 5 -1.08393 -0.544643 3.8468 3.10207 3.85751e-06 -0.115474 -3.05765e-19 1.13539e-17 0 0 0 -5.38979e-20 4.59329e-15 5.40369e-16 0 0 0 -1.15037e-16
 1.00008 4 -0.947031 -0.371264 3.76552 2.49377 -1.79671 -0.071475 1.00008 5 -1.08393 -0.544643 3.8468 3.10207 3.85751e-06 -0.115474 1.53775e-17 1.55091e-17 0 0 0 2.92598e-18 -2.45148e-15 5.46736e-15 0 0 0 -2.63924e-16
 1.00008 4 -0.947031 -0.371264 3.76552 2.49377 -1.79671 -0.071475 1.00008 5 -1.08393 -0.544643 3.8468 3.10207 3.85751e-06 -0.115474 1.53775e-17 1.55091e-17 0 0 0 2.92598e-18 -2.45148e-15 5.46736e-15 0 0 0 -2.63924e-16
 1.0001 4 -0.947031 -0.371264 3.76552 2.49377 -1.79671 -0.071475 1.0001 5 -1.08393 -0.544643 3.8468 3.10207 3.85751e-06 -0.115474 -3.72191e-18 4.88091e-17 0 0 0 -8.22944e-19 5.11021e-16 8.99378e-16 0 0 0 2.45815e-16
 1.0001 4 -0.947031 -0.371264 3.76552 2.49377 -1.79671 -0.071475 1.0001 5 -1.08393 -0.544643 3.8468 3.10207 3.85751e-06 -0.115474 -3.72191e-18 4.88091e-17 0 0 0 -8.22944e-19 5.11021e-16 8.99378e-16 0 0 0 2.45815e-16
 1.00016 4 -0.947031 -0.371264 3.76552 2.49377 -1.79671 -0.071475 1.00016 5 -1.08393 -0.544643 3.8468 3.10207 3.85751e-06 -0.115474 6.50879e-20 -3.31164e-18 0 0 0 8.42118e-21 -1.34658e-15 1.21306e-15 0 0 0 6.96759e-17
 1.00016 4 -0.947031 -0.371264 3.76552 2.49377 -1.79671 -0.071475 1.00016 5 -1.08393 -0.544643 3.8468 3.10207 3.85751e-06 -0.115474 6.50879e-20 -3.31164e-18 0 0 0 8.42118e-21 -1.34658e-15 1.21306e-15 0 0 0 6.96759e-17
 1.00002 4 -0.947031 -0.371264 3.76552 2.49377 -1.79671 -0.071475 1.00002 5 -1.08393 -0.544643 3.8468 3.10207 3.85751e-06 -0.115474 5.3948e-19 1.12634e-17 0 0 0 1.1374e-19 -3.46274e-16 -9.87451e-19 0 0 0 -2.67869e-17
 1.00002 4 -0.947031 -0.371264 3.76552 2.49377 -1.79671 -0.071475 1.00002 5 -1.08393 -0.544643 3.8468 3.10207 3.85751e-06 -0.115474 5.3948e-19 1.12634e-17 0 0 0 1.1374e-19 -3.46274e-16 -9.87451e-19 0 0 0 -2.67869e-17
 1.00017 4 -0.947031 -0.371264 3.76552 2.49377 -1.79671 -0.071475 1.00017 5 -1.08393 -0.544643 3.8468 3.10207 3.85751e-06 -0.115474 9.66648e-20 -3.48082e-18 0 0 0 1.69269e-20 -8.18048e-17 4.56597e-16 0 0 0 6.89019e-17
 1.00017 4 -0.947031 -0.371264 3.76552 2.49377 -1.79671 -0.071475 1.00017 5 -1.08393 -0.544643 3.8468 3.10207 3.85751e-06 -0.115474 9.66648e-20 -3.48082e-18 0 0 0 1.69269e-20 -8.18048e-17 4.56597e-16 0 0 0 6.89019e-17
 1.00004 4 -0.947031 -0.371264 3.76552 2.49377 -1.79671 -0.071475 1.00004 5 -1.08393 -0.544643 3.8468 3.10207 3.85751e-06 -0.115474 1.45497e-17 1.2113e-17 0 0 0 2.74549e-18 -1.24934e-15 4.69195e-15 0 0 0 -2.83588e-16
 1.00004 4 -0.947031 -0.371264 3.76552 2.49377 -1.79671 -0.071475 1.00004 5 -1.08393 -0.544643 3.8468 3.10207 3.85751e-06 -0.115474 1.45497e-17 1.2113e-17 0 0 0 2.74549e-18 -1.24934e-15 4.69195e-15 0 0 0 -2.83588e-16
 1.0001 4 -0.947031 -0.371264 3.76552 2.49377 -1.79671 -0.071475 1.0001 5 -1.08393 -0.544643 3.8468 3.10207 3.85751e-06 -0.115474 7.14033e-18 -4.69257e-18 0 0 0 1.71327e-18 -3.28454e-16 3.93092e-16 0 0 0 -7.46113e-18
 1.0001 4 -0.947031 -0.371264 3.76552 2.49377 -1.79671 -0.071475 1.0001 5 -1.08393 -0.544643 3.8468 3.10207 3.85751e-06 -0.115474 7.14033e-18 -4.69257e-18 0 0 0 1.71327e-18 -3.28454e-16 3.93092e-16 0 0 0 -7.46113e-18
 1.00007 4 -0.947031 -0.371264 3.76552 2.49377 -1.79671 -0.071475 1.00007 5 -1.08393 -0.544643 3.8468 3.10207 3.85751e-06 -0.115474 -3.7983e-17 -3.3493e-17 0 0 0 -7.77284e-18 8.62439e-17 -3.71193e-15 0 0 0 1.161e-16
 1.00007 4 -0.947031 -0.371264 3.76552 2.49377 -1.79671 -0.071475 1.00007 5 -1.08393 -0.544643 3.8468 3.10207 3.85751e-06 -0.115474 -3.7983e-17 -3.3493e-17 0 0 0 -7.77284e-18 8.62439e-17 -3.71193e-15 0 0 0 1.161e-16
 1.00007 4 -0.947031 -0.371264 3.76552 2.49377 -1.79671 -0.071475 1.00007 5 -1.08393 -0.544643 3.8468 3.10207 3.85751e-06 -0.115474 -5.33865e-17 -4.88927e-17 0 0 0 -1.07065e-17 8.36178e-16 -7.98144e-15 0 0 0 3.80488e-16
 1.00007 4 -0.947031 -0.371264 3.76552 2.49377 -1.79671 -0.071475 1.00007 5 -1.08393 -0.544643 3.8468 3.10207 3.85751e-06 -0.115474 -5.33865e-17 -4.88927e-17 0 0 0 -1.07065e-17 8.36178e-16 -7.98144e-15 0 0 0 3.80488e-16
 1.0001 4 -0.947031 -0.371264 3.76552 2.49377 -1.79671 -0.071475 1.0001 5 -1.08393 -0.544643 3.8468 3.10207 3.85751e-06 -0.115474 2.46107e-21 2.83007e-18 0 0 0 5.67488e-21 -1.17226e-15 6.8643e-16 0 0 0 7.04171e-17
 1.0001 4 -0.947031 -0.371264 3.76552 2.49377 -1.79671 -0.071475 1.0001 5 -1.08393 -0.544643 3.8468 3.10207 3.85751e-06 -0.115474 2.46107e-21 2.83007e-18 0 0 0 5.67488e-21 -1.17226e-15 6.8643e-16 0 0 0 7.04171e-17
 1.00011 4 -0.947031 -0.371264 3.76552 2.49377 -1.79671 -0.071475 1.00011 5 -1.08393 -0.544643 3.8468 3.10207 3.85751e-06 -0.115474 -7.35809e-18 2.53979e-18 0 0 0 -1.76842e-18 5.80517e-16 -7.69218e-16 0 0 0 -1.31446e-16
 1.00011 4 -0.947031 -0.371264 3.76552 2.49377 -1.79671 -0.071475 1.00011 5 -1.08393 -0.544643 3.8468 3.10207 3.85751e-06 -0.115474 -7.35809e-18 2.53979e-18 0 0 0 -1.76842e-18 5.80517e-16 -7.69218e-16 0 0 0 -1.31446e-16
 1.00007 4 -0.947031 -0.371264 3.76552 2.49377 -1.79671 -0.071475 1.00007 5 -1.08393 -0.544643 3.8468 3.10207 3.85751e-06 -0.115474 9.83134e-21 -2.85342e-20 0 0 0 -1.58972e-21 -3.04246e-16 4.84564e-16 0 0 0 -1.33461e-19
 1.00007 4 -0.947031 -0.371264 3.76552 2.49377 -1.79671 -0.071475 1.00007 5 -1.08393 -0.544643 3.8468 3.10207 3.85751e-06 -0.115474 9.83134e-21 -2.85342e-20 0 0 0 -1.58972e-21 -3.04246e-16 4.84564e-16 0 0 0 -1.33461e-19
 1.00005 4 -0.947031 -0.371264 3.76552 2.49377 -1.79671 -0.071475 1.00005 5 -1.08393 -0.544643 3.8468 3.10207 3.85751e-06 -0.115474 -3.21997e-21 1.93828e-20 0 0 0 -4.12144e-21 -1.03059e-15 4.17372e-15 0 0 0 -2.69446e-16
 1.00005 4 -0.947031 -0.371264 3.76552 2.49377 -1.79671 -0.071475 1.00005 5 -1.08393 -0.544643 3.8468 3.10207 3.85751e-06 -0.115474 -3.21997e-21 1.93828e-20 0 0 0 -4.12144e-21 -1.03059e-15 4.17372e-15 0 0 0 -2.69446e-16
 1.00008 4 -0.947031 -0.371264 3.76552 2.49377 -1.79671 -0.071475 1.00008 5 -1.08393 -0.544643 3.8468 3.10207 3.85751e-06 -0.115474 2.90056e-19 -4.09867e-18 0 0 0 5.82035e-20 -1.22645e-15 1.24808e-15 0 0 0 6.61091e-17
 1.00008 4 -0.947031 -0.371264 3.76552 2.49377 -1.79671 -0.071475 1.00008 5 -1.08393 -0.544643 3.8468 3.10207 3.85751e-06 -0.115474 2.90056e-19 -4.09867e-18 0 0 0 5.82035e-20 -1.22645e-15 1.24808e-15 0 0 0 6.61091e-17
 1.00013 4 -0.947031 -0.371264 3.76552 2.49377 -1.79671 -0.071475 1.00013 5 -1.08393 -0.544643 3.8468 3.10207 3.85751e-06 -0.115474 1.7077e-21 -4.49305e-18 0 0 0 3.66358e-21 -1.04613e-15 1.39897e-15 0 0 0 8.07283e-17
 1.00013 4 -0.947031 -0.371264 3.76552 2.49377 -1.79671 -0.071475 1.00013 5 -1.08393 -0.544643 3.8468 3.10207 3.85751e-06 -0.115474 1.7077e-21 -4.49305e-18 0 0 0 3.66358e-21 -1.04613e-15 1.39897e-15 0 0 0 8.07283e-17
 1.00006 4 -0.947031 -0.371264 3.76552 2.49377 -1.79671 -0.071475 1.00006 5 -1.08393 -0.544643 3.8468 3.10207 3.85751e-06 -0.115474 2.56116e-19 -1.79668e-20 0 0 0 5.63235e-20 -3.02113e-16 4.82762e-16 0 0 0 5.09228e-19
 1.00006 4 -0.947031 -0.371264 3.76552 2.49377 -1.79671 -0.071475 1.00006 5 -1.08393 -0.544643 3.8468 3.10207 3.85751e-06 -0.115474 2.56116e-19 -1.79668e-20 0 0 0 5.63235e-20 -3.02113e-16 4.82762e-16 0 0 0 5.09228e-19
 1.00042 4 -0.947031 -0.371264 3.76552 2.49377 -1.79671 -0.071475 1.00042 5 -1.08393 -0.544643 3.8468 3.10207 3.85751e-06 -0.115474 -4.77148e-17 -8.51107e-17 0 0 0 -1.01556e-17 -8.83746e-16 -4.04566e-15 0 0 0 -1.76475e-16
 1.00042 4 -0.947031 -0.371264 3.76552 2.49377 -1.79671 -0.071475 1.00042 5 -1.08393 -0.544643 3.8468 3.10207 3.85751e-06 -0.115474 -4.77148e-17 -8.51107e-17 0 0 0 -1.01556e-17 -8.83746e-16 -4.04566e-15 0 0 0 -1.76475e-16
 1.00039 4 -0.947031 -0.371264 3.76552 2.49377 -1.79671 -0.071475 1.00039 5 -1.08393 -0.544643 3.8468 3.10207 3.85751e-06 -0.115474 5.57854e-19 1.09866e-17 0 0 0 1.20009e-19 2.2516e-15 -4.41007e-15 0 0 0 -2.8119e-17
 1.00039 4 -0.947031 -0.371264 3.76552 2.49377 -1.79671 -0.071475 1.00039 5 -1.08393 -0.544643 3.8468 3.10207 3.85751e-06 -0.115474 5.57854e-19 1.09866e-17 0 0 0 1.20009e-19 2.2516e-15 -4.41007e-15 0 0 0 -2.8119e-17
 1.00069 4 -0.947031 -0.371264 3.76552 2.49377 -1.79671 -0.071475 1.00069 5 -1.08393 -0.544643 3.8468 3.10207 3.85751e-06 -0.115474 -2.69007e-19 3.10628e-18 0 0 0 -5.42881e-20 -6.65658e-16 4.68521e-16 0 0 0 -7.1287e-17
 1.00069 4 -0.947031 -0.371264 3.76552 2.49377 -1.79671 -0.071475 1.00069 5 -1.08393 -0.544643 3.8468 3.10207 3.85751e-06 -0.115474 -2.69007e-19 3.10628e-18 0 0 0 -5.42881e-20 -6.65658e-16 4.68521e-16 0 0 0 -7.1287e-17
 1.00014 4 -0.947031 -0.371264 3.76552 2.49377 -1.79671 -0.071475 1.00014 5 -1.08393 -0.544643 3.8468 3.10207 3.85751e-06 -0.115474 5.42465e-19 3.92161e-18 0 0 0 1.15264e-19 -2.31696e-16 5.11727e-16 0 0 0 2.17504e-17
 1.00014 4 -0.947031 -0.371264 3.76552 2.49377 -1.79671 -0.071475 1.00014 5 -1.08393 -0.544643 3.8468 3.10207 3.85751e-06 -0.115474 5.42465e-19 3.92161e-18 0 0 0 1.15264e-19 -2.31696e-16 5.11727e-16 0 0 0 2.17504e-17
 1.00011 4 -0.947031 -0.371264 3.76552 2.49377 -1.79671 -0.071475 1.00011 5 -1.08393 -0.544643 3.8468 3.10207 3.85751e-06 -0.115474 -2.71575e-19 -1.15283e-17 0 0 0 -5.9132e-20 -5.20587e-17 -1.32064e-16 0 0 0 2.60333e-17
 1.00011 4 -0.947031 -0.371264 3.76552 2.49377 -1.79671 -0.071475 1.00011 5 -1.08393 -0.544643 3.8468 3.10207 3.85751e-06 -0.115474 -2.71575e-19 -1.15283e-17 0 0 0 -5.9132e-20 -5.20587e-17 -1.32064e-16 0 0 0 2.60333e-17
 1.0001 4 -0.947031 -0.371264 3.76552 2.49377 -1.79671 -0.071475 1.0001 5 -1.08393 -0.544643 3.8468 3.10207 3.85751e-06 -0.115474 -6.74651e-20 1.06425e-17 0 0 0 -1.18491e-20 -5.11338e-16 4.17154e-17 0 0 0 -1.18315e-16
 1.0001 4 -0.947031 -0.371264 3.76552 2.49377 -1.79671 -0.071475 1.0001 5 -1.08393 -0.544643 3.8468 3.10207 3.85751e-06 -0.115474 -6.74651e-20 1.06425e-17 0 0 0 -1.18491e-20 -5.11338e-16 4.17154e-17 0 0 0 -1.18315e-16
 1.00004 4 -0.947031 -0.371264 3.76552 2.49377 -1.79671 -0.071475 1.00004 5 -1.08393 -0.544643 3.8468 3.10207 3.85751e-06 -0.115474 -5.98891e-22 -9.7097e-22 0 0 0 -1.03744e-21 7.39597e-16 -9.26764e-16 0 0 0 1.30115e-20
 1.00004 4 -0.947031 -0.371264 3.76552 2.49377 -1.79671 -0.071475 1.00004 5 -1.08393 -0.544643 3.8468 3.10207 3.85751e-06 -0.115474 -5.98891e-22 -9.7097e-22 0 0 0 -1.03744e-21 7.39597e-16 -9.26764e-16 0 0 0 1.30115e-20
 1.00007 4 -0.947031 -0.371264 3.76552 2.49377 -1.79671 -0.071475 1.00007 5 -1.08393 -0.544643 3.8468 3.10207 3.85751e-06 -0.115474 -6.32952e-19 -6.42374e-18 0 0 0 -1.40526e-19 -4.19965e-16 4.38906e-16 0 0 0 -3.50392e-17
 1.00007 4 -0.947031 -0.371264 3.76552 2.49377 -1.79671 -0.071475 1.00007 5 -1.08393 -0.544643 3.8468 3.10207 3.85751e-06 -0.115474 -6.32952e-19 -6.42374e-18 0 0 0 -1.40526e-19 -4.19965e-16 4.38906e-16 0 0 0 -3.50392e-17
 1.00003 4 -0.947031 -0.371264 3.76552 2.49377 -1.79671 -0.071475 1.00003 5 -1.08393 -0.544643 3.8468 3.10207 3.85751e-06 -0.115474 1.55585e-17 1.02283e-17 0 0 0 2.93928e-18 -1.27395e-15 4.66932e-15 0 0 0 -2.91015e-16
 1.00003 4 -0.947031 -0.371264 3.76552 2.49377 -1.79671 -0.071475 1.00003 5 -1.08393 -0.544643 3.8468 3.10207 3.85751e-06 -0.115474 1.55585e-17 1.02283e-17 0 0 0 2.93928e-18 -1.27395e-15 4.66932e-15 0 0 0 -2.91015e-16
 1.0002 4 -0.947031 -0.371264 3.76552 2.49377 -1.79671 -0.071475 1.0002 5 -1.08393 -0.544643 3.8468 3.10207 3.85751e-06 -0.115474 2.57357e-19 1.15909e-17 0 0 0 5.02948e-20 5.14724e-15 6.23872e-16 0 0 0 -2.56062e-17
 1.0002 4 -0.947031 -0.371264 3.76552 2.49377 -1.79671 -0.071475 1.0002 5 -1.08393 -0.544643 3.8468 3.10207 3.85751e-06 -0.115474 2.57357e-19 1.15909e-17 0 0 0 5.02948e-20 5.14724e-15 6.23872e-16 0 0 0 -2.56062e-17
 1.00003 4 -0.947031 -0.371264 3.76552 2.49377 -1.79671 -0.071475 1.00003 5 -1.08393 -0.544643 3.8468 3.10207 3.85751e-06 -0.115474 -8.29107e-20 -3.92816e-18 0 0 0 -2.00131e-20 -3.32523e-16 -1.1637e-16 0 0 0 -2.07032e-17
 1.00003 4 -0.947031 -0.371264 3.76552 2.49377 -1.79671 -0.071475 1.00003 5 -1.08393 -0.544643 3.8468 3.10207 3.85751e-06 -0.115474 -8.29107e-20 -3.92816e-18 0 0 0 -2.00131e-20 -3.32523e-16 -1.1637e-16 0 0 0 -2.07032e-17
 1.00006 4 -0.947031 -0.371264 3.76552 2.49377 -1.79671 -0.071475 1.00006 5 -1.08393 -0.544643 3.8468 3.10207 3.85751e-06 -0.115474 2.25551e-07 3.93948e-07 0 0 0 -2.36828e-07 0.950869 0.30963 0 0 0 3.00451e-05
 1.00006 4 -0.947031 -0.371264 3.76552 2.49377 -1.79671 -0.071475 1.00006 5 -1.08393 -0.544643 3.8468 3.10207 3.85751e-06 -0.115474 2.25551e-07 3.93948e-07 0 0 0 -2.36828e-07 0.950869 0.30963 0 0 0 3.00451e-05
 1.00014 4 -0.947031 -0.371264 3.76552 2.49377 -1.79671 -0.071475 1.00014 5 -1.08393 -0.544643 3.8468 3.10207 3.85751e-06 -0.115474 5.06051e-08 -1.45678e-07 0 0 0 -3.03552e-09 0.95086 0.309626 0 0 0 -1.38818e-05
 1.00014 4 -0.947031 -0.371264 3.76552 2.49377 -1.79671 -0.071475 1.00014 5 -1.08393 -0.544643 3.8468 3.10207 3.85751e-06 -0.115474 5.06051e-08 -1.45678e-07 0 0 0 -3.03552e-09 0.95086 0.309626 0 0 0 -1.38818e-05
 1.00005 4 -0.947031 -0.371264 3.76552 2.49377 -1.79671 -0.071475 1.00005 5 -1.08393 -0.544643 3.8468 3.10207 3.85751e-06 -0.115474 5.06051e-08 -1.45678e-07 0 0 0 -3.03552e-09 0.95086 0.309626 0 0 0 -1.38818e-05
 1.00005 4 -0.947031 -0.371264 3.76552 2.49377 -1.79671 -0.071475 1.00005 5 -1.08393 -0.544643 3.8468 3.10207 3.85751e-06 -0.115474 5.06051e-08 -1.45678e-07 0 0 0 -3.03552e-09 0.95086 0.309626 0 0 0 -1.38818e-05
 1.00006 4 -0.947031 -0.371264 3.76552 2.49377 -1.79671 -0.071475 1.00006 5 -1.08393 -0.544643 3.8468 3.10207 3.85751e-06 -0.115474 5.16625e-08 -1.52998e-07 0 0 0 -4.77155e-09 0.95086 0.309626 0 0 0 -1.53661e-05
 1.00006 4 -0.947031 -0.371264 3.76552 2.49377 -1.79671 -0.071475 1.00006 5 -1.08393 -0.544643 3.8468 3.10207 3.85751e-06 -0.115474 5.16625e-08 -1.52998e-07 0 0 0 -4.77155e-09 0.95086 0.309626 0 0 0 -1.53661e-05
 1.00012 4 -0.947031 -0.371264 3.76552 2.49377 -1.79671 -0.071475 1.00012 5 -1.08393 -0.544643 3.8468 3.10207 3.85751e-06 -0.115474 -2.71418e-07 -2.29526e-07 0 0 0 2.28616e-07 0.950846 0.309628 0 0 0 -1.79744e-05
 1.00012 4 -0.947031 -0.371264 3.76552 2.49377 -1.79671 -0.071475 1.00012 5 -1.08393 -0.544643 3.8468 3.10207 3.85751e-06 -0.115474 -2.71418e-07 -2.29526e-07 0 0 0 2.28616e-07 0.950846 0.309628 0 0 0 -1.79744e-05
 1.00003 4 -0.947031 -0.371264 3.76552 2.49377 -1.79671 -0.071475 1.00003 5 -1.08393 -0.544643 3.8468 3.10207 3.85751e-06 -0.115474 5.10723e-08 -1.57131e-07 0 0 0 -5.15678e-09 0.95086 0.309626 0 0 0 -1.57156e-05
 1.00003 4 -0.947031 -0.371264 3.76552 2.49377 -1.79671 -0.071475 1.00003 5 -1.08393 -0.544643 3.8468 3.10207 3.85751e-06 -0.115474 5.10723e-08 -1.57131e-07 0 0 0 -5.15678e-09 0.95086 0.309626 0 0 0 -1.57156e-05
 1.00008 4 -0.947031 -0.371264 3.76552 2.49377 -1.79671 -0.071475 1.00008 5 -1.08393 -0.544643 3.8468 3.10207 3.85751e-06 -0.115474 -2.53037e-07 -1.84866e-07 0 0 0 2.37453e-07 0.950846 0.309628 0 0 0 -1.6914e-05
 1.00008 4 -0.947031 -0.371264 3.76552 2.49377 -1.79671 -0.071475 1.00008 5 -1.08393 -0.544643 3.8468 3.10207 3.85751e-06 -0.115474 -2.53037e-07 -1.84866e-07 0 0 0 2.37453e-07 0.950846 0.309628 0 0 0 -1.6914e-05
 1.00007 4 -0.947031 -0.371264 3.76552 2.49377 -1.79671 -0.071475 1.00007 5 -1.08393 -0.544643 3.8468 3.10207 3.85751e-06 -0.115474 2.16203e-07 3.8161e-07 0 0 0 -2.18081e-07 0.950868 0.30963 0 0 0 2.97853e-05
 1.00007 4 -0.947031 -0.371264 3.76552 2.49377 -1.79671 -0.071475 1.00007 5 -1.08393 -0.544643 3.8468 3.10207 3.85751e-06 -0.115474 2.16203e-07 3.8161e-07 0 0 0 -2.18081e-07 0.950868 0.30963 0 0 0 2.97853e-05
 1.00011 4 -0.941585 -0.369439 3.7647 -2.1077 1.51943 -0.442419 1.00011 5 -1.08393 -0.544643 3.8468 3.10207 3.85751e-06 -0.115474 -1.18398e-15 4.33661e-15 0 0 0 7.36915e-18 1.11213e-12 1.67372e-08 0 0 0 2.28422e-15
 1.00011 4 -0.941585 -0.369439 3.7647 -2.1077 1.51943 -0.442419 1.00011 5 -1.08393 -0.544643 3.8468 3.10207 3.85751e-06 -0.115474 -1.18398e-15 4.33661e-15 0 0 0 7.36915e-18 1.11213e-12 1.67372e-08 0 0 0 2.28422e-15
 1.0001 4 -0.95937 -0.37712 3.84243 2.42744 -1.87954 -0.0571758 1.0001 5 -1.08393 -0.544643 3.8468 3.10207 3.85751e-06 -0.115474 -1.16102e-15 -1.44004e-16 0 0 0 4.36135e-19 1.11694e-12 1.67372e-08 0 0 0 2.85477e-16
 1.0001 4 -0.95937 -0.37712 3.84243 2.42744 -1.87954 -0.0571758 1.0001 5 -1.08393 -0.544643 3.8468 3.10207 3.85751e-06 -0.115474 -1.16102e-15 -1.44004e-16 0 0 0 4.36135e-19 1.11694e-12 1.67372e-08 0 0 0 2.85477e-16
 1.00014 4 -0.918434 -0.363183 3.74342 2.39109 -1.93299 -0.0577004 1.00014 5 -1.08393 -0.544643 3.8468 3.10207 3.85751e-06 -0.115474 1.80786e-13 -1.03905e-14 0 0 0 2.6116e-14 -0.985153 -0.171634 0 0 0 -2.59803e-05
 1.00014 4 -0.918434 -0.363183 3.74342 2.39109 -1.93299 -0.0577004 1.00014 5 -1.08393 -0.544643 3.8468 3.10207 3.85751e-06 -0.115474 1.80786e-13 -1.03905e-14 0 0 0 2.6116e-14 -0.985153 -0.171634 0 0 0 -2.59803e-05
 1.00007 4 -0.882118 -0.365929 3.78607 2.01186 -2.31968 -0.0362105 1.00007 5 -1.08393 -0.544643 3.8468 3.10207 3.85751e-06 -0.115474 2.40585e-13 -2.94844e-13 0 0 0 4.57909e-14 -0.993633 0.112603 0 0 0 -2.62067e-05
 1.00007 4 -0.882118 -0.365929 3.78607 2.01186 -2.31968 -0.0362105 1.00007 5 -1.08393 -0.544643 3.8468 3.10207 3.85751e-06 -0.115474 2.40585e-13 -2.94844e-13 0 0 0 4.57909e-14 -0.993633 0.112603 0 0 0 -2.62067e-05
 1.00006 4 -0.828176 -0.40272 3.88046 1.55064 -2.71605 -0.255932 1.00006 5 -1.08393 -0.544643 3.8468 3.10207 3.85751e-06 -0.115474 -4.33294e-13 -9.14637e-13 0 0 0 -9.21959e-14 -0.842353 0.538928 0 0 0 -2.22254e-05
 1.00006 4 -0.828176 -0.40272 3.88046 1.55064 -2.71605 -0.255932 1.00006 5 -1.08393 -0.544643 3.8468 3.10207 3.85751e-06 -0.115474 -4.33294e-13 -9.14637e-13 0 0 0 -9.21959e-14 -0.842353 0.538928 0 0 0 -2.22254e-05
 1.00007 4 -0.782753 -0.40281 3.76137 1.31453 -2.77398 0.00364917 1.00007 5 -1.08393 -0.544643 3.8468 3.10207 3.85751e-06 -0.115474 -9.38034e-14 -4.30179e-13 0 0 0 -1.36558e-14 -0.773855 0.633359 0 0 0 -2.04042e-05
 1.00007 4 -0.782753 -0.40281 3.76137 1.31453 -2.77398 0.00364917 1.00007 5 -1.08393 -0.544643 3.8468 3.10207 3.85751e-06 -0.115474 -9.38034e-14 -4.30179e-13 0 0 0 -1.36558e-14 -0.773855 0.633359 0 0 0 -2.04042e-05
 1.00007 4 -0.808618 -0.381955 3.7486 -1.28439 2.14474 0.0566694 1.00007 5 -1.08393 -0.544643 3.8468 3.10207 3.85751e-06 -0.115474 1.1953e-13 -1.88661e-13 0 0 0 -1.25563e-14 -0.884192 0.467112 0 0 0 -2.33178e-05
 1.00007 4 -0.808618 -0.381955 3.7486 -1.28439 2.14474 0.0566694 1.00007 5 -1.08393 -0.544643 3.8468 3.10207 3.85751e-06 -0.115474 1.1953e-13 -1.88661e-13 0 0 0 -1.25563e-14 -0.884192 0.467112 0 0 0 -2.33178e-05
 1.00022 4 -0.85797 -0.399434 3.94738 -1.71162 2.63393 0.270863 1.00022 5 -1.08393 -0.544643 3.8468 3.10207 3.85751e-06 -0.115474 1.28593e-13 -1.59718e-13 0 0 0 2.23491e-14 -0.895477 0.445095 0 0 0 -2.36179e-05
 1.00022 4 -0.85797 -0.399434 3.94738 -1.71162 2.63393 0.270863 1.00022 5 -1.08393 -0.544643 3.8468 3.10207 3.85751e-06 -0.115474 1.28593e-13 -1.59718e-13 0 0 0 2.23491e-14 -0.895477 0.445095 0 0 0 -2.36179e-05
 1.00005 4 -0.801641 -0.398178 3.79307 1.42797 -2.59463 0.130496 1.00005 5 -1.08393 -0.544643 3.8468 3.10207 3.85751e-06 -0.115474 1.97434e-15 -3.42438e-13 0 0 0 -3.16453e-15 -0.816862 0.576826 0 0 0 -2.1548e-05
 1.00005 4 -0.801641 -0.398178 3.79307 1.42797 -2.59463 0.130496 1.00005 5 -1.08393 -0.544643 3.8468 3.10207 3.85751e-06 -0.115474 1.97434e-15 -3.42438e-13 0 0 0 -3.16453e-15 -0.816862 0.576826 0 0 0 -2.1548e-05
 1.00014 4 -0.775559 -0.428448 3.8166 -0.888425 2.67856 -0.46604 1.00014 5 -1.08393 -0.544643 3.8468 3.10207 3.85751e-06 -0.115474 -3.92358e-14 -2.87787e-13 0 0 0 -6.10655e-15 -0.671148 0.74132 0 0 0 -1.76975e-05
 1.00014 4 -0.775559 -0.428448 3.8166 -0.888425 2.67856 -0.46604 1.00014 5 -1.08393 -0.544643 3.8468 3.10207 3.85751e-06 -0.115474 -3.92358e-14 -2.87787e-13 0 0 0 -6.10655e-15 -0.671148 0.74132 0 0 0 -1.76975e-05
 1.00078 4 -0.767113 -0.394293 3.68247 -1.16336 2.40644 0.233419 1.00078 5 -1.08393 -0.544643 3.8468 3.10207 3.85751e-06 -0.115474 -8.67066e-16 -7.60746e-16 0 0 0 -1.68647e-16 -8.36998e-11 7.06325e-07 0 0 0 -4.71712e-17
 1.00078 4 -0.767113 -0.394293 3.68247 -1.16336 2.40644 0.233419 1.00078 5 -1.08393 -0.544643 3.8468 3.10207 3.85751e-06 -0.115474 -8.67066e-16 -7.60746e-16 0 0 0 -1.68647e-16 -8.36998e-11 7.06325e-07 0 0 0 -4.71712e-17
 1.00013 4 -0.824307 -0.397259 3.85428 -1.33096 2.17283 0.214442 1.00013 5 -1.08393 -0.544643 3.8468 3.10207 3.85751e-06 -0.115474 -4.81717e-17 -1.78741e-15 0 0 0 -2.32068e-17 -8.37107e-11 7.06325e-07 0 0 0 8.7905e-16
 1.00013 4 -0.824307 -0.397259 3.85428 -1.33096 2.17283 0.214442 1.00013 5 -1.08393 -0.544643 3.8468 3.10207 3.85751e-06 -0.115474 -4.81717e-17 -1.78741e-15 0 0 0 -2.32068e-17 -8.37107e-11 7.06325e-07 0 0 0 8.7905e-16
 1.00009 4 -0.849514 -0.388993 3.87153 1.75657 -2.56842 -0.25611 1.00009 5 -1.08393 -0.544643 3.8468 3.10207 3.85751e-06 -0.115474 2.81685e-15 2.78335e-15 0 0 0 1.67162e-16 -8.37221e-11 7.06325e-07 0 0 0 1.22633e-15
 1.00009 4 -0.849514 -0.388993 3.87153 1.75657 -2.56842 -0.25611 1.00009 5 -1.08393 -0.544643 3.8468 3.10207 3.85751e-06 -0.115474 2.81685e-15 2.78335e-15 0 0 0 1.67162e-16 -8.37221e-11 7.06325e-07 0 0 0 1.22633e-15
 1.00005 4 -0.854717 -0.361707 3.72338 1.87602 -2.28199 -0.113819 1.00005 5 -1.08393 -0.544643 3.8468 3.10207 3.85751e-06 -0.115474 2.03479e-13 1.52446e-13 0 0 0 2.47873e-14 0.988712 -0.149774 0 0 0 2.60741e-05
 1.00005 4 -0.854717 -0.361707 3.72338 1.87602 -2.28199 -0.113819 1.00005 5 -1.08393 -0.544643 3.8468 3.10207 3.85751e-06 -0.115474 2.03479e-13 1.52446e-13 0 0 0 2.47873e-14 0.988712 -0.149774 0 0 0 2.60741e-05
 1.00006 4 -0.956719 -0.378187 3.87103 -2.1726 1.73754 -0.403023 1.00006 5 -1.08393 -0.544643 3.8468 3.10207 3.85751e-06 -0.115474 3.04472e-13 5.21972e-13 0 0 0 4.91523e-14 0.966023 0.258442 0 0 0 2.54809e-05
 1.00006 4 -0.956719 -0.378187 3.87103 -2.1726 1.73754 -0.403023 1.00006 5 -1.08393 -0.544643 3.8468 3.10207 3.85751e-06 -0.115474 3.04472e-13 5.21972e-13 0 0 0 4.91523e-14 0.966023 0.258442 0 0 0 2.54809e-05
 1.00016 4 -0.90936 -0.362347 3.75177 -2.52853 2.15363 0.127189 1.00016 5 -1.08393 -0.544643 3.8468 3.10207 3.85751e-06 -0.115474 1.92107e-13 8.13581e-14 0 0 0 5.93733e-15 0.994558 0.104118 0 0 0 2.6229e-05
 1.00016 4 -0.90936 -0.362347 3.75177 -2.52853 2.15363 0.127189 1.00016 5 -1.08393 -0.544643 3.8468 3.10207 3.85751e-06 -0.115474 1.92107e-13 8.13581e-14 0 0 0 5.93733e-15 0.994558 0.104118 0 0 0 2.6229e-05
 1.00011 4 -0.921197 -0.371519 3.85559 -1.85365 1.72371 -0.156319 1.00011 5 -1.08393 -0.544643 3.8468 3.10207 3.85751e-06 -0.115474 1.85443e-13 1.46531e-14 0 0 0 3.25549e-14 0.999155 0.0409297 0 0 0 2.63508e-05
 1.00011 4 -0.921197 -0.371519 3.85559 -1.85365 1.72371 -0.156319 1.00011 5 -1.08393 -0.544643 3.8468 3.10207 3.85751e-06 -0.115474 1.85443e-13 1.46531e-14 0 0 0 3.25549e-14 0.999155 0.0409297 0 0 0 2.63508e-05
 1.00007 4 -0.918071 -0.363718 3.74882 2.32576 -1.84683 -0.260078 1.00007 5 -1.08393 -0.544643 3.8468 3.10207 3.85751e-06 -0.115474 1.91152e-13 1.57996e-13 0 0 0 4.34672e-14 0.983381 0.18152 0 0 0 2.59359e-05
 1.00007 4 -0.918071 -0.363718 3.74882 2.32576 -1.84683 -0.260078 1.00007 5 -1.08393 -0.544643 3.8468 3.10207 3.85751e-06 -0.115474 1.91152e-13 1.57996e-13 0 0 0 4.34672e-14 0.983381 0.18152 0 0 0 2.59359e-05
 1.00034 4 -0.960339 -0.378191 3.87137 -2.17081 1.7361 -0.404918 1.00034 5 -1.08393 -0.544643 3.8468 3.10207 3.85751e-06 -0.115474 1.72113e-13 9.66386e-14 0 0 0 3.57149e-14 0.97035 0.241675 0 0 0 2.55902e-05
 1.00034 4 -0.960339 -0.378191 3.87137 -2.17081 1.7361 -0.404918 1.00034 5 -1.08393 -0.544643 3.8468 3.10207 3.85751e-06 -0.115474 1.72113e-13 9.66386e-14 0 0 0 3.57149e-14 0.97035 0.241675 0 0 0 2.55902e-05
 1.00013 4 -0.960339 -0.378191 3.87137 -2.17081 1.7361 -0.404918 1.00013 5 -1.08393 -0.544643 3.8468 3.10207 3.85751e-06 -0.115474 1.80331e-13 1.00529e-13 0 0 0 2.86391e-14 0.969398 0.245469 0 0 0 2.55665e-05
 1.00013 4 -0.960339 -0.378191 3.87137 -2.17081 1.7361 -0.404918 1.00013 5 -1.08393 -0.544643 3.8468 3.10207 3.85751e-06 -0.115474 1.80331e-13 1.00529e-13 0 0 0 2.86391e-14 0.969398 0.245469 0 0 0 2.55665e-05
 1.00011 4 -0.920666 -0.362415 3.68397 2.3882 -1.76735 -0.254934 1.00011 5 -1.08393 -0.544643 3.8468 3.10207 3.85751e-06 -0.115474 1.66951e-13 9.21256e-14 0 0 0 3.18232e-14 0.960212 0.279249 0 0 0 2.53234e-05
 1.00011 4 -0.920666 -0.362415 3.68397 2.3882 -1.76735 -0.254934 1.00011 5 -1.08393 -0.544643 3.8468 3.10207 3.85751e-06 -0.115474 1.66951e-13 9.21256e-14 0 0 0 3.18232e-14 0.960212 0.279249 0 0 0 2.53234e-05
 1.00008 4 -0.963155 -0.378094 3.86125 2.4658 -1.89067 0.331991 1.00008 5 -1.08393 -0.544643 3.8468 3.10207 3.85751e-06 -0.115474 -5.11206e-17 -8.40385e-17 0 0 0 -2.85747e-18 1.99718e-13 3.75009e-09 0 0 0 2.61585e-15
 1.00008 4 -0.963155 -0.378094 3.86125 2.4658 -1.89067 0.331991 1.00008 5 -1.08393 -0.544643 3.8468 3.10207 3.85751e-06 -0.115474 -5.11206e-17 -8.40385e-17 0 0 0 -2.85747e-18 1.99718e-13 3.75009e-09 0 0 0 2.61585e-15
 1.00061 4 -0.923121 -0.36269 3.70393 -2.59916 2.06392 0.124788 1.00061 5 -1.08393 -0.544643 3.8468 3.10207 3.85751e-06 -0.115474 -6.61498e-17 1.01631e-17 0 0 0 -5.94918e-18 2.03127e-13 3.75009e-09 0 0 0 -6.40775e-15
 1.00061 4 -0.923121 -0.36269 3.70393 -2.59916 2.06392 0.124788 1.00061 5 -1.08393 -0.544643 3.8468 3.10207 3.85751e-06 -0.115474 -6.61498e-17 1.01631e-17 0 0 0 -5.94918e-18 2.03127e-13 3.75009e-09 0 0 0 -6.40775e-15
 1.00004 4 -0.921287 -0.36264 3.70385 2.91657 -2.29892 0.652705 1.00004 5 -1.08393 -0.544643 3.8468 3.10207 3.85751e-06 -0.115474 1.41962e-17 -3.35868e-17 0 0 0 1.78649e-18 2.58186e-14 5.68973e-10 0 0 0 1.90029e-15
 1.00004 4 -0.921287 -0.36264 3.70385 2.91657 -2.29892 0.652705 1.00004 5 -1.08393 -0.544643 3.8468 3.10207 3.85751e-06 -0.115474 1.41962e-17 -3.35868e-17 0 0 0 1.78649e-18 2.58186e-14 5.68973e-10 0 0 0 1.90029e-15
 1.00013 4 -0.921287 -0.36264 3.70385 2.91657 -2.29892 0.652705 1.00013 5 -1.08393 -0.544643 3.8468 3.10207 3.85751e-06 -0.115474 3.54755e-18 7.67704e-18 0 0 0 -2.17285e-20 2.73896e-14 5.68967e-10 0 0 0 4.46733e-15
 1.00013 4 -0.921287 -0.36264 3.70385 2.91657 -2.29892 0.652705 1.00013 5 -1.08393 -0.544643 3.8468 3.10207 3.85751e-06 -0.115474 3.54755e-18 7.67704e-18 0 0 0 -2.17285e-20 2.73896e-14 5.68967e-10 0 0 0 4.46733e-15
 1.00011 4 -0.953937 -0.375305 3.84208 -2.05187 1.58732 -0.40747 1.00011 5 -1.08393 -0.544643 3.8468 3.10207 3.85751e-06 -0.115474 2.85756e-17 -3.72915e-17 0 0 0 5.37646e-18 2.16011e-14 5.6897e-10 0 0 0 4.35604e-15
 1.00011 4 -0.953937 -0.375305 3.84208 -2.05187 1.58732 -0.40747 1.00011 5 -1.08393 -0.544643 3.8468 3.10207 3.85751e-06 -0.115474 2.85756e-17 -3.72915e-17 0 0 0 5.37646e-18 2.16011e-14 5.6897e-10 0 0 0 4.35604e-15
 1.00006 4 -0.953937 -0.375305 3.84208 -2.05187 1.58732 -0.40747 1.00006 5 -1.08393 -0.544643 3.8468 3.10207 3.85751e-06 -0.115474 4.09118e-17 -3.2973e-17 0 0 0 7.66703e-18 2.78711e-14 5.68968e-10 0 0 0 -1.66327e-16
 1.00006 4 -0.953937 -0.375305 3.84208 -2.05187 1.58732 -0.40747 1.00006 5 -1.08393 -0.544643 3.8468 3.10207 3.85751e-06 -0.115474 4.09118e-17 -3.2973e-17 0 0 0 7.66703e-18 2.78711e-14 5.68968e-10 0 0 0 -1.66327e-16
 1.00041 4 -0.960339 -0.378191 3.87137 -2.17081 1.7361 -0.404918 1.00041 5 -1.08393 -0.544643 3.8468 3.10207 3.85751e-06 -0.115474 -5.04968e-16 -7.53757e-18 0 0 0 -4.25877e-18 2.65055e-14 5.68966e-10 0 0 0 4.73155e-15
 1.00041 4 -0.960339 -0.378191 3.87137 -2.17081 1.7361 -0.404918 1.00041 5 -1.08393 -0.544643 3.8468 3.10207 3.85751e-06 -0.115474 -5.04968e-16 -7.53757e-18 0 0 0 -4.25877e-18 2.65055e-14 5.68966e-10 0 0 0 4.73155e-15
 1.00007 4 -0.919038 -0.361406 3.70838 2.79948 -2.17241 0.809706 1.00007 5 -1.08393 -0.544643 3.8468 3.10207 3.85751e-06 -0.115474 -1.65786e-19 4.192e-17 0 0 0 -9.50325e-19 2.29337e-14 5.68968e-10 0 0 0 -3.10415e-15
 1.00007 4 -0.919038 -0.361406 3.70838 2.79948 -2.17241 0.809706 1.00007 5 -1.08393 -0.544643 3.8468 3.10207 3.85751e-06 -0.115474 -1.65786e-19 4.192e-17 0 0 0 -9.50325e-19 2.29337e-14 5.68968e-10 0 0 0 -3.10415e-15
 1.00016 4 -0.952199 -0.377118 3.84183 2.42747 -1.87957 -0.056705 1.00016 5 -1.08393 -0.544643 3.8468 3.10207 3.85751e-06 -0.115474 3.05919e-17 5.99989e-17 0 0 0 5.57062e-18 2.59737e-14 5.68973e-10 0 0 0 -8.56998e-16
 1.00016 4 -0.952199 -0.377118 3.84183 2.42747 -1.87957 -0.056705 1.00016 5 -1.08393 -0.544643 3.8468 3.10207 3.85751e-06 -0.115474 3.05919e-17 5.99989e-17 0 0 0 5.57062e-18 2.59737e-14 5.68973e-10 0 0 0 -8.56998e-16
 1.00012 4 -0.917823 -0.362636 3.70353 2.91621 -2.29873 0.649991 1.00012 5 -1.08393 -0.544643 3.8468 3.10207 3.85751e-06 -0.115474 3.62767e-18 2.57304e-19 0 0 0 -8.30917e-20 3.11996e-14 5.68966e-10 0 0 0 -8.76146e-16
 1.00012 4 -0.917823 -0.362636 3.70353 2.91621 -2.29873 0.649991 1.00012 5 -1.08393 -0.544643 3.8468 3.10207 3.85751e-06 -0.115474 3.62767e-18 2.57304e-19 0 0 0 -8.30917e-20 3.11996e-14 5.68966e-10 0 0 0 -8.76146e-16
 1.00017 4 -0.956749 -0.376368 3.87086 2.56506 -2.00738 -0.0406409 1.00017 5 -1.08393 -0.544643 3.8468 3.10207 3.85751e-06 -0.115474 -7.87807e-17 2.21261e-18 0 0 0 -2.80647e-18 3.15745e-13 5.6168e-09 0 0 0 -2.61549e-15
 1.00017 4 -0.956749 -0.376368 3.87086 2.56506 -2.00738 -0.0406409 1.00017 5 -1.08393 -0.544643 3.8468 3.10207 3.85751e-06 -0.115474 -7.87807e-17 2.21261e-18 0 0 0 -2.80647e-18 3.15745e-13 5.6168e-09 0 0 0 -2.61549e-15
 1.00006 4 -0.969794 -0.382245 3.93113 -2.11488 1.81357 -0.363985 1.00006 5 -1.08393 -0.544643 3.8468 3.10207 3.85751e-06 -0.115474 -4.57681e-17 1.21274e-17 0 0 0 2.5144e-18 3.13661e-13 5.6168e-09 0 0 0 -4.33518e-16
 1.00006 4 -0.969794 -0.382245 3.93113 -2.11488 1.81357 -0.363985 1.00006 5 -1.08393 -0.544643 3.8468 3.10207 3.85751e-06 -0.115474 -4.57681e-17 1.21274e-17 0 0 0 2.5144e-18 3.13661e-13 5.6168e-09 0 0 0 -4.33518e-16
 1.00006 4 -0.921005 -0.365927 3.78916 2.32206 -2.01391 -0.053734 1.00006 5 -1.08393 -0.544643 3.8468 3.10207 3.85751e-06 -0.115474 1.79412e-13 -1.72361e-14 0 0 0 2.64811e-14 -0.992481 -0.122341 0 0 0 -2.6174e-05
 1.00006 4 -0.921005 -0.365927 3.78916 2.32206 -2.01391 -0.053734 1.00006 5 -1.08393 -0.544643 3.8468 3.10207 3.85751e-06 -0.115474 1.79412e-13 -1.72361e-14 0 0 0 2.64811e-14 -0.992481 -0.122341 0 0 0 -2.6174e-05
 1.00007 4 -0.875047 -0.365929 3.78551 2.01196 -2.31981 -0.0357872 1.00007 5 -1.08393 -0.544643 3.8468 3.10207 3.85751e-06 -0.115474 2.3149e-13 -3.0008e-13 0 0 0 6.29527e-14 -0.987169 0.15964 0 0 0 -2.60367e-05
 1.00007 4 -0.875047 -0.365929 3.78551 2.01196 -2.31981 -0.0357872 1.00007 5 -1.08393 -0.544643 3.8468 3.10207 3.85751e-06 -0.115474 2.3149e-13 -3.0008e-13 0 0 0 6.29527e-14 -0.987169 0.15964 0 0 0 -2.60367e-05
 1.00006 4 -0.821572 -0.408512 3.89203 -1.23968 2.28955 -0.0312815 1.00006 5 -1.08393 -0.544643 3.8468 3.10207 3.85751e-06 -0.115474 -5.79752e-13 -9.85888e-13 0 0 0 -9.65753e-14 -0.80376 0.594957 0 0 0 -2.12085e-05
 1.00006 4 -0.821572 -0.408512 3.89203 -1.23968 2.28955 -0.0312815 1.00006 5 -1.08393 -0.544643 3.8468 3.10207 3.85751e-06 -0.115474 -5.79752e-13 -9.85888e-13 0 0 0 -9.65753e-14 -0.80376 0.594957 0 0 0 -2.12085e-05
 1.00006 4 -0.779797 -0.399067 3.73515 -1.17313 2.32485 0.00977085 1.00006 5 -1.08393 -0.544643 3.8468 3.10207 3.85751e-06 -0.115474 -5.40273e-14 -3.84523e-13 0 0 0 -6.87508e-15 -0.777194 0.629257 0 0 0 -2.04929e-05
 1.00006 4 -0.779797 -0.399067 3.73515 -1.17313 2.32485 0.00977085 1.00006 5 -1.08393 -0.544643 3.8468 3.10207 3.85751e-06 -0.115474 -5.40273e-14 -3.84523e-13 0 0 0 -6.87508e-15 -0.777194 0.629257 0 0 0 -2.04929e-05
 1.00007 4 -0.817988 -0.389471 3.80391 1.57174 -2.56984 0.297487 1.00007 5 -1.08393 -0.544643 3.8468 3.10207 3.85751e-06 -0.115474 1.09631e-13 -1.79925e-13 0 0 0 2.21721e-14 -0.87426 0.485448 0 0 0 -2.30562e-05
 1.00007 4 -0.817988 -0.389471 3.80391 1.57174 -2.56984 0.297487 1.00007 5 -1.08393 -0.544643 3.8468 3.10207 3.85751e-06 -0.115474 1.09631e-13 -1.79925e-13 0 0 0 2.21721e-14 -0.87426 0.485448 0 0 0 -2.30562e-05
 1.00007 4 -0.84488 -0.401826 3.92483 1.62579 -2.71009 0.247988 1.00007 5 -1.08393 -0.544643 3.8468 3.10207 3.85751e-06 -0.115474 1.09235e-13 -1.89225e-13 0 0 0 1.8211e-14 -0.871033 0.491214 0 0 0 -2.29738e-05
 1.00007 4 -0.84488 -0.401826 3.92483 1.62579 -2.71009 0.247988 1.00007 5 -1.08393 -0.544643 3.8468 3.10207 3.85751e-06 -0.115474 1.09235e-13 -1.89225e-13 0 0 0 1.8211e-14 -0.871033 0.491214 0 0 0 -2.29738e-05
 1.00007 4 -0.803321 -0.410181 3.84767 -1.23358 2.37881 0.223693 1.00007 5 -1.08393 -0.544643 3.8468 3.10207 3.85751e-06 -0.115474 -5.15245e-14 -3.84357e-13 0 0 0 -1.27481e-14 -0.773367 0.633954 0 0 0 -2.04017e-05
 1.00007 4 -0.803321 -0.410181 3.84767 -1.23358 2.37881 0.223693 1.00007 5 -1.08393 -0.544643 3.8468 3.10207 3.85751e-06 -0.115474 -5.15245e-14 -3.84357e-13 0 0 0 -1.27481e-14 -0.773367 0.633954 0 0 0 -2.04017e-05
 1.00007 4 -0.810189 -0.442259 3.973 1.10005 -2.86668 0.014655 1.00007 5 -1.08393 -0.544643 3.8468 3.10207 3.85751e-06 -0.115474 -3.83093e-15 -2.6043e-13 0 0 0 3.85374e-16 -0.686237 0.727373 0 0 0 -1.80968e-05
 1.00007 4 -0.810189 -0.442259 3.973 1.10005 -2.86668 0.014655 1.00007 5 -1.08393 -0.544643 3.8468 3.10207 3.85751e-06 -0.115474 -3.83093e-15 -2.6043e-13 0 0 0 3.85374e-16 -0.686237 0.727373 0 0 0 -1.80968e-05
