 4 -0.947031 -0.371264 3.76552 2.49377 -1.79671 -0.071475 5 -1.08393 -0.544643 3.8468 3.10207 3.85751e-06 -0.115474 8.11978e-34 2.47928e-33 0 0 0 2.23294e-34 -1.25878e-37 1.73286e-42 0 0 0 -3.55811e-38
 4 -0.947031 -0.371264 3.76552 2.49377 -1.79671 -0.071475 5 -1.08393 -0.544643 3.8468 3.10207 3.85751e-06 -0.115474 8.11978e-34 2.47928e-33 0 0 0 2.23294e-34 -1.25878e-37 1.73286e-42 0 0 0 -3.55811e-38
 4 -0.947031 -0.371264 3.76552 2.49377 -1.79671 -0.071475 5 -1.08393 -0.544643 3.8468 3.10207 3.85751e-06 -0.115474 8.11978e-34 2.47928e-33 0 0 0 2.23294e-34 -1.25878e-37 1.73286e-42 0 0 0 -3.55811e-38
 4 -0.947031 -0.371264 3.76552 2.49377 -1.79671 -0.071475 5 -1.08393 -0.544643 3.8468 3.10207 3.85751e-06 -0.115474 8.11978e-34 2.47928e-33 0 0 0 2.23294e-34 -1.25878e-37 1.73286e-42 0 0 0 -3.55811e-38
 4 -0.947031 -0.371264 3.76552 2.49377 -1.79671 -0.071475 5 -1.08393 -0.544643 3.8468 3.10207 3.85751e-06 -0.115474 8.11978e-34 2.47928e-33 0 0 0 2.23294e-34 -1.25878e-37 1.73286e-42 0 0 0 -3.55811e-38
 4 -0.947031 -0.371264 3.76552 2.49377 -1.79671 -0.071475 5 -1.08393 -0.544643 3.8468 3.10207 3.85751e-06 -0.115474 8.11978e-34 2.47928e-33 0 0 0 2.23294e-34 -1.25878e-37 1.73286e-42 0 0 0 -3.55811e-38
 4 -0.947031 -0.371264 3.76552 2.49377 -1.79671 -0.071475 5 -1.08393 -0.544643 3.8468 3.10207 3.85751e-06 -0.115474 8.11978e-34 2.47928e-33 0 0 0 2.23294e-34 -1.25878e-37 1.73286e-42 0 0 0 -3.55811e-38
 4 -0.947031 -0.371264 3.76552 2.49377 -1.79671 -0.071475 5 -1.08393 -0.544643 3.8468 3.10207 3.85751e-06 -0.115474 8.11978e-34 2.47928e-33 0 0 0 2.23294e-34 -1.25878e-37 1.73286e-42 0 0 0 -3.55811e-38
 4 -0.947031 -0.371264 3.76552 2.49377 -1.79671 -0.071475 5 -1.08393 -0.544643 3.8468 3.10207 3.85751e-06 -0.115474 8.11978e-34 2.47928e-33 0 0 0 2.23294e-34 -1.25878e-37 1.73286e-42 0 0 0 -3.55811e-38
 4 -0.947031 -0.371264 3.76552 2.49377 -1.79671 -0.071475 5 -1.08393 -0.544643 3.8468 3.10207 3.85751e-06 -0.115474 8.11978e-34 2.47928e-33 0 0 0 2.23294e-34 -1.25878e-37 1.73286e-42 0 0 0 -3.55811e-38
 4 -0.947031 -0.371264 3.76552 2.49377 -1.79671 -0.071475 5 -1.08393 -0.544643 3.8468 3.10207 3.85751e-06 -0.115474 8.11978e-34 2.47928e-33 0 0 0 2.23294e-34 -1.25878e-37 1.73286e-42 0 0 0 -3.55811e-38
 4 -0.947031 -0.371264 3.76552 2.49377 -1.79671 -0.071475 5 -1.08393 -0.544643 3.8468 3.10207 3.85751e-06 -0.115474 8.11978e-34 2.47928e-33 0 0 0 2.23294e-34 -1.25878e-37 1.73286e-42 0 0 0 -3.55811e-38
 4 -0.885801 -0.289614 3.83725 1.99453 -2.2241 0.136888 5 -1.08393 -0.544643 3.8468 3.10207 3.85751e-06 -0.115474 100.787 2.0104 0 0 0 27.7164 14.0372 99.0099 0 0 0 0.000438932
 4 -0.885801 -0.289614 3.83725 1.99453 -2.2241 0.136888 5 -1.08393 -0.544643 3.8468 3.10207 3.85751e-06 -0.115474 100.787 2.0104 0 0 0 27.7164 14.0372 99.0099 0 0 0 0.000438932
 4 -0.971571 -0.294016 3.76519 2.49648 -1.79875 -0.0792493 5 -1.08393 -0.544643 3.8468 3.10207 3.85751e-06 -0.115474 98.8344 -3.9091 0 0 0 27.1795 -30.0417 95.3807 0 0 0 -0.0009514
 4 -0.971571 -0.294016 3.76519 2.49648 -1.79875 -0.0792493 5 -1.08393 -0.544643 3.8468 3.10207 3.85751e-06 -0.115474 98.8344 -3.9091 0 0 0 27.1795 -30.0417 95.3807 0 0 0 -0.0009514
 4 -0.87151 -0.284611 3.78282 2.01399 -2.32214 -0.0437345 5 -1.08393 -0.544643 3.8468 3.10207 3.85751e-06 -0.115474 101.315 -0.208423 0 0 0 27.8617 -1.57324 99.9877 0 0 0 -4.43214e-05
 4 -0.87151 -0.284611 3.78282 2.01399 -2.32214 -0.0437345 5 -1.08393 -0.544643 3.8468 3.10207 3.85751e-06 -0.115474 101.315 -0.208423 0 0 0 27.8617 -1.57324 99.9877 0 0 0 -4.43214e-05
 4 -0.842504 -0.296354 3.82882 1.87687 -2.42541 -0.0385696 5 -1.08393 -0.544643 3.8468 3.10207 3.85751e-06 -0.115474 99.0095 3.80696 0 0 0 27.2276 28.4381 95.8711 0 0 0 0.000897208
 4 -0.842504 -0.296354 3.82882 1.87687 -2.42541 -0.0385696 5 -1.08393 -0.544643 3.8468 3.10207 3.85751e-06 -0.115474 99.0095 3.80696 0 0 0 27.2276 28.4381 95.8711 0 0 0 0.000897208
 4 -0.981904 -0.297644 3.85663 -2.17183 1.7431 -0.494835 5 -1.08393 -0.544643 3.8468 3.10207 3.85751e-06 -0.115474 100.163 -2.86884 0 0 0 27.5448 -20.3334 97.9109 0 0 0 -0.000647271
 4 -0.981904 -0.297644 3.85663 -2.17183 1.7431 -0.494835 5 -1.08393 -0.544643 3.8468 3.10207 3.85751e-06 -0.115474 100.163 -2.86884 0 0 0 27.5448 -20.3334 97.9109 0 0 0 -0.000647271
 4 -0.92454 -0.28461 3.78711 2.32475 -2.01624 -0.061189 5 -1.08393 -0.544643 3.8468 3.10207 3.85751e-06 -0.115474 100.429 -2.55262 0 0 0 27.6179 -18.091 98.35 0 0 0 -0.000567814
 4 -0.92454 -0.28461 3.78711 2.32475 -2.01624 -0.061189 5 -1.08393 -0.544643 3.8468 3.10207 3.85751e-06 -0.115474 100.429 -2.55262 0 0 0 27.6179 -18.091 98.35 0 0 0 -0.000567814
 4 -0.860204 -0.305115 3.92981 1.82561 -2.47179 -0.0320685 5 -1.08393 -0.544643 3.8468 3.10207 3.85751e-06 -0.115474 99.6685 3.33851 0 0 0 27.4088 25.383 96.7249 0 0 0 0.00080573
 4 -0.860204 -0.305115 3.92981 1.82561 -2.47179 -0.0320685 5 -1.08393 -0.544643 3.8468 3.10207 3.85751e-06 -0.115474 99.6685 3.33851 0 0 0 27.4088 25.383 96.7249 0 0 0 0.00080573
 4 -0.845463 -0.27811 3.6849 -1.72006 1.97736 -0.48747 5 -1.08393 -0.544643 3.8468 3.10207 3.85751e-06 -0.115474 100.473 2.49314 0 0 0 27.6302 17.6395 98.432 0 0 0 0.000553263
 4 -0.845463 -0.27811 3.6849 -1.72006 1.97736 -0.48747 5 -1.08393 -0.544643 3.8468 3.10207 3.85751e-06 -0.115474 100.473 2.49314 0 0 0 27.6302 17.6395 98.432 0 0 0 0.000553263
 4 -0.959547 -0.29065 3.72184 2.41285 -1.71229 -0.105162 5 -1.08393 -0.544643 3.8468 3.10207 3.85751e-06 -0.115474 98.8747 -3.88624 0 0 0 27.1906 -29.7877 95.4603 0 0 0 -0.000943544
 4 -0.959547 -0.29065 3.72184 2.41285 -1.71229 -0.105162 5 -1.08393 -0.544643 3.8468 3.10207 3.85751e-06 -0.115474 98.8747 -3.88624 0 0 0 27.1906 -29.7877 95.4603 0 0 0 -0.000943544
 4 -0.88776 -0.277727 3.70584 2.2128 -2.13906 -0.26539 5 -1.08393 -0.544643 3.8468 3.10207 3.85751e-06 -0.115474 101.135 -1.20518 0 0 0 27.8122 -10.01 99.4978 0 0 0 -0.000311455
 4 -0.88776 -0.277727 3.70584 2.2128 -2.13906 -0.26539 5 -1.08393 -0.544643 3.8468 3.10207 3.85751e-06 -0.115474 101.135 -1.20518 0 0 0 27.8122 -10.01 99.4978 0 0 0 -0.000311455
 4 -0.852852 -0.308791 3.92934 1.82566 -2.47186 -0.031282 5 -1.08393 -0.544643 3.8468 3.10207 3.85751e-06 -0.115474 98.7561 3.95178 0 0 0 27.1579 30.722 95.1637 0 0 0 0.000971957
 4 -0.852852 -0.308791 3.92934 1.82566 -2.47186 -0.031282 5 -1.08393 -0.544643 3.8468 3.10207 3.85751e-06 -0.115474 98.7561 3.95178 0 0 0 27.1579 30.722 95.1637 0 0 0 0.000971957
 4 -0.959547 -0.29065 3.72184 2.41285 -1.71229 -0.105162 5 -1.08393 -0.544643 3.8468 3.10207 3.85751e-06 -0.115474 98.8581 -3.89561 0 0 0 27.186 -29.8918 95.4278 0 0 0 -0.000946767
 4 -0.959547 -0.29065 3.72184 2.41285 -1.71229 -0.105162 5 -1.08393 -0.544643 3.8468 3.10207 3.85751e-06 -0.115474 98.8581 -3.89561 0 0 0 27.186 -29.8918 95.4278 0 0 0 -0.000946767
 4 -0.898214 -0.2875 3.82265 2.17472 -2.17471 -0.0520483 5 -1.08393 -0.544643 3.8468 3.10207 3.85751e-06 -0.115474 101.316 -0.201076 0 0 0 27.8618 0.230394 99.9998 0 0 0 1.27269e-05
 4 -0.898214 -0.2875 3.82265 2.17472 -2.17471 -0.0520483 5 -1.08393 -0.544643 3.8468 3.10207 3.85751e-06 -0.115474 101.316 -0.201076 0 0 0 27.8618 0.230394 99.9998 0 0 0 1.27269e-05
 4 -0.812863 -0.29344 3.74554 -1.47319 2.02588 -0.272792 5 -1.08393 -0.544643 3.8468 3.10207 3.85751e-06 -0.115474 98.7411 3.95974 0 0 0 27.1538 30.6298 95.1935 0 0 0 0.000969203
 4 -0.812863 -0.29344 3.74554 -1.47319 2.02588 -0.272792 5 -1.08393 -0.544643 3.8468 3.10207 3.85751e-06 -0.115474 98.7411 3.95974 0 0 0 27.1538 30.6298 95.1935 0 0 0 0.000969203
 4 -0.889762 -0.28059 3.73248 -1.84499 1.77999 -0.176218 5 -1.08393 -0.544643 3.8468 3.10207 3.85751e-06 -0.115474 101.22 0.889442 0 0 0 27.8356 6.18226 99.8088 0 0 0 0.000189987
 4 -0.889762 -0.28059 3.73248 -1.84499 1.77999 -0.176218 5 -1.08393 -0.544643 3.8468 3.10207 3.85751e-06 -0.115474 101.22 0.889442 0 0 0 27.8356 6.18226 99.8088 0 0 0 0.000189987
 4 -0.971382 -0.293546 3.78148 -2.22353 1.66494 -0.528243 5 -1.08393 -0.544643 3.8468 3.10207 3.85751e-06 -0.115474 98.7447 -3.95799 0 0 0 27.1548 -30.6404 95.1901 0 0 0 -0.00096856
 4 -0.971382 -0.293546 3.78148 -2.22353 1.66494 -0.528243 5 -1.08393 -0.544643 3.8468 3.10207 3.85751e-06 -0.115474 98.7447 -3.95799 0 0 0 27.1548 -30.6404 95.1901 0 0 0 -0.00096856
 4 -0.863924 -0.289474 3.79959 -1.68182 2.01426 -0.470543 5 -1.08393 -0.544643 3.8468 3.10207 3.85751e-06 -0.115474 101.123 1.24376 0 0 0 27.8087 9.94757 99.5041 0 0 0 0.000319725
 4 -0.863924 -0.289474 3.79959 -1.68182 2.01426 -0.470543 5 -1.08393 -0.544643 3.8468 3.10207 3.85751e-06 -0.115474 101.123 1.24376 0 0 0 27.8087 9.94757 99.5041 0 0 0 0.000319725
 4 -0.798343 -0.285792 3.65868 1.79425 -2.3442 -0.114869 5 -1.08393 -0.544643 3.8468 3.10207 3.85751e-06 -0.115474 98.9985 3.81331 0 0 0 27.2246 29.6298 95.5095 0 0 0 0.000935493
 4 -0.798343 -0.285792 3.65868 1.79425 -2.3442 -0.114869 5 -1.08393 -0.544643 3.8468 3.10207 3.85751e-06 -0.115474 98.9985 3.81331 0 0 0 27.2246 29.6298 95.5095 0 0 0 0.000935493
 4 -0.94666 -0.290085 3.84925 -1.94433 1.67997 -0.223418 5 -1.08393 -0.544643 3.8468 3.10207 3.85751e-06 -0.115474 101.244 -0.776456 0 0 0 27.8422 -6.61121 99.7813 0 0 0 -0.000214599
 4 -0.94666 -0.290085 3.84925 -1.94433 1.67997 -0.223418 5 -1.08393 -0.544643 3.8468 3.10207 3.85751e-06 -0.115474 101.244 -0.776456 0 0 0 27.8422 -6.61121 99.7813 0 0 0 -0.000214599
 4 -0.946156 -0.286866 3.70637 2.89124 -2.2739 0.709622 5 -1.08393 -0.544643 3.8468 3.10207 3.85751e-06 -0.115474 98.895 -3.87444 0 0 0 27.1961 -30.1459 95.3478 0 0 0 -0.000952386
 4 -0.946156 -0.286866 3.70637 2.89124 -2.2739 0.709622 5 -1.08393 -0.544643 3.8468 3.10207 3.85751e-06 -0.115474 98.895 -3.87444 0 0 0 27.1961 -30.1459 95.3478 0 0 0 -0.000952386
 4 -0.87151 -0.284611 3.78282 2.01399 -2.32214 -0.0437345 5 -1.08393 -0.544643 3.8468 3.10207 3.85751e-06 -0.115474 101.278 0.578017 0 0 0 27.8515 3.72218 99.9308 0 0 0 0.000123114
 4 -0.87151 -0.284611 3.78282 2.01399 -2.32214 -0.0437345 5 -1.08393 -0.544643 3.8468 3.10207 3.85751e-06 -0.115474 101.278 0.578017 0 0 0 27.8515 3.72218 99.9308 0 0 0 0.000123114
 4 -0.836407 -0.296973 3.8255 -1.54957 2.01518 -0.0535243 5 -1.08393 -0.544643 3.8468 3.10207 3.85751e-06 -0.115474 98.7406 3.95987 0 0 0 27.1537 30.6678 95.1812 0 0 0 0.000969265
 4 -0.836407 -0.296973 3.8255 -1.54957 2.01518 -0.0535243 5 -1.08393 -0.544643 3.8468 3.10207 3.85751e-06 -0.115474 98.7406 3.95987 0 0 0 27.1537 30.6678 95.1812 0 0 0 0.000969265
 4 -0.926316 -0.285993 3.8055 2.62746 -2.35023 0.799781 5 -1.08393 -0.544643 3.8468 3.10207 3.85751e-06 -0.115474 101.316 -0.195244 0 0 0 27.8618 -1.13444 99.9937 0 0 0 -4.15253e-05
 4 -0.926316 -0.285993 3.8055 2.62746 -2.35023 0.799781 5 -1.08393 -0.544643 3.8468 3.10207 3.85751e-06 -0.115474 101.316 -0.195244 0 0 0 27.8618 -1.13444 99.9937 0 0 0 -4.15253e-05
 4 -0.959547 -0.29065 3.72184 2.41285 -1.71229 -0.105162 5 -1.08393 -0.544643 3.8468 3.10207 3.85751e-06 -0.115474 98.7142 -3.9741 0 0 0 27.1464 -30.8074 95.1361 0 0 0 -0.000974284
 4 -0.959547 -0.29065 3.72184 2.41285 -1.71229 -0.105162 5 -1.08393 -0.544643 3.8468 3.10207 3.85751e-06 -0.115474 98.7142 -3.9741 0 0 0 27.1464 -30.8074 95.1361 0 0 0 -0.000974284
 4 -0.856342 -0.275996 3.68081 -1.68168 1.72542 -0.524001 5 -1.08393 -0.544643 3.8468 3.10207 3.85751e-06 -0.115474 101.315 0.201523 0 0 0 27.8617 1.18271 99.9931 0 0 0 4.284e-05
 4 -0.856342 -0.275996 3.68081 -1.68168 1.72542 -0.524001 5 -1.08393 -0.544643 3.8468 3.10207 3.85751e-06 -0.115474 101.315 0.201523 0 0 0 27.8617 1.18271 99.9931 0 0 0 4.284e-05
 4 -0.812863 -0.29344 3.74554 -1.47319 2.02588 -0.272792 5 -1.08393 -0.544643 3.8468 3.10207 3.85751e-06 -0.115474 98.7131 3.97446 0 0 0 27.1461 30.7166 95.1655 0 0 0 0.00097179
 4 -0.812863 -0.29344 3.74554 -1.47319 2.02588 -0.272792 5 -1.08393 -0.544643 3.8468 3.10207 3.85751e-06 -0.115474 98.7131 3.97446 0 0 0 27.1461 30.7166 95.1655 0 0 0 0.00097179
 4 -0.915523 -0.284988 3.81448 2.25149 -2.0964 -0.0569284 5 -1.08393 -0.544643 3.8468 3.10207 3.85751e-06 -0.115474 101.283 0.546955 0 0 0 27.8527 3.85988 99.9256 0 0 0 0.000116467
 4 -0.915523 -0.284988 3.81448 2.25149 -2.0964 -0.0569284 5 -1.08393 -0.544643 3.8468 3.10207 3.85751e-06 -0.115474 101.283 0.546955 0 0 0 27.8527 3.85988 99.9256 0 0 0 0.000116467
 4 -0.971571 -0.294016 3.76519 2.49648 -1.79875 -0.0792493 5 -1.08393 -0.544643 3.8468 3.10207 3.85751e-06 -0.115474 98.8525 -3.89845 0 0 0 27.1844 -29.9248 95.4174 0 0 0 -0.000947783
 4 -0.971571 -0.294016 3.76519 2.49648 -1.79875 -0.0792493 5 -1.08393 -0.544643 3.8468 3.10207 3.85751e-06 -0.115474 98.8525 -3.89845 0 0 0 27.1844 -29.9248 95.4174 0 0 0 -0.000947783
 4 -0.915523 -0.284988 3.81448 2.25149 -2.0964 -0.0569284 5 -1.08393 -0.544643 3.8468 3.10207 3.85751e-06 -0.115474 101.174 -1.07256 0 0 0 27.8228 -7.42812 99.7238 0 0 0 -0.000229655
 4 -0.915523 -0.284988 3.81448 2.25149 -2.0964 -0.0569284 5 -1.08393 -0.544643 3.8468 3.10207 3.85751e-06 -0.115474 101.174 -1.07256 0 0 0 27.8228 -7.42812 99.7238 0 0 0 -0.000229655
 4 -0.812863 -0.29344 3.74554 -1.47319 2.02588 -0.272792 5 -1.08393 -0.544643 3.8468 3.10207 3.85751e-06 -0.115474 98.7751 3.94108 0 0 0 27.1632 30.4142 95.2626 0 0 0 0.000962647
 4 -0.812863 -0.29344 3.74554 -1.47319 2.02588 -0.272792 5 -1.08393 -0.544643 3.8468 3.10207 3.85751e-06 -0.115474 98.7751 3.94108 0 0 0 27.1632 30.4142 95.2626 0 0 0 0.000962647
 4 -0.905357 -0.2875 3.82323 2.17461 -2.17461 -0.052454 5 -1.08393 -0.544643 3.8468 3.10207 3.85751e-06 -0.115474 101.297 0.431405 0 0 0 27.8566 3.08029 99.9527 0 0 0 9.17951e-05
 4 -0.905357 -0.2875 3.82323 2.17461 -2.17461 -0.052454 5 -1.08393 -0.544643 3.8468 3.10207 3.85751e-06 -0.115474 101.297 0.431405 0 0 0 27.8566 3.08029 99.9527 0 0 0 9.17951e-05
 4 -0.936496 -0.28359 3.64207 -2.66209 1.97718 0.120164 5 -1.08393 -0.544643 3.8468 3.10207 3.85751e-06 -0.115474 98.7122 -3.97505 0 0 0 27.1459 -30.8151 95.1336 0 0 0 -0.000974675
 4 -0.936496 -0.28359 3.64207 -2.66209 1.97718 0.120164 5 -1.08393 -0.544643 3.8468 3.10207 3.85751e-06 -0.115474 98.7122 -3.97505 0 0 0 27.1459 -30.8151 95.1336 0 0 0 -0.000974675
 4 -0.854784 -0.27748 3.68813 1.92651 -2.17468 0.0254663 5 -1.08393 -0.544643 3.8468 3.10207 3.85751e-06 -0.115474 101.29 0.485672 0 0 0 27.8549 3.09786 99.9521 0 0 0 0.000103382
 4 -0.854784 -0.27748 3.68813 1.92651 -2.17468 0.0254663 5 -1.08393 -0.544643 3.8468 3.10207 3.85751e-06 -0.115474 101.29 0.485672 0 0 0 27.8549 3.09786 99.9521 0 0 0 0.000103382
 4 -0.804244 -0.288193 3.68959 1.79959 -2.37097 -0.275335 5 -1.08393 -0.544643 3.8468 3.10207 3.85751e-06 -0.115474 98.7392 3.96043 0 0 0 27.1533 30.6745 95.1791 0 0 0 0.000969493
 4 -0.804244 -0.288193 3.68959 1.79959 -2.37097 -0.275335 5 -1.08393 -0.544643 3.8468 3.10207 3.85751e-06 -0.115474 98.7392 3.96043 0 0 0 27.1533 30.6745 95.1791 0 0 0 0.000969493
 4 -0.928075 -0.28461 3.7874 2.3247 -2.0162 -0.061391 5 -1.08393 -0.544643 3.8468 3.10207 3.85751e-06 -0.115474 101.29 -0.491648 0 0 0 27.8547 -3.13222 99.951 0 0 0 -0.000104679
 4 -0.928075 -0.28461 3.7874 2.3247 -2.0162 -0.061391 5 -1.08393 -0.544643 3.8468 3.10207 3.85751e-06 -0.115474 101.29 -0.491648 0 0 0 27.8547 -3.13222 99.951 0 0 0 -0.000104679
 4 -0.967831 -0.293539 3.78109 -2.22515 1.66616 -0.526602 5 -1.08393 -0.544643 3.8468 3.10207 3.85751e-06 -0.115474 98.9019 -3.87019 0 0 0 27.198 -30.1101 95.3591 0 0 0 -0.000951229
 4 -0.967831 -0.293539 3.78109 -2.22515 1.66616 -0.526602 5 -1.08393 -0.544643 3.8468 3.10207 3.85751e-06 -0.115474 98.9019 -3.87019 0 0 0 27.198 -30.1101 95.3591 0 0 0 -0.000951229
 4 -0.864115 -0.288359 3.79616 1.91252 -2.29076 0.134162 5 -1.08393 -0.544643 3.8468 3.10207 3.85751e-06 -0.115474 100.902 1.7895 0 0 0 27.7479 12.1251 99.2623 0 0 0 0.000388431
 4 -0.864115 -0.288359 3.79616 1.91252 -2.29076 0.134162 5 -1.08393 -0.544643 3.8468 3.10207 3.85751e-06 -0.115474 100.902 1.7895 0 0 0 27.7479 12.1251 99.2623 0 0 0 0.000388431
 4 -0.833271 -0.287677 3.75141 1.87719 -2.30515 -0.275378 5 -1.08393 -0.544643 3.8468 3.10207 3.85751e-06 -0.115474 99.4616 3.50113 0 0 0 27.3519 26.0628 96.5439 0 0 0 0.000821275
 4 -0.833271 -0.287677 3.75141 1.87719 -2.30515 -0.275378 5 -1.08393 -0.544643 3.8468 3.10207 3.85751e-06 -0.115474 99.4616 3.50113 0 0 0 27.3519 26.0628 96.5439 0 0 0 0.000821275
 4 -0.940947 -0.284626 3.69916 2.7734 -2.14879 0.871151 5 -1.08393 -0.544643 3.8468 3.10207 3.85751e-06 -0.115474 99.8411 -3.188 0 0 0 27.4563 -21.8507 97.5835 0 0 0 -0.000694992
 4 -0.940947 -0.284626 3.69916 2.7734 -2.14879 0.871151 5 -1.08393 -0.544643 3.8468 3.10207 3.85751e-06 -0.115474 99.8411 -3.188 0 0 0 27.4563 -21.8507 97.5835 0 0 0 -0.000694992
 4 -0.901765 -0.276214 3.6426 2.2818 -1.89642 -0.254758 5 -1.08393 -0.544643 3.8468 3.10207 3.85751e-06 -0.115474 100.173 -2.85677 0 0 0 27.5476 -20.4948 97.8773 0 0 0 -0.000644195
 4 -0.901765 -0.276214 3.6426 2.2818 -1.89642 -0.254758 5 -1.08393 -0.544643 3.8468 3.10207 3.85751e-06 -0.115474 100.173 -2.85677 0 0 0 27.5476 -20.4948 97.8773 0 0 0 -0.000644195
 4 -0.805279 -0.286741 3.67123 1.85053 -2.4533 -0.0330478 5 -1.08393 -0.544643 3.8468 3.10207 3.85751e-06 -0.115474 99.6116 3.38425 0 0 0 27.3932 24.7901 96.8785 0 0 0 0.000787127
 4 -0.805279 -0.286741 3.67123 1.85053 -2.4533 -0.0330478 5 -1.08393 -0.544643 3.8468 3.10207 3.85751e-06 -0.115474 99.6116 3.38425 0 0 0 27.3932 24.7901 96.8785 0 0 0 0.000787127
 4 -0.900717 -0.297171 3.93705 -2.1396 2.3886 0.0572619 5 -1.08393 -0.544643 3.8468 3.10207 3.85751e-06 -0.115474 100.349 2.65238 0 0 0 27.5959 18.8747 98.2026 0 0 0 0.0005925
 4 -0.900717 -0.297171 3.93705 -2.1396 2.3886 0.0572619 5 -1.08393 -0.544643 3.8468 3.10207 3.85751e-06 -0.115474 100.349 2.65238 0 0 0 27.5959 18.8747 98.2026 0 0 0 0.0005925
 4 -0.943789 -0.286562 3.68018 2.38333 -1.76916 -0.253201 5 -1.08393 -0.544643 3.8468 3.10207 3.85751e-06 -0.115474 99.7485 -3.26997 0 0 0 27.4308 -24.807 96.8742 0 0 0 -0.000787861
 4 -0.943789 -0.286562 3.68018 2.38333 -1.76916 -0.253201 5 -1.08393 -0.544643 3.8468 3.10207 3.85751e-06 -0.115474 99.7485 -3.26997 0 0 0 27.4308 -24.807 96.8742 0 0 0 -0.000787861
 4 -0.931615 -0.286242 3.76373 2.81119 -2.3795 0.672952 5 -1.08393 -0.544643 3.8468 3.10207 3.85751e-06 -0.115474 100.324 -2.68294 0 0 0 27.5891 -20.4337 97.8901 0 0 0 -0.000642252
 4 -0.931615 -0.286242 3.76373 2.81119 -2.3795 0.672952 5 -1.08393 -0.544643 3.8468 3.10207 3.85751e-06 -0.115474 100.324 -2.68294 0 0 0 27.5891 -20.4337 97.8901 0 0 0 -0.000642252
 4 -0.860204 -0.305115 3.92981 1.82561 -2.47179 -0.0320685 5 -1.08393 -0.544643 3.8468 3.10207 3.85751e-06 -0.115474 99.8164 3.20993 0 0 0 27.4495 23.2281 97.2648 0 0 0 0.000738079
 4 -0.860204 -0.305115 3.92981 1.82561 -2.47179 -0.0320685 5 -1.08393 -0.544643 3.8468 3.10207 3.85751e-06 -0.115474 99.8164 3.20993 0 0 0 27.4495 23.2281 97.2648 0 0 0 0.000738079
 4 -0.858662 -0.289452 3.79898 2.0192 -2.33478 -0.265651 5 -1.08393 -0.544643 3.8468 3.10207 3.85751e-06 -0.115474 99.8485 3.18094 0 0 0 27.4583 23.2019 97.2711 0 0 0 0.000730105
 4 -0.858662 -0.289452 3.79898 2.0192 -2.33478 -0.265651 5 -1.08393 -0.544643 3.8468 3.10207 3.85751e-06 -0.115474 99.8485 3.18094 0 0 0 27.4583 23.2019 97.2711 0 0 0 0.000730105
 4 -0.9392 -0.283305 3.68196 2.45812 -1.85416 -0.0696439 5 -1.08393 -0.544643 3.8468 3.10207 3.85751e-06 -0.115474 99.7419 -3.27558 0 0 0 27.429 -23.802 97.126 0 0 0 -0.000756311
 4 -0.9392 -0.283305 3.68196 2.45812 -1.85416 -0.0696439 5 -1.08393 -0.544643 3.8468 3.10207 3.85751e-06 -0.115474 99.7419 -3.27558 0 0 0 27.429 -23.802 97.126 0 0 0 -0.000756311
 4 -0.915128 -0.280271 3.7069 2.14964 -1.96751 0.0337954 5 -1.08393 -0.544643 3.8468 3.10207 3.85751e-06 -0.115474 100.158 -2.87347 0 0 0 27.5433 -19.3152 98.1169 0 0 0 -0.000606705
 4 -0.915128 -0.280271 3.7069 2.14964 -1.96751 0.0337954 5 -1.08393 -0.544643 3.8468 3.10207 3.85751e-06 -0.115474 100.158 -2.87347 0 0 0 27.5433 -19.3152 98.1169 0 0 0 -0.000606705
 4 -0.860204 -0.305115 3.92981 1.82561 -2.47179 -0.0320685 5 -1.08393 -0.544643 3.8468 3.10207 3.85751e-06 -0.115474 99.5445 3.43738 0 0 0 27.3747 25.2811 96.7515 0 0 0 0.000802532
 4 -0.860204 -0.305115 3.92981 1.82561 -2.47179 -0.0320685 5 -1.08393 -0.544643 3.8468 3.10207 3.85751e-06 -0.115474 99.5445 3.43738 0 0 0 27.3747 25.2811 96.7515 0 0 0 0.000802532
 4 -0.865989 -0.283096 3.76251 1.94955 -2.21481 -0.112361 5 -1.08393 -0.544643 3.8468 3.10207 3.85751e-06 -0.115474 100.319 2.688 0 0 0 27.5878 17.7686 98.4088 0 0 0 0.000557366
 4 -0.865989 -0.283096 3.76251 1.94955 -2.21481 -0.112361 5 -1.08393 -0.544643 3.8468 3.10207 3.85751e-06 -0.115474 100.319 2.688 0 0 0 27.5878 17.7686 98.4088 0 0 0 0.000557366
 4 -0.971621 -0.295347 3.78216 2.62333 -1.90568 -0.0937346 5 -1.08393 -0.544643 3.8468 3.10207 3.85751e-06 -0.115474 99.5686 -3.41856 0 0 0 27.3814 -26.0528 96.5466 0 0 0 -0.000826931
 4 -0.971621 -0.295347 3.78216 2.62333 -1.90568 -0.0937346 5 -1.08393 -0.544643 3.8468 3.10207 3.85751e-06 -0.115474 99.5686 -3.41856 0 0 0 27.3814 -26.0528 96.5466 0 0 0 -0.000826931
 4 -0.94666 -0.290085 3.84925 -1.94433 1.67997 -0.223418 5 -1.08393 -0.544643 3.8468 3.10207 3.85751e-06 -0.115474 100.294 -2.71814 0 0 0 27.5809 -19.3865 98.1028 0 0 0 -0.000608971
 4 -0.94666 -0.290085 3.84925 -1.94433 1.67997 -0.223418 5 -1.08393 -0.544643 3.8468 3.10207 3.85751e-06 -0.115474 100.294 -2.71814 0 0 0 27.5809 -19.3865 98.1028 0 0 0 -0.000608971
 4 -0.830859 -0.300529 3.82396 1.77336 -2.38551 0.140473 5 -1.08393 -0.544643 3.8468 3.10207 3.85751e-06 -0.115474 99.1589 3.71217 0 0 0 27.2687 27.9528 96.0137 0 0 0 0.000886198
 4 -0.830859 -0.300529 3.82396 1.77336 -2.38551 0.140473 5 -1.08393 -0.544643 3.8468 3.10207 3.85751e-06 -0.115474 99.1589 3.71217 0 0 0 27.2687 27.9528 96.0137 0 0 0 0.000886198
 4 -0.885801 -0.289614 3.83725 1.99453 -2.2241 0.136888 5 -1.08393 -0.544643 3.8468 3.10207 3.85751e-06 -0.115474 100.825 1.93824 0 0 0 27.7269 13.5146 99.0826 0 0 0 0.000422358
 4 -0.885801 -0.289614 3.83725 1.99453 -2.2241 0.136888 5 -1.08393 -0.544643 3.8468 3.10207 3.85751e-06 -0.115474 100.825 1.93824 0 0 0 27.7269 13.5146 99.0826 0 0 0 0.000422358
 4 -0.971571 -0.294016 3.76519 2.49648 -1.79875 -0.0792493 5 -1.08393 -0.544643 3.8468 3.10207 3.85751e-06 -0.115474 99.0641 -3.7726 0 0 0 27.2426 -28.5703 95.8317 0 0 0 -0.000905676
 4 -0.971571 -0.294016 3.76519 2.49648 -1.79875 -0.0792493 5 -1.08393 -0.544643 3.8468 3.10207 3.85751e-06 -0.115474 99.0641 -3.7726 0 0 0 27.2426 -28.5703 95.8317 0 0 0 -0.000905676
 4 -0.998162 -0.308014 4.12346 -2.2162 2.02209 -0.103441 5 -1.08393 -0.544643 3.8468 3.10207 3.85751e-06 -0.115474 100.682 -2.18547 0 0 0 27.6876 -13.7839 99.0455 0 0 0 -0.00043111
 4 -0.998162 -0.308014 4.12346 -2.2162 2.02209 -0.103441 5 -1.08393 -0.544643 3.8468 3.10207 3.85751e-06 -0.115474 100.682 -2.18547 0 0 0 27.6876 -13.7839 99.0455 0 0 0 -0.00043111
 4 -0.812863 -0.29344 3.74554 -1.47319 2.02588 -0.272792 5 -1.08393 -0.544643 3.8468 3.10207 3.85751e-06 -0.115474 98.9533 3.8395 0 0 0 27.2122 29.7706 95.4657 0 0 0 0.000942808
 4 -0.812863 -0.29344 3.74554 -1.47319 2.02588 -0.272792 5 -1.08393 -0.544643 3.8468 3.10207 3.85751e-06 -0.115474 98.9533 3.8395 0 0 0 27.2122 29.7706 95.4657 0 0 0 0.000942808
 4 -0.898214 -0.2875 3.82265 2.17472 -2.17471 -0.0520483 5 -1.08393 -0.544643 3.8468 3.10207 3.85751e-06 -0.115474 100.853 1.88455 0 0 0 27.7347 13.1271 99.1347 0 0 0 0.000410066
 4 -0.898214 -0.2875 3.82265 2.17472 -2.17471 -0.0520483 5 -1.08393 -0.544643 3.8468 3.10207 3.85751e-06 -0.115474 100.853 1.88455 0 0 0 27.7347 13.1271 99.1347 0 0 0 0.000410066
 4 -0.971571 -0.294016 3.76519 2.49648 -1.79875 -0.0792493 5 -1.08393 -0.544643 3.8468 3.10207 3.85751e-06 -0.115474 98.96 -3.83571 0 0 0 27.214 -29.2403 95.6294 0 0 0 -0.000926545
 4 -0.971571 -0.294016 3.76519 2.49648 -1.79875 -0.0792493 5 -1.08393 -0.544643 3.8468 3.10207 3.85751e-06 -0.115474 98.96 -3.83571 0 0 0 27.214 -29.2403 95.6294 0 0 0 -0.000926545
 4 -0.908928 -0.2875 3.82352 2.17456 -2.17455 -0.0526554 5 -1.08393 -0.544643 3.8468 3.10207 3.85751e-06 -0.115474 101.197 -0.983115 0 0 0 27.8291 -6.81589 99.7675 0 0 0 -0.000210266
 4 -0.908928 -0.2875 3.82352 2.17456 -2.17455 -0.0526554 5 -1.08393 -0.544643 3.8468 3.10207 3.85751e-06 -0.115474 101.197 -0.983115 0 0 0 27.8291 -6.81589 99.7675 0 0 0 -0.000210266
 4 -0.849693 -0.306679 3.90256 1.8736 -2.61069 0.263059 5 -1.08393 -0.544643 3.8468 3.10207 3.85751e-06 -0.115474 98.7868 3.93415 0 0 0 27.1664 30.5879 95.2069 0 0 0 0.000967923
 4 -0.849693 -0.306679 3.90256 1.8736 -2.61069 0.263059 5 -1.08393 -0.544643 3.8468 3.10207 3.85751e-06 -0.115474 98.7868 3.93415 0 0 0 27.1664 30.5879 95.2069 0 0 0 0.000967923
 4 -0.88776 -0.277727 3.70584 2.2128 -2.13906 -0.26539 5 -1.08393 -0.544643 3.8468 3.10207 3.85751e-06 -0.115474 101.172 1.07692 0 0 0 27.8223 5.75409 99.8344 0 0 0 0.000176432
 4 -0.88776 -0.277727 3.70584 2.2128 -2.13906 -0.26539 5 -1.08393 -0.544643 3.8468 3.10207 3.85751e-06 -0.115474 101.172 1.07692 0 0 0 27.8223 5.75409 99.8344 0 0 0 0.000176432
 4 -0.971571 -0.294016 3.76519 2.49648 -1.79875 -0.0792493 5 -1.08393 -0.544643 3.8468 3.10207 3.85751e-06 -0.115474 98.8465 -3.90118 0 0 0 27.1828 -29.958 95.407 0 0 0 -0.000948803
 4 -0.971571 -0.294016 3.76519 2.49648 -1.79875 -0.0792493 5 -1.08393 -0.544643 3.8468 3.10207 3.85751e-06 -0.115474 98.8465 -3.90118 0 0 0 27.1828 -29.958 95.407 0 0 0 -0.000948803
 4 -0.905357 -0.2875 3.82323 2.17461 -2.17461 -0.052454 5 -1.08393 -0.544643 3.8468 3.10207 3.85751e-06 -0.115474 101.18 -1.04631 0 0 0 27.8246 -7.24845 99.737 0 0 0 -0.000223966
 4 -0.905357 -0.2875 3.82323 2.17461 -2.17461 -0.052454 5 -1.08393 -0.544643 3.8468 3.10207 3.85751e-06 -0.115474 101.18 -1.04631 0 0 0 27.8246 -7.24845 99.737 0 0 0 -0.000223966
 4 -0.852852 -0.308791 3.92934 1.82566 -2.47186 -0.031282 5 -1.08393 -0.544643 3.8468 3.10207 3.85751e-06 -0.115474 98.9795 3.82377 0 0 0 27.2194 29.1195 95.6663 0 0 0 0.000922587
 4 -0.852852 -0.308791 3.92934 1.82566 -2.47186 -0.031282 5 -1.08393 -0.544643 3.8468 3.10207 3.85751e-06 -0.115474 98.9795 3.82377 0 0 0 27.2194 29.1195 95.6663 0 0 0 0.000922587
 4 -0.88092 -0.285671 3.79744 -1.89687 2.08681 -0.33238 5 -1.08393 -0.544643 3.8468 3.10207 3.85751e-06 -0.115474 100.95 1.68518 0 0 0 27.7613 13.2959 99.1122 0 0 0 0.00041542
 4 -0.88092 -0.285671 3.79744 -1.89687 2.08681 -0.33238 5 -1.08393 -0.544643 3.8468 3.10207 3.85751e-06 -0.115474 100.95 1.68518 0 0 0 27.7613 13.2959 99.1122 0 0 0 0.00041542
 4 -0.939213 -0.28389 3.64609 -2.72781 1.99179 0.306596 5 -1.08393 -0.544643 3.8468 3.10207 3.85751e-06 -0.115474 99.142 -3.72301 0 0 0 27.264 -28.0578 95.9831 0 0 0 -0.000889677
 4 -0.939213 -0.28389 3.64609 -2.72781 1.99179 0.306596 5 -1.08393 -0.544643 3.8468 3.10207 3.85751e-06 -0.115474 99.142 -3.72301 0 0 0 27.264 -28.0578 95.9831 0 0 0 -0.000889677
 4 -0.936248 -0.297575 3.96931 -2.01906 2.0068 -0.369386 5 -1.08393 -0.544643 3.8468 3.10207 3.85751e-06 -0.115474 101.231 -0.834191 0 0 0 27.8386 -5.80045 99.8317 0 0 0 -0.000178112
 4 -0.936248 -0.297575 3.96931 -2.01906 2.0068 -0.369386 5 -1.08393 -0.544643 3.8468 3.10207 3.85751e-06 -0.115474 101.231 -0.834191 0 0 0 27.8386 -5.80045 99.8317 0 0 0 -0.000178112
 4 -0.852852 -0.308791 3.92934 1.82566 -2.47186 -0.031282 5 -1.08393 -0.544643 3.8468 3.10207 3.85751e-06 -0.115474 98.8241 3.91338 0 0 0 27.1766 30.418 95.2614 0 0 0 0.000962754
 4 -0.852852 -0.308791 3.92934 1.82566 -2.47186 -0.031282 5 -1.08393 -0.544643 3.8468 3.10207 3.85751e-06 -0.115474 98.8241 3.91338 0 0 0 27.1766 30.418 95.2614 0 0 0 0.000962754
 4 -0.882033 -0.274357 3.66093 2.14078 -2.03752 -0.11151 5 -1.08393 -0.544643 3.8468 3.10207 3.85751e-06 -0.115474 101.292 0.470116 0 0 0 27.8552 3.34144 99.9443 0 0 0 0.000100061
 4 -0.882033 -0.274357 3.66093 2.14078 -2.03752 -0.11151 5 -1.08393 -0.544643 3.8468 3.10207 3.85751e-06 -0.115474 101.292 0.470116 0 0 0 27.8552 3.34144 99.9443 0 0 0 0.000100061
 4 -0.936496 -0.28359 3.64207 -2.66209 1.97718 0.120164 5 -1.08393 -0.544643 3.8468 3.10207 3.85751e-06 -0.115474 98.7192 -3.97063 0 0 0 27.1478 -30.7594 95.1517 0 0 0 -0.000973191
 4 -0.936496 -0.28359 3.64207 -2.66209 1.97718 0.120164 5 -1.08393 -0.544643 3.8468 3.10207 3.85751e-06 -0.115474 98.7192 -3.97063 0 0 0 27.1478 -30.7594 95.1517 0 0 0 -0.000973191
 4 -0.897163 -0.286556 3.81075 2.26215 -2.28093 -0.323519 5 -1.08393 -0.544643 3.8468 3.10207 3.85751e-06 -0.115474 101.286 -0.51573 0 0 0 27.8536 -3.64319 99.9337 0 0 0 -0.000109823
 4 -0.897163 -0.286556 3.81075 2.26215 -2.28093 -0.323519 5 -1.08393 -0.544643 3.8468 3.10207 3.85751e-06 -0.115474 101.286 -0.51573 0 0 0 27.8536 -3.64319 99.9337 0 0 0 -0.000109823
 4 -0.805279 -0.283307 3.67114 1.85061 -2.4534 -0.0334258 5 -1.08393 -0.544643 3.8468 3.10207 3.85751e-06 -0.115474 98.8427 3.90296 0 0 0 27.1817 30.0616 95.3744 0 0 0 0.000949457
 4 -0.805279 -0.283307 3.67114 1.85061 -2.4534 -0.0334258 5 -1.08393 -0.544643 3.8468 3.10207 3.85751e-06 -0.115474 98.8427 3.90296 0 0 0 27.1817 30.0616 95.3744 0 0 0 0.000949457
 4 -0.903961 -0.277272 3.67861 2.21705 -1.97409 -0.262607 5 -1.08393 -0.544643 3.8468 3.10207 3.85751e-06 -0.115474 101.236 -0.810963 0 0 0 27.8399 -5.29813 99.8597 0 0 0 -0.000173118
 4 -0.903961 -0.277272 3.67861 2.21705 -1.97409 -0.262607 5 -1.08393 -0.544643 3.8468 3.10207 3.85751e-06 -0.115474 101.236 -0.810963 0 0 0 27.8399 -5.29813 99.8597 0 0 0 -0.000173118
 4 -0.936496 -0.28359 3.64207 -2.66209 1.97718 0.120164 5 -1.08393 -0.544643 3.8468 3.10207 3.85751e-06 -0.115474 98.7233 -3.96838 0 0 0 27.1489 -30.7532 95.1537 0 0 0 -0.000972397
 4 -0.936496 -0.28359 3.64207 -2.66209 1.97718 0.120164 5 -1.08393 -0.544643 3.8468 3.10207 3.85751e-06 -0.115474 98.7233 -3.96838 0 0 0 27.1489 -30.7532 95.1537 0 0 0 -0.000972397
 4 -0.869507 -0.283096 3.7628 1.94962 -2.21497 -0.112248 5 -1.08393 -0.544643 3.8468 3.10207 3.85751e-06 -0.115474 101.296 0.432383 0 0 0 27.8563 2.73832 99.9626 0 0 0 9.20161e-05
 4 -0.869507 -0.283096 3.7628 1.94962 -2.21497 -0.112248 5 -1.08393 -0.544643 3.8468 3.10207 3.85751e-06 -0.115474 101.296 0.432383 0 0 0 27.8563 2.73832 99.9626 0 0 0 9.20161e-05
 4 -0.804244 -0.288193 3.68959 1.79959 -2.37097 -0.275335 5 -1.08393 -0.544643 3.8468 3.10207 3.85751e-06 -0.115474 98.7763 3.93961 0 0 0 27.1635 30.4543 95.2498 0 0 0 0.000962239
 4 -0.804244 -0.288193 3.68959 1.79959 -2.37097 -0.275335 5 -1.08393 -0.544643 3.8468 3.10207 3.85751e-06 -0.115474 98.7763 3.93961 0 0 0 27.1635 30.4543 95.2498 0 0 0 0.000962239
 4 -0.975281 -0.294643 3.84055 2.43347 -1.88222 -0.0761026 5 -1.08393 -0.544643 3.8468 3.10207 3.85751e-06 -0.115474 99.2368 -3.66033 0 0 0 27.2901 -27.577 96.1223 0 0 0 -0.000869856
 4 -0.975281 -0.294643 3.84055 2.43347 -1.88222 -0.0761026 5 -1.08393 -0.544643 3.8468 3.10207 3.85751e-06 -0.115474 99.2368 -3.66033 0 0 0 27.2901 -27.577 96.1223 0 0 0 -0.000869856
 4 -0.886324 -0.309183 4.00701 1.91338 -2.40521 -0.0365422 5 -1.08393 -0.544643 3.8468 3.10207 3.85751e-06 -0.115474 100.464 2.50334 0 0 0 27.6276 18.8354 98.2101 0 0 0 0.000599911
 4 -0.886324 -0.309183 4.00701 1.91338 -2.40521 -0.0365422 5 -1.08393 -0.544643 3.8468 3.10207 3.85751e-06 -0.115474 100.464 2.50334 0 0 0 27.6276 18.8354 98.2101 0 0 0 0.000599911
