1.49009e+09 45 0.271527 0.195703 0.0526523 -1.36591 0.128321 0.0457364 1.8024 98.6075 4.17443 0 0 0 27.1171 32.4859 94.5761 0 0 0 0.00102644
1.49009e+09 45 0.271527 0.195703 0.0526523 -1.36591 0.128321 0.0457364 1.8024 98.6075 4.17443 0 0 0 27.1171 32.4859 94.5761 0 0 0 0.00102644
1.49009e+09 45 0.26408 0.22109 -0.151403 -1.56657 0.418479 0.0889245 1.61431 101.21 1.2467 0 0 0 27.8327 8.58879 99.6306 0 0 0 0.000266025
1.49009e+09 45 0.26408 0.22109 -0.151403 -1.56657 0.418479 0.0889245 1.61431 101.21 1.2467 0 0 0 27.8327 8.58879 99.6306 0 0 0 0.000266025
1.49009e+09 45 0.145869 0.203347 0.0135503 -1.86543 0.0762747 0.0611266 1.27641 99.2178 -3.71676 0 0 0 27.2849 -27.8519 96.043 0 0 0 -0.000883459
1.49009e+09 45 0.145869 0.203347 0.0135503 -1.86543 0.0762747 0.0611266 1.27641 99.2178 -3.71676 0 0 0 27.2849 -27.8519 96.043 0 0 0 -0.000883459
1.49009e+09 45 0.203977 0.207383 0.0204668 -1.62318 0.264275 0.0713576 1.56111 101.114 -1.40687 0 0 0 27.8063 -9.71111 99.5274 0 0 0 -0.000301881
1.49009e+09 45 0.203977 0.207383 0.0204668 -1.62318 0.264275 0.0713576 1.56111 101.114 -1.40687 0 0 0 27.8063 -9.71111 99.5274 0 0 0 -0.000301881
1.49009e+09 45 0.264494 0.190609 0.0819701 -1.34216 0.145796 0.0475735 1.80989 99.33 3.62596 0 0 0 27.3157 26.9999 96.286 0 0 0 0.000856521
1.49009e+09 45 0.264494 0.190609 0.0819701 -1.34216 0.145796 0.0475735 1.80989 99.33 3.62596 0 0 0 27.3157 26.9999 96.286 0 0 0 0.000856521
1.49009e+09 45 0.228949 0.199181 0.0959807 -1.48513 0.151837 0.0537829 1.68498 100.365 2.66424 0 0 0 27.6004 17.3761 98.4788 0 0 0 0.000544846
1.49009e+09 45 0.228949 0.199181 0.0959807 -1.48513 0.151837 0.0537829 1.68498 100.365 2.66424 0 0 0 27.6004 17.3761 98.4788 0 0 0 0.000544846
1.49009e+09 45 0.164447 0.206841 -0.00798813 -1.78811 0.109564 0.0607578 1.37554 100.015 -3.04378 0 0 0 27.5043 -20.4828 97.8798 0 0 0 -0.000652018
1.49009e+09 45 0.164447 0.206841 -0.00798813 -1.78811 0.109564 0.0607578 1.37554 100.015 -3.04378 0 0 0 27.5043 -20.4828 97.8798 0 0 0 -0.000652018
1.49009e+09 45 0.205461 0.232946 -0.169639 -1.73467 0.200438 0.0675173 1.45402 100.058 -3.00125 0 0 0 27.5159 -21.6466 97.629 0 0 0 -0.000680768
1.49009e+09 45 0.205461 0.232946 -0.169639 -1.73467 0.200438 0.0675173 1.45402 100.058 -3.00125 0 0 0 27.5159 -21.6466 97.629 0 0 0 -0.000680768
1.49009e+09 45 0.272694 0.207883 -0.0186226 -1.38314 0.14177 0.0485357 1.77926 100.1 2.95542 0 0 0 27.5275 21.0247 97.7648 0 0 0 0.000668857
1.49009e+09 45 0.272694 0.207883 -0.0186226 -1.38314 0.14177 0.0485357 1.77926 100.1 2.95542 0 0 0 27.5275 21.0247 97.7648 0 0 0 0.000668857
1.49009e+09 45 0.261286 0.210979 -0.0485903 -1.4461 0.238637 0.0644249 1.72602 99.9809 3.07479 0 0 0 27.4947 23.4387 97.2143 0 0 0 0.000737592
1.49009e+09 45 0.261286 0.210979 -0.0485903 -1.4461 0.238637 0.0644249 1.72602 99.9809 3.07479 0 0 0 27.4947 23.4387 97.2143 0 0 0 0.000737592
1.49009e+09 45 0.113175 0.173766 0.267293 -1.72376 0.376495 0.082617 1.40019 100.268 -2.76996 0 0 0 27.5737 -20.825 97.8076 0 0 0 -0.000662775
1.49009e+09 45 0.113175 0.173766 0.267293 -1.72376 0.376495 0.082617 1.40019 100.268 -2.76996 0 0 0 27.5737 -20.825 97.8076 0 0 0 -0.000662775
1.49009e+09 45 0.181475 0.233209 -0.142985 -1.74381 0.0801539 0.056387 1.40878 99.4568 -3.52007 0 0 0 27.3506 -26.197 96.5076 0 0 0 -0.000825705
1.49009e+09 45 0.181475 0.233209 -0.142985 -1.74381 0.0801539 0.056387 1.40878 99.4568 -3.52007 0 0 0 27.3506 -26.197 96.5076 0 0 0 -0.000825705
1.49009e+09 45 0.266421 0.208101 -0.0368652 -1.41043 0.456398 0.0937208 1.73122 100.635 2.28483 0 0 0 27.6747 15.7463 98.7525 0 0 0 0.000502645
1.49009e+09 45 0.266421 0.208101 -0.0368652 -1.41043 0.456398 0.0937208 1.73122 100.635 2.28483 0 0 0 27.6747 15.7463 98.7525 0 0 0 0.000502645
1.49009e+09 45 0.277668 0.223199 -0.112889 -1.42045 0.141723 0.0499707 1.74958 99.7829 3.25617 0 0 0 27.4403 22.683 97.3934 0 0 0 0.000713541
1.49009e+09 45 0.277668 0.223199 -0.112889 -1.42045 0.141723 0.0499707 1.74958 99.7829 3.25617 0 0 0 27.4403 22.683 97.3934 0 0 0 0.000713541
1.49009e+09 45 0.18092 0.208178 -0.0288438 -1.73057 0.2819 0.0751607 1.44167 100.497 -2.48248 0 0 0 27.6367 -17.2458 98.5017 0 0 0 -0.000550098
1.49009e+09 45 0.18092 0.208178 -0.0288438 -1.73057 0.2819 0.0751607 1.44167 100.497 -2.48248 0 0 0 27.6367 -17.2458 98.5017 0 0 0 -0.000550098
1.49009e+09 45 0.203271 0.246142 -0.208599 -1.72916 0.114592 0.0588781 1.44822 100.054 -3.00112 0 0 0 27.5147 -20.5084 97.8744 0 0 0 -0.000644588
1.49009e+09 45 0.203271 0.246142 -0.208599 -1.72916 0.114592 0.0588781 1.44822 100.054 -3.00112 0 0 0 27.5147 -20.5084 97.8744 0 0 0 -0.000644588
1.49009e+09 45 0.272694 0.207883 -0.0186226 -1.38314 0.14177 0.0485357 1.77926 99.9024 3.14778 0 0 0 27.4732 22.6564 97.3996 0 0 0 0.000720156
1.49009e+09 45 0.272694 0.207883 -0.0186226 -1.38314 0.14177 0.0485357 1.77926 99.9024 3.14778 0 0 0 27.4732 22.6564 97.3996 0 0 0 0.000720156
1.49009e+09 45 0.24713 0.206924 0.04905 -1.45636 0.330739 0.0777815 1.72319 100.254 2.78517 0 0 0 27.5697 19.9037 97.9992 0 0 0 0.000625159
1.49009e+09 45 0.24713 0.206924 0.04905 -1.45636 0.330739 0.0777815 1.72319 100.254 2.78517 0 0 0 27.5697 19.9037 97.9992 0 0 0 0.000625159
1.49009e+09 45 0.17382 0.21114 -0.0811372 -1.77958 0.290282 0.076747 1.38115 99.7019 -3.32527 0 0 0 27.418 -24.2139 97.0241 0 0 0 -0.00076929
1.49009e+09 45 0.17382 0.21114 -0.0811372 -1.77958 0.290282 0.076747 1.38115 99.7019 -3.32527 0 0 0 27.418 -24.2139 97.0241 0 0 0 -0.00076929
1.49009e+09 45 0.153414 0.174908 0.279817 -1.67036 0.244999 0.0702951 1.51403 100.902 -1.81924 0 0 0 27.7481 -12.6395 99.1981 0 0 0 -0.000394781
1.49009e+09 45 0.153414 0.174908 0.279817 -1.67036 0.244999 0.0702951 1.51403 100.902 -1.81924 0 0 0 27.7481 -12.6395 99.1981 0 0 0 -0.000394781
1.49009e+09 45 0.270149 0.205301 -0.00364643 -1.37116 0.0226368 0.0303169 1.78515 99.5728 3.42995 0 0 0 27.3825 25.1761 96.7789 0 0 0 0.000799289
1.49009e+09 45 0.270149 0.205301 -0.00364643 -1.37116 0.0226368 0.0303169 1.78515 99.5728 3.42995 0 0 0 27.3825 25.1761 96.7789 0 0 0 0.000799289
1.49009e+09 45 0.259203 0.209105 -0.0478736 -1.44606 0.238457 0.064399 1.72605 100.155 2.89433 0 0 0 27.5427 20.7829 97.8165 0 0 0 0.000653108
1.49009e+09 45 0.259203 0.209105 -0.0478736 -1.44606 0.238457 0.064399 1.72605 100.155 2.89433 0 0 0 27.5427 20.7829 97.8165 0 0 0 0.000653108
1.49009e+09 45 0.172526 0.242417 -0.205858 -1.78812 0.0783684 0.058189 1.34976 99.3595 -3.58961 0 0 0 27.3239 -26.6838 96.3741 0 0 0 -0.00084676
1.49009e+09 45 0.172526 0.242417 -0.205858 -1.78812 0.0783684 0.058189 1.34976 99.3595 -3.58961 0 0 0 27.3239 -26.6838 96.3741 0 0 0 -0.00084676
1.49009e+09 45 0.215809 0.243384 -0.152234 -1.60492 -0.0200759 0.0391893 1.56402 100.97 -1.67519 0 0 0 27.7668 -11.6142 99.3233 0 0 0 -0.000362273
1.49009e+09 45 0.215809 0.243384 -0.152234 -1.60492 -0.0200759 0.0391893 1.56402 100.97 -1.67519 0 0 0 27.7668 -11.6142 99.3233 0 0 0 -0.000362273
1.49009e+09 45 0.305623 0.203683 -0.0948579 -1.34534 0.323433 0.0761483 1.81233 99.1548 3.72799 0 0 0 27.2676 28.7508 95.7777 0 0 0 0.000911186
1.49009e+09 45 0.305623 0.203683 -0.0948579 -1.34534 0.323433 0.0761483 1.81233 99.1548 3.72799 0 0 0 27.2676 28.7508 95.7777 0 0 0 0.000911186
1.49009e+09 45 0.263978 0.227844 -0.158206 -1.51032 0.179284 0.0582975 1.67982 100.534 2.43017 0 0 0 27.647 15.661 98.7661 0 0 0 0.000490423
1.49009e+09 45 0.263978 0.227844 -0.158206 -1.51032 0.179284 0.0582975 1.67982 100.534 2.43017 0 0 0 27.647 15.661 98.7661 0 0 0 0.000490423
1.49009e+09 45 0.163022 0.241096 -0.169044 -1.81164 -0.0564726 0.0475159 1.34251 99.3026 -3.6294 0 0 0 27.3082 -27.8642 96.0394 0 0 0 -0.000883699
1.49009e+09 45 0.163022 0.241096 -0.169044 -1.81164 -0.0564726 0.0475159 1.34251 99.3026 -3.6294 0 0 0 27.3082 -27.8642 96.0394 0 0 0 -0.000883699
1.49009e+09 45 0.192245 0.224082 -0.0460941 -1.68366 -0.0343373 0.042301 1.48208 100.711 -2.16498 0 0 0 27.6954 -15.1509 98.8457 0 0 0 -0.000474443
1.49009e+09 45 0.192245 0.224082 -0.0460941 -1.68366 -0.0343373 0.042301 1.48208 100.711 -2.16498 0 0 0 27.6954 -15.1509 98.8457 0 0 0 -0.000474443
1.49009e+09 45 0.292791 0.239184 -0.159213 -1.36432 0.0190718 0.0292173 1.79389 99.2152 3.68836 0 0 0 27.2842 27.6683 96.0961 0 0 0 0.000877372
1.49009e+09 45 0.292791 0.239184 -0.159213 -1.36432 0.0190718 0.0292173 1.79389 99.2152 3.68836 0 0 0 27.2842 27.6683 96.0961 0 0 0 0.000877372
1.49009e+09 45 0.227873 0.197615 0.0890546 -1.49858 0.13127 0.0516208 1.67831 100.557 2.39838 0 0 0 27.6531 18.3345 98.3049 0 0 0 0.000575305
1.49009e+09 45 0.227873 0.197615 0.0890546 -1.49858 0.13127 0.0516208 1.67831 100.557 2.39838 0 0 0 27.6531 18.3345 98.3049 0 0 0 0.000575305
1.49009e+09 45 0.163022 0.241096 -0.169044 -1.81164 -0.0564726 0.0475159 1.34251 99.5131 -3.47621 0 0 0 27.3661 -25.6014 96.6673 0 0 0 -0.000812831
1.49009e+09 45 0.163022 0.241096 -0.169044 -1.81164 -0.0564726 0.0475159 1.34251 99.5131 -3.47621 0 0 0 27.3661 -25.6014 96.6673 0 0 0 -0.000812831
1.49009e+09 45 0.166753 0.20614 0.0758454 -1.6572 0.53804 0.0987341 1.47947 100.221 -2.82134 0 0 0 27.5609 -21.4709 97.6678 0 0 0 -0.000675193
1.49009e+09 45 0.166753 0.20614 0.0758454 -1.6572 0.53804 0.0987341 1.47947 100.221 -2.82134 0 0 0 27.5609 -21.4709 97.6678 0 0 0 -0.000675193
1.49009e+09 45 0.261752 0.188042 0.0823436 -1.34218 0.145412 0.0475141 1.80989 100.037 3.01634 0 0 0 27.5103 21.5384 97.653 0 0 0 0.000685005
1.49009e+09 45 0.261752 0.188042 0.0823436 -1.34218 0.145412 0.0475141 1.80989 100.037 3.01634 0 0 0 27.5103 21.5384 97.653 0 0 0 0.000685005
1.49009e+09 45 0.274914 0.235876 -0.136038 -1.39381 0.00377371 0.0292046 1.7617 99.4793 3.50167 0 0 0 27.3568 25.0637 96.8081 0 0 0 0.000789363
1.49009e+09 45 0.274914 0.235876 -0.136038 -1.39381 0.00377371 0.0292046 1.7617 99.4793 3.50167 0 0 0 27.3568 25.0637 96.8081 0 0 0 0.000789363
1.49009e+09 45 0.155914 0.20049 0.0922958 -1.69172 0.450295 0.0897397 1.44264 100.591 -2.34948 0 0 0 27.6624 -16.2299 98.6742 0 0 0 -0.000518091
1.49009e+09 45 0.155914 0.20049 0.0922958 -1.69172 0.450295 0.0897397 1.44264 100.591 -2.34948 0 0 0 27.6624 -16.2299 98.6742 0 0 0 -0.000518091
1.49009e+09 45 0.161946 0.222122 -0.0677249 -1.80981 0.0957703 0.0605351 1.32775 99.1872 -3.70694 0 0 0 27.2765 -27.9975 96.0007 0 0 0 -0.000883239
1.49009e+09 45 0.161946 0.222122 -0.0677249 -1.80981 0.0957703 0.0605351 1.32775 99.1872 -3.70694 0 0 0 27.2765 -27.9975 96.0007 0 0 0 -0.000883239
1.49009e+09 45 0.279706 0.224998 -0.113132 -1.42044 0.141832 0.049986 1.74958 100.504 2.47157 0 0 0 27.6386 15.6892 98.7616 0 0 0 0.000500842
1.49009e+09 45 0.279706 0.224998 -0.113132 -1.42044 0.141832 0.049986 1.74958 100.504 2.47157 0 0 0 27.6386 15.6892 98.7616 0 0 0 0.000500842
1.49009e+09 45 0.277668 0.223199 -0.112889 -1.42045 0.141723 0.0499707 1.74958 99.4886 3.4946 0 0 0 27.3594 25.97 96.5689 0 0 0 0.000818264
1.49009e+09 45 0.277668 0.223199 -0.112889 -1.42045 0.141723 0.0499707 1.74958 99.4886 3.4946 0 0 0 27.3594 25.97 96.5689 0 0 0 0.000818264
1.49009e+09 45 0.193446 0.259053 -0.205452 -1.73564 -0.0379243 0.0445546 1.4395 101.018 -1.56525 0 0 0 27.7798 -10.5095 99.4463 0 0 0 -0.0003377
1.49009e+09 45 0.193446 0.259053 -0.205452 -1.73564 -0.0379243 0.0445546 1.4395 101.018 -1.56525 0 0 0 27.7798 -10.5095 99.4463 0 0 0 -0.0003377
1.49009e+09 45 0.204846 0.216645 -0.127605 -1.61011 0.618671 0.101035 1.43948 99.4536 -3.52096 0 0 0 27.3497 -26.2089 96.5043 0 0 0 -0.000826093
1.49009e+09 45 0.204846 0.216645 -0.127605 -1.61011 0.618671 0.101035 1.43948 99.4536 -3.52096 0 0 0 27.3497 -26.2089 96.5043 0 0 0 -0.000826093
1.49009e+09 45 0.292791 0.239184 -0.159213 -1.36432 0.0190718 0.0292173 1.79389 99.8265 3.21636 0 0 0 27.4523 24.3579 96.9881 0 0 0 0.000773606
1.49009e+09 45 0.292791 0.239184 -0.159213 -1.36432 0.0190718 0.0292173 1.79389 99.8265 3.21636 0 0 0 27.4523 24.3579 96.9881 0 0 0 0.000773606
1.49009e+09 45 0.250439 0.220629 -0.0860694 -1.50203 0.0949582 0.0469455 1.6865 100.598 2.33836 0 0 0 27.6645 17.8997 98.385 0 0 0 0.000561496
1.49009e+09 45 0.250439 0.220629 -0.0860694 -1.50203 0.0949582 0.0469455 1.6865 100.598 2.33836 0 0 0 27.6645 17.8997 98.385 0 0 0 0.000561496
1.49009e+09 45 0.173811 0.20789 -0.052048 -1.71883 0.662177 0.106632 1.3707 99.6783 -3.34437 0 0 0 27.4115 -24.3877 96.9806 0 0 0 -0.000774744
1.49009e+09 45 0.173811 0.20789 -0.052048 -1.71883 0.662177 0.106632 1.3707 99.6783 -3.34437 0 0 0 27.4115 -24.3877 96.9806 0 0 0 -0.000774744
1.49009e+09 45 0.189412 0.215128 -0.0594124 -1.70754 0.122871 0.0588437 1.47332 100.266 -2.77003 0 0 0 27.5732 -19.7777 98.0247 0 0 0 -0.000621365
1.49009e+09 45 0.189412 0.215128 -0.0594124 -1.70754 0.122871 0.0588437 1.47332 100.266 -2.77003 0 0 0 27.5732 -19.7777 98.0247 0 0 0 -0.000621365
1.49009e+09 45 0.268691 0.204119 -0.00788349 -1.33325 0.298196 0.0702222 1.79011 100.386 2.62514 0 0 0 27.6062 18.3639 98.2994 0 0 0 0.000585105
1.49009e+09 45 0.268691 0.204119 -0.00788349 -1.33325 0.298196 0.0702222 1.79011 100.386 2.62514 0 0 0 27.6062 18.3639 98.2994 0 0 0 0.000585105
1.49009e+09 45 0.274085 0.229295 -0.0993015 -1.40935 0.0234683 0.0326637 1.75543 99.3634 3.58618 0 0 0 27.3249 26.8314 96.3331 0 0 0 0.000845758
1.49009e+09 45 0.274085 0.229295 -0.0993015 -1.40935 0.0234683 0.0326637 1.75543 99.3634 3.58618 0 0 0 27.3249 26.8314 96.3331 0 0 0 0.000845758
1.49009e+09 45 0.18247 0.224805 -0.104711 -1.75784 0.118876 0.0604161 1.41351 100.757 -2.08602 0 0 0 27.7083 -14.2616 98.9779 0 0 0 -0.00045605
1.49009e+09 45 0.18247 0.224805 -0.104711 -1.75784 0.118876 0.0604161 1.41351 100.757 -2.08602 0 0 0 27.7083 -14.2616 98.9779 0 0 0 -0.00045605
1.49009e+09 45 0.167961 0.248514 -0.169466 -1.81154 -0.0572306 0.0474469 1.34258 99.1331 -3.74169 0 0 0 27.2616 -28.3448 95.8987 0 0 0 -0.00089436
1.49009e+09 45 0.167961 0.248514 -0.169466 -1.81154 -0.0572306 0.0474469 1.34258 99.1331 -3.74169 0 0 0 27.2616 -28.3448 95.8987 0 0 0 -0.00089436
1.49009e+09 45 0.24713 0.206924 0.04905 -1.45636 0.330739 0.0777815 1.72319 100.638 2.27815 0 0 0 27.6754 15.6978 98.7603 0 0 0 0.000501115
1.49009e+09 45 0.24713 0.206924 0.04905 -1.45636 0.330739 0.0777815 1.72319 100.638 2.27815 0 0 0 27.6754 15.6978 98.7603 0 0 0 0.000501115
1.49009e+09 45 0.246083 0.211586 -0.0418054 -1.50174 0.378385 0.0834276 1.66588 100.757 2.08586 0 0 0 27.7083 14.5759 98.9321 0 0 0 0.000455991
1.49009e+09 45 0.246083 0.211586 -0.0418054 -1.50174 0.378385 0.0834276 1.66588 100.757 2.08586 0 0 0 27.7083 14.5759 98.9321 0 0 0 0.000455991
1.49009e+09 45 0.232479 0.223616 -0.109612 -1.66873 0.317017 0.078931 1.54575 100.831 -1.95487 0 0 0 27.7286 -15.1653 98.8434 0 0 0 -0.000474902
1.49009e+09 45 0.232479 0.223616 -0.109612 -1.66873 0.317017 0.078931 1.54575 100.831 -1.95487 0 0 0 27.7286 -15.1653 98.8434 0 0 0 -0.000474902
1.49009e+09 45 0.231757 0.240838 -0.160879 -1.62558 0.129719 0.0563829 1.56284 101.28 0.653494 0 0 0 27.852 4.5771 99.8953 0 0 0 0.00013914
1.49009e+09 45 0.231757 0.240838 -0.160879 -1.62558 0.129719 0.0563829 1.56284 101.28 0.653494 0 0 0 27.852 4.5771 99.8953 0 0 0 0.00013914
1.49009e+09 45 0.172565 0.206157 -0.0510565 -1.71824 0.663876 0.10676 1.37086 98.7041 -3.9902 0 0 0 27.1436 -30.9319 95.0957 0 0 0 -0.000978615
1.49009e+09 45 0.172565 0.206157 -0.0510565 -1.71824 0.663876 0.10676 1.37086 98.7041 -3.9902 0 0 0 27.1436 -30.9319 95.0957 0 0 0 -0.000978615
1.49009e+09 45 0.261286 0.210979 -0.0485903 -1.4461 0.238637 0.0644249 1.72602 101.113 1.31265 0 0 0 27.8061 8.74618 99.6169 0 0 0 0.000281832
1.49009e+09 45 0.261286 0.210979 -0.0485903 -1.4461 0.238637 0.0644249 1.72602 101.113 1.31265 0 0 0 27.8061 8.74618 99.6169 0 0 0 0.000281832
1.49009e+09 45 0.279706 0.224998 -0.113132 -1.42044 0.141832 0.049986 1.74958 99.1225 3.74808 0 0 0 27.2587 27.6926 96.0891 0 0 0 0.000873282
1.49009e+09 45 0.279706 0.224998 -0.113132 -1.42044 0.141832 0.049986 1.74958 99.1225 3.74808 0 0 0 27.2587 27.6926 96.0891 0 0 0 0.000873282
1.49009e+09 45 0.155914 0.20049 0.0922958 -1.69172 0.450295 0.0897397 1.44264 100.728 -2.13557 0 0 0 27.7001 -16.1443 98.6883 0 0 0 -0.000515391
1.49009e+09 45 0.155914 0.20049 0.0922958 -1.69172 0.450295 0.0897397 1.44264 100.728 -2.13557 0 0 0 27.7001 -16.1443 98.6883 0 0 0 -0.000515391
1.49009e+09 45 0.193828 0.230753 -0.0591809 -1.71394 -0.0401459 0.043048 1.46445 100.59 -2.34968 0 0 0 27.6623 -16.5279 98.6247 0 0 0 -0.000518148
1.49009e+09 45 0.193828 0.230753 -0.0591809 -1.71394 -0.0401459 0.043048 1.46445 100.59 -2.34968 0 0 0 27.6623 -16.5279 98.6247 0 0 0 -0.000518148
1.49009e+09 45 0.282097 0.205068 -0.0205373 -1.34575 0.232213 0.0612063 1.80488 99.363 3.58616 0 0 0 27.3248 26.6592 96.3809 0 0 0 0.000845784
1.49009e+09 45 0.282097 0.205068 -0.0205373 -1.34575 0.232213 0.0612063 1.80488 99.363 3.58616 0 0 0 27.3248 26.6592 96.3809 0 0 0 0.000845784
1.49009e+09 45 0.234875 0.215049 -0.0352913 -1.53994 0.134612 0.0536407 1.64624 100.608 2.32327 0 0 0 27.6672 14.8257 98.8949 0 0 0 0.000463918
1.49009e+09 45 0.234875 0.215049 -0.0352913 -1.53994 0.134612 0.0536407 1.64624 100.608 2.32327 0 0 0 27.6672 14.8257 98.8949 0 0 0 0.000463918
1.49009e+09 45 0.157939 0.217787 -0.0830504 -1.83424 0.105396 0.0622356 1.31412 98.8669 -3.90143 0 0 0 27.1884 -29.4241 95.573 0 0 0 -0.000932348
1.49009e+09 45 0.157939 0.217787 -0.0830504 -1.83424 0.105396 0.0622356 1.31412 98.8669 -3.90143 0 0 0 27.1884 -29.4241 95.573 0 0 0 -0.000932348
1.49009e+09 45 0.252958 0.244448 -0.164331 -1.50216 0.00771793 0.03597 1.67602 101.333 0.0642876 0 0 0 27.8666 -1.32807 99.9913 0 0 0 -3.6539e-05
1.49009e+09 45 0.252958 0.244448 -0.164331 -1.50216 0.00771793 0.03597 1.67602 101.333 0.0642876 0 0 0 27.8666 -1.32807 99.9913 0 0 0 -3.6539e-05
1.49009e+09 45 0.268691 0.204119 -0.00788349 -1.33325 0.298196 0.0702222 1.79011 99.1241 3.74693 0 0 0 27.2591 28.4051 95.8808 0 0 0 0.000896086
1.49009e+09 45 0.268691 0.204119 -0.00788349 -1.33325 0.298196 0.0702222 1.79011 99.1241 3.74693 0 0 0 27.2591 28.4051 95.8808 0 0 0 0.000896086
1.49009e+09 45 0.128761 0.199584 0.119342 -1.64423 0.627312 0.102062 1.41383 100.288 -2.74405 0 0 0 27.5792 -19.3017 98.1196 0 0 0 -0.000614835
1.49009e+09 45 0.128761 0.199584 0.119342 -1.64423 0.627312 0.102062 1.41383 100.288 -2.74405 0 0 0 27.5792 -19.3017 98.1196 0 0 0 -0.000614835
1.49009e+09 45 0.184471 0.217874 -0.028314 -1.79691 0.420816 0.0900333 1.39339 100.283 -2.74932 0 0 0 27.578 -19.6137 98.0577 0 0 0 -0.000616154
1.49009e+09 45 0.184471 0.217874 -0.028314 -1.79691 0.420816 0.0900333 1.39339 100.283 -2.74932 0 0 0 27.578 -19.6137 98.0577 0 0 0 -0.000616154
1.49009e+09 45 0.292791 0.239184 -0.159213 -1.36432 0.0190718 0.0292173 1.79389 99.3614 3.58721 0 0 0 27.3244 26.6699 96.3779 0 0 0 0.000846116
1.49009e+09 45 0.292791 0.239184 -0.159213 -1.36432 0.0190718 0.0292173 1.79389 99.3614 3.58721 0 0 0 27.3244 26.6699 96.3779 0 0 0 0.000846116
1.49009e+09 45 0.221422 0.217866 -0.0248023 -1.59802 0.131337 0.0554997 1.59039 101.149 1.20143 0 0 0 27.8161 8.31417 99.6539 0 0 0 0.000257482
1.49009e+09 45 0.221422 0.217866 -0.0248023 -1.59802 0.131337 0.0554997 1.59039 101.149 1.20143 0 0 0 27.8161 8.31417 99.6539 0 0 0 0.000257482
1.49009e+09 45 0.163022 0.241096 -0.169044 -1.81164 -0.0564726 0.0475159 1.34251 98.7861 -3.94619 0 0 0 27.1662 -30.4767 95.2426 0 0 0 -0.000963008
1.49009e+09 45 0.163022 0.241096 -0.169044 -1.81164 -0.0564726 0.0475159 1.34251 98.7861 -3.94619 0 0 0 27.1662 -30.4767 95.2426 0 0 0 -0.000963008
1.49009e+09 45 0.243021 0.213209 -0.00825029 -1.50644 0.247188 0.0669006 1.67373 101.226 0.922674 0 0 0 27.837 6.05972 99.8163 0 0 0 0.000196996
1.49009e+09 45 0.243021 0.213209 -0.00825029 -1.50644 0.247188 0.0669006 1.67373 101.226 0.922674 0 0 0 27.837 6.05972 99.8163 0 0 0 0.000196996
1.49009e+09 45 0.261752 0.188042 0.0823436 -1.34218 0.145412 0.0475141 1.80989 98.9442 3.85665 0 0 0 27.2096 29.5313 95.54 0 0 0 0.000932233
1.49009e+09 45 0.261752 0.188042 0.0823436 -1.34218 0.145412 0.0475141 1.80989 98.9442 3.85665 0 0 0 27.2096 29.5313 95.54 0 0 0 0.000932233
1.49009e+09 45 0.18092 0.208178 -0.0288438 -1.73057 0.2819 0.0751607 1.44167 100.594 -2.34322 0 0 0 27.6634 -16.1835 98.6818 0 0 0 -0.000516625
1.49009e+09 45 0.18092 0.208178 -0.0288438 -1.73057 0.2819 0.0751607 1.44167 100.594 -2.34322 0 0 0 27.6634 -16.1835 98.6818 0 0 0 -0.000516625
1.49009e+09 45 0.203271 0.246142 -0.208599 -1.72916 0.114592 0.0588781 1.44822 99.7875 -3.25056 0 0 0 27.4416 -23.7725 97.1332 0 0 0 -0.000748435
1.49009e+09 45 0.203271 0.246142 -0.208599 -1.72916 0.114592 0.0588781 1.44822 99.7875 -3.25056 0 0 0 27.4416 -23.7725 97.1332 0 0 0 -0.000748435
1.49009e+09 45 0.292791 0.239184 -0.159213 -1.36432 0.0190718 0.0292173 1.79389 99.4499 3.52273 0 0 0 27.3487 25.0804 96.8038 0 0 0 0.000796281
1.49009e+09 45 0.292791 0.239184 -0.159213 -1.36432 0.0190718 0.0292173 1.79389 99.4499 3.52273 0 0 0 27.3487 25.0804 96.8038 0 0 0 0.000796281
1.49009e+09 45 0.26408 0.22109 -0.151403 -1.56657 0.418479 0.0889245 1.61431 100.927 1.76553 0 0 0 27.755 12.263 99.2453 0 0 0 0.000382633
1.49009e+09 45 0.26408 0.22109 -0.151403 -1.56657 0.418479 0.0889245 1.61431 100.927 1.76553 0 0 0 27.755 12.263 99.2453 0 0 0 0.000382633
1.49009e+09 45 0.157939 0.217787 -0.0830504 -1.83424 0.105396 0.0622356 1.31412 99.1017 -3.76104 0 0 0 27.253 -28.4072 95.8802 0 0 0 -0.000900659
1.49009e+09 45 0.157939 0.217787 -0.0830504 -1.83424 0.105396 0.0622356 1.31412 99.1017 -3.76104 0 0 0 27.253 -28.4072 95.8802 0 0 0 -0.000900659
1.49009e+09 45 0.27251 0.223644 -0.174409 -1.58312 0.469402 0.0949792 1.59787 101.332 -0.0861682 0 0 0 27.8664 -2.5121 99.9685 0 0 0 -7.39999e-05
1.49009e+09 45 0.27251 0.223644 -0.174409 -1.58312 0.469402 0.0949792 1.59787 101.332 -0.0861682 0 0 0 27.8664 -2.5121 99.9685 0 0 0 -7.39999e-05
1.49009e+09 45 0.295853 0.201959 -0.0671925 -1.30199 0.312692 0.0728468 1.82409 98.7477 3.96653 0 0 0 27.1556 30.7038 95.1696 0 0 0 0.000970237
1.49009e+09 45 0.295853 0.201959 -0.0671925 -1.30199 0.312692 0.0728468 1.82409 98.7477 3.96653 0 0 0 27.1556 30.7038 95.1696 0 0 0 0.000970237
1.49009e+09 45 0.195065 0.227786 -0.0461574 -1.68359 -0.0348703 0.0422452 1.48212 101.33 -0.158878 0 0 0 27.8657 -0.88806 99.9962 0 0 0 -3.37617e-05
1.49009e+09 45 0.195065 0.227786 -0.0461574 -1.68359 -0.0348703 0.0422452 1.48212 101.33 -0.158878 0 0 0 27.8657 -0.88806 99.9962 0 0 0 -3.37617e-05
1.49009e+09 45 0.157958 0.216136 -0.066263 -1.80993 0.0972478 0.0606629 1.32778 98.723 -3.97985 0 0 0 27.1488 -30.8398 95.1256 0 0 0 -0.000974964
1.49009e+09 45 0.157958 0.216136 -0.066263 -1.80993 0.0972478 0.0606629 1.32778 98.723 -3.97985 0 0 0 27.1488 -30.8398 95.1256 0 0 0 -0.000974964
1.49009e+09 45 0.267697 0.231546 -0.159144 -1.51049 0.179294 0.0583045 1.67971 101.324 0.272655 0 0 0 27.864 1.65902 99.9863 0 0 0 5.79263e-05
1.49009e+09 45 0.267697 0.231546 -0.159144 -1.51049 0.179294 0.0583045 1.67971 101.324 0.272655 0 0 0 27.864 1.65902 99.9863 0 0 0 5.79263e-05
1.49009e+09 45 0.277836 0.20825 -0.0202499 -1.4199 0.195338 0.057959 1.77163 98.839 3.91655 0 0 0 27.1807 30.1662 95.3414 0 0 0 0.000952721
1.49009e+09 45 0.277836 0.20825 -0.0202499 -1.4199 0.195338 0.057959 1.77163 98.839 3.91655 0 0 0 27.1807 30.1662 95.3414 0 0 0 0.000952721
1.49009e+09 45 0.197929 0.212381 -0.0475456 -1.58832 0.51972 0.0946801 1.50702 101.092 -1.37085 0 0 0 27.8003 -9.146 99.581 0 0 0 -0.000294662
1.49009e+09 45 0.197929 0.212381 -0.0475456 -1.58832 0.51972 0.0946801 1.50702 101.092 -1.37085 0 0 0 27.8003 -9.146 99.581 0 0 0 -0.000294662
1.49009e+09 45 0.152626 0.200551 0.0381002 -1.73723 0.470693 0.0910969 1.38157 98.9376 -3.86047 0 0 0 27.2078 -29.0144 95.6982 0 0 0 -0.00091583
1.49009e+09 45 0.152626 0.200551 0.0381002 -1.73723 0.470693 0.0910969 1.38157 98.9376 -3.86047 0 0 0 27.2078 -29.0144 95.6982 0 0 0 -0.00091583
1.49009e+09 45 0.266421 0.208101 -0.0368652 -1.41043 0.456398 0.0937208 1.73122 100.878 1.86481 0 0 0 27.7414 11.0348 99.3894 0 0 0 0.000354062
1.49009e+09 45 0.266421 0.208101 -0.0368652 -1.41043 0.456398 0.0937208 1.73122 100.878 1.86481 0 0 0 27.7414 11.0348 99.3894 0 0 0 0.000354062
1.49009e+09 45 0.261752 0.188042 0.0823436 -1.34218 0.145412 0.0475141 1.80989 98.7852 3.94611 0 0 0 27.1659 30.4841 95.2402 0 0 0 0.000963045
1.49009e+09 45 0.261752 0.188042 0.0823436 -1.34218 0.145412 0.0475141 1.80989 98.7852 3.94611 0 0 0 27.1659 30.4841 95.2402 0 0 0 0.000963045
1.49009e+09 45 0.18092 0.208178 -0.0288438 -1.73057 0.2819 0.0751607 1.44167 101.012 -1.57652 0 0 0 27.7782 -12.3817 99.2306 0 0 0 -0.000396763
1.49009e+09 45 0.18092 0.208178 -0.0288438 -1.73057 0.2819 0.0751607 1.44167 101.012 -1.57652 0 0 0 27.7782 -12.3817 99.2306 0 0 0 -0.000396763
1.49009e+09 45 0.162425 0.203628 0.00817408 -1.74057 0.627215 0.105745 1.38438 98.8807 -3.89318 0 0 0 27.1922 -29.9105 95.4219 0 0 0 -0.000944662
1.49009e+09 45 0.162425 0.203628 0.00817408 -1.74057 0.627215 0.105745 1.38438 98.8807 -3.89318 0 0 0 27.1922 -29.9105 95.4219 0 0 0 -0.000944662
1.49009e+09 45 0.289287 0.209946 -0.120548 -1.44165 0.377591 0.0843597 1.73356 101.1 1.34707 0 0 0 27.8026 10.6521 99.4311 0 0 0 0.000341987
1.49009e+09 45 0.289287 0.209946 -0.120548 -1.44165 0.377591 0.0843597 1.73356 101.1 1.34707 0 0 0 27.8026 10.6521 99.4311 0 0 0 0.000341987
1.49009e+09 45 0.277668 0.223199 -0.112889 -1.42045 0.141723 0.0499707 1.74958 99.6144 3.3954 0 0 0 27.394 26.0351 96.5514 0 0 0 0.000820345
1.49009e+09 45 0.277668 0.223199 -0.112889 -1.42045 0.141723 0.0499707 1.74958 99.6144 3.3954 0 0 0 27.394 26.0351 96.5514 0 0 0 0.000820345
1.49009e+09 45 0.167961 0.248514 -0.169466 -1.81154 -0.0572306 0.0474469 1.34258 99.8583 -3.18667 0 0 0 27.461 -22.9907 97.3212 0 0 0 -0.000730863
1.49009e+09 45 0.167961 0.248514 -0.169466 -1.81154 -0.0572306 0.0474469 1.34258 99.8583 -3.18667 0 0 0 27.461 -22.9907 97.3212 0 0 0 -0.000730863
1.49009e+09 45 0.187897 0.210814 0.00827022 -1.74901 0.379296 0.0860821 1.45422 100.402 -2.60395 0 0 0 27.6106 -18.4728 98.279 0 0 0 -0.000579909
1.49009e+09 45 0.187897 0.210814 0.00827022 -1.74901 0.379296 0.0860821 1.45422 100.402 -2.60395 0 0 0 27.6106 -18.4728 98.279 0 0 0 -0.000579909
1.49009e+09 45 0.272811 0.208479 -0.0144138 -1.37562 0.138786 0.0478132 1.78094 99.8096 3.23026 0 0 0 27.4476 23.3788 97.2288 0 0 0 0.000742851
1.49009e+09 45 0.272811 0.208479 -0.0144138 -1.37562 0.138786 0.0478132 1.78094 99.8096 3.23026 0 0 0 27.4476 23.3788 97.2288 0 0 0 0.000742851
1.49009e+09 45 0.259962 0.207897 -0.0735273 -1.50092 0.410919 0.0886694 1.68093 100.85 1.9175 0 0 0 27.7338 13.3531 99.1045 0 0 0 0.000417204
1.49009e+09 45 0.259962 0.207897 -0.0735273 -1.50092 0.410919 0.0886694 1.68093 100.85 1.9175 0 0 0 27.7338 13.3531 99.1045 0 0 0 0.000417204
1.49009e+09 45 0.172526 0.242417 -0.205858 -1.78812 0.0783684 0.058189 1.34976 99.3415 -3.60088 0 0 0 27.3189 -26.798 96.3424 0 0 0 -0.00085033
1.49009e+09 45 0.172526 0.242417 -0.205858 -1.78812 0.0783684 0.058189 1.34976 99.3415 -3.60088 0 0 0 27.3189 -26.798 96.3424 0 0 0 -0.00085033
1.49009e+09 45 0.305623 0.203683 -0.0948579 -1.34534 0.323433 0.0761483 1.81233 98.8983 3.88269 0 0 0 27.197 29.7131 95.4836 0 0 0 0.000941124
1.49009e+09 45 0.305623 0.203683 -0.0948579 -1.34534 0.323433 0.0761483 1.81233 98.8983 3.88269 0 0 0 27.197 29.7131 95.4836 0 0 0 0.000941124
1.49009e+09 45 0.221422 0.217866 -0.0248023 -1.59802 0.131337 0.0554997 1.59039 101.192 1.05342 0 0 0 27.8277 9.16209 99.5795 0 0 0 0.000284347
1.49009e+09 45 0.221422 0.217866 -0.0248023 -1.59802 0.131337 0.0554997 1.59039 101.192 1.05342 0 0 0 27.8277 9.16209 99.5795 0 0 0 0.000284347
1.49009e+09 45 0.181797 0.214078 -0.026221 -1.79606 0.425085 0.0904034 1.39358 0.45334 -0.0759875 0 0 0 0.124668 3.94772e-08 3.69301e-05 0 0 0 3.11894e-12
1.49009e+09 45 0.181797 0.214078 -0.026221 -1.79606 0.425085 0.0904034 1.39358 0.45334 -0.0759875 0 0 0 0.124668 3.94772e-08 3.69301e-05 0 0 0 3.11894e-12
1.49009e+09 45 0.328923 0.165634 0.0774997 -1.02441 0.157758 0.0378094 2.00564 0.347702 0.300657 0 0 0 0.0956182 3.95026e-08 3.69302e-05 0 0 0 1.0814e-11
1.49009e+09 45 0.328923 0.165634 0.0774997 -1.02441 0.157758 0.0378094 2.00564 0.347702 0.300657 0 0 0 0.0956182 3.95026e-08 3.69302e-05 0 0 0 1.0814e-11
1.49009e+09 45 0.303188 0.181991 0.0683324 -1.21637 0.090322 0.0324504 1.90477 0.151187 0.0789458 0 0 0 0.0415765 -8.18303e-09 1.37029e-05 0 0 0 1.11279e-13
1.49009e+09 45 0.303188 0.181991 0.0683324 -1.21637 0.090322 0.0324504 1.90477 0.151187 0.0789458 0 0 0 0.0415765 -8.18303e-09 1.37029e-05 0 0 0 1.11279e-13
1.49009e+09 45 0.253729 0.222282 -0.0515635 -1.46886 0.0129016 0.0346938 1.70549 0.168672 0.0252945 0 0 0 0.0463848 -8.18462e-09 1.37029e-05 0 0 0 -3.9349e-13
1.49009e+09 45 0.253729 0.222282 -0.0515635 -1.46886 0.0129016 0.0346938 1.70549 0.168672 0.0252945 0 0 0 0.0463848 -8.18462e-09 1.37029e-05 0 0 0 -3.9349e-13
1.49009e+09 45 0.157939 0.217787 -0.0830504 -1.83424 0.105396 0.0622356 1.31412 0.00860129 0.0211335 0 0 0 0.00232191 -1.07103e-06 1.86603e-06 0 0 0 -4.62776e-07
1.49009e+09 45 0.157939 0.217787 -0.0830504 -1.83424 0.105396 0.0622356 1.31412 0.00860129 0.0211335 0 0 0 0.00232191 -1.07103e-06 1.86603e-06 0 0 0 -4.62776e-07
1.49009e+09 45 0.219738 0.215979 -0.0245622 -1.59803 0.131203 0.0554844 1.59039 0.0583782 0.00123713 0 0 0 0.016054 1.88809e-09 4.69125e-06 0 0 0 -7.00871e-15
1.49009e+09 45 0.219738 0.215979 -0.0245622 -1.59803 0.131203 0.0554844 1.59039 0.0583782 0.00123713 0 0 0 0.016054 1.88809e-09 4.69125e-06 0 0 0 -7.00871e-15
1.49009e+09 45 0.266794 0.192471 0.0817127 -1.34215 0.145896 0.0475889 1.80989 0.0551834 0.0190877 0 0 0 0.0151754 1.56862e-10 4.69125e-06 0 0 0 -4.91887e-14
1.49009e+09 45 0.266794 0.192471 0.0817127 -1.34215 0.145896 0.0475889 1.80989 0.0551834 0.0190877 0 0 0 0.0151754 1.56862e-10 4.69125e-06 0 0 0 -4.91887e-14
