1.49009e+09 45 0.287551 0.206144 -0.146683 -1.43879 0.481995 0.0964995 1.70331  101.320790	 0.008740	 0.000000	 0.000000	 0.000000	 27.863214 -0.113543	 100.000042	 0.000000	 0.000000	 0.000000	 0.000002
1.49009e+09 45 0.287551 0.206144 -0.146683 -1.43879 0.481995 0.0964995 1.70331  101.320790	 0.008740	 0.000000	 0.000000	 0.000000	 27.863214 -0.113543	 100.000042	 0.000000	 0.000000	 0.000000	 0.000002
1.49009e+09 45 0.282097 0.205068 -0.0205373 -1.34575 0.232213 0.0612063 1.80488  98.732501	 3.964508	 0.000000	 0.000000	 0.000000	 27.151440  30.685551	 95.175504	 0.000000	 0.000000	 0.000000	 0.000971
1.49009e+09 45 0.282097 0.205068 -0.0205373 -1.34575 0.232213 0.0612063 1.80488  98.732501	 3.964508	 0.000000	 0.000000	 0.000000	 27.151440  30.685551	 95.175504	 0.000000	 0.000000	 0.000000	 0.000971
1.49009e+09 45 0.204495 0.189283 0.12275 -1.54586 0.149422 0.0556934 1.62989  101.076006	 1.380229	 0.000000	 0.000000	 0.000000	 27.795899  9.559204	 99.542146	 0.000000	 0.000000	 0.000000	 0.000297
1.49009e+09 45 0.204495 0.189283 0.12275 -1.54586 0.149422 0.0556934 1.62989  101.076006	 1.380229	 0.000000	 0.000000	 0.000000	 27.795899  9.559204	 99.542146	 0.000000	 0.000000	 0.000000	 0.000297
1.49009e+09 45 0.172526 0.242417 -0.205858 -1.78812 0.0783684 0.058189 1.34976  99.239863	-3.659654	 0.000000	 0.000000	 0.000000	 27.290964 -27.412706	 96.169285	 0.000000	 0.000000	 0.000000	-0.000870
1.49009e+09 45 0.172526 0.242417 -0.205858 -1.78812 0.0783684 0.058189 1.34976  99.239863	-3.659654	 0.000000	 0.000000	 0.000000	 27.290964 -27.412706	 96.169285	 0.000000	 0.000000	 0.000000	-0.000870
1.49009e+09 45 0.225571 0.255827 -0.215463 -1.66773 0.0489799 0.0492532 1.53225  100.975084	-1.632401	 0.000000	 0.000000	 0.000000	 27.768146 -11.321460	 99.357135	 0.000000	 0.000000	 0.000000	-0.000353
1.49009e+09 45 0.225571 0.255827 -0.215463 -1.66773 0.0489799 0.0492532 1.53225  100.975084	-1.632401	 0.000000	 0.000000	 0.000000	 27.768146 -11.321460	 99.357135	 0.000000	 0.000000	 0.000000	-0.000353
1.49009e+09 45 0.301669 0.227385 -0.175977 -1.3605 0.144795 0.0481212 1.79626  99.647873	 3.355445	 0.000000	 0.000000	 0.000000	 27.403166  23.447997	 97.212078	 0.000000	 0.000000	 0.000000	 0.000745
1.49009e+09 45 0.301669 0.227385 -0.175977 -1.3605 0.144795 0.0481212 1.79626  99.647873	 3.355445	 0.000000	 0.000000	 0.000000	 27.403166  23.447997	 97.212078	 0.000000	 0.000000	 0.000000	 0.000745
1.49009e+09 45 0.246129 0.199884 0.0468591 -1.43724 0.134958 0.0496892 1.73139  99.919382	 3.115940	 0.000000	 0.000000	 0.000000	 27.477830  23.775911	 97.132396	 0.000000	 0.000000	 0.000000	 0.000748
1.49009e+09 45 0.246129 0.199884 0.0468591 -1.43724 0.134958 0.0496892 1.73139  99.919382	 3.115940	 0.000000	 0.000000	 0.000000	 27.477830  23.775911	 97.132396	 0.000000	 0.000000	 0.000000	 0.000748
1.49009e+09 45 0.204846 0.216645 -0.127605 -1.61011 0.618671 0.101035 1.43948  100.713647	-2.135635	 0.000000	 0.000000	 0.000000	 27.696252 -14.643529	 98.922083	 0.000000	 0.000000	 0.000000	-0.000468
1.49009e+09 45 0.204846 0.216645 -0.127605 -1.61011 0.618671 0.101035 1.43948  100.713647	-2.135635	 0.000000	 0.000000	 0.000000	 27.696252 -14.643529	 98.922083	 0.000000	 0.000000	 0.000000	-0.000468
1.49009e+09 45 0.165067 0.207407 -0.00678003 -1.78794 0.119227 0.0616128 1.3762  99.058881	-3.776685	 0.000000	 0.000000	 0.000000	 27.241194 -28.734379	 95.782673	 0.000000	 0.000000	 0.000000	-0.000907
1.49009e+09 45 0.165067 0.207407 -0.00678003 -1.78794 0.119227 0.0616128 1.3762  99.058881	-3.776685	 0.000000	 0.000000	 0.000000	 27.241194 -28.734379	 95.782673	 0.000000	 0.000000	 0.000000	-0.000907
1.49009e+09 45 0.277668 0.223199 -0.112889 -1.42045 0.141723 0.0499707 1.74958  100.581336	 2.341254	 0.000000	 0.000000	 0.000000	 27.659866  16.191501	 98.680518	 0.000000	 0.000000	 0.000000	 0.000517
1.49009e+09 45 0.277668 0.223199 -0.112889 -1.42045 0.141723 0.0499707 1.74958  100.581336	 2.341254	 0.000000	 0.000000	 0.000000	 27.659866  16.191501	 98.680518	 0.000000	 0.000000	 0.000000	 0.000517
1.49009e+09 45 0.278155 0.216765 -0.150235 -1.52954 0.581729 0.107047 1.61686  100.646739	 2.242668	 0.000000	 0.000000	 0.000000	 27.677852  17.070672	 98.532231	 0.000000	 0.000000	 0.000000	 0.000535
1.49009e+09 45 0.278155 0.216765 -0.150235 -1.52954 0.581729 0.107047 1.61686  100.646739	 2.242668	 0.000000	 0.000000	 0.000000	 27.677852  17.070672	 98.532231	 0.000000	 0.000000	 0.000000	 0.000535
1.49009e+09 45 0.159898 0.22879 -0.126509 -1.85864 0.0765619 0.0607831 1.29615  99.287435	-3.627029	 0.000000	 0.000000	 0.000000	 27.304047 -27.088991	 96.260974	 0.000000	 0.000000	 0.000000	-0.000859
1.49009e+09 45 0.159898 0.22879 -0.126509 -1.85864 0.0765619 0.0607831 1.29615  99.287435	-3.627029	 0.000000	 0.000000	 0.000000	 27.304047 -27.088991	 96.260974	 0.000000	 0.000000	 0.000000	-0.000859
1.49009e+09 45 0.205031 0.216236 -0.0268607 -1.50995 0.628381 0.104519 1.54805  100.911926	-1.769459	 0.000000	 0.000000	 0.000000	 27.750778 -12.295019	 99.241358	 0.000000	 0.000000	 0.000000	-0.000384
1.49009e+09 45 0.205031 0.216236 -0.0268607 -1.50995 0.628381 0.104519 1.54805  100.911926	-1.769459	 0.000000	 0.000000	 0.000000	 27.750778 -12.295019	 99.241358	 0.000000	 0.000000	 0.000000	-0.000384
1.49009e+09 45 0.261752 0.188042 0.0823436 -1.34218 0.145412 0.0475141 1.80989  99.593335	 3.399479	 0.000000	 0.000000	 0.000000	 27.388168  24.928738	 96.842922	 0.000000	 0.000000	 0.000000	 0.000791
1.49009e+09 45 0.261752 0.188042 0.0823436 -1.34218 0.145412 0.0475141 1.80989  99.593335	 3.399479	 0.000000	 0.000000	 0.000000	 27.388168  24.928738	 96.842922	 0.000000	 0.000000	 0.000000	 0.000791
1.49009e+09 45 0.261286 0.210979 -0.0485903 -1.4461 0.238637 0.0644249 1.72602  100.137394	 2.895885	 0.000000	 0.000000	 0.000000	 27.537783  19.511425	 98.078075	 0.000000	 0.000000	 0.000000	 0.000613
1.49009e+09 45 0.261286 0.210979 -0.0485903 -1.4461 0.238637 0.0644249 1.72602  100.137394	 2.895885	 0.000000	 0.000000	 0.000000	 27.537783  19.511425	 98.078075	 0.000000	 0.000000	 0.000000	 0.000613
1.49009e+09 45 0.165067 0.207407 -0.00678003 -1.78794 0.119227 0.0616128 1.3762  100.407519	-2.579351	 0.000000	 0.000000	 0.000000	 27.612067 -19.394480	 98.101266	 0.000000	 0.000000	 0.000000	-0.000618
1.49009e+09 45 0.165067 0.207407 -0.00678003 -1.78794 0.119227 0.0616128 1.3762  100.407519	-2.579351	 0.000000	 0.000000	 0.000000	 27.612067 -19.394480	 98.101266	 0.000000	 0.000000	 0.000000	-0.000618
1.49009e+09 45 0.181206 0.223003 -0.104485 -1.75784 0.118712 0.0604009 1.41351  99.436092	-3.520705	 0.000000	 0.000000	 0.000000	 27.344927 -26.238007	 96.496414	 0.000000	 0.000000	 0.000000	-0.000827
1.49009e+09 45 0.181206 0.223003 -0.104485 -1.75784 0.118712 0.0604009 1.41351  99.436092	-3.520705	 0.000000	 0.000000	 0.000000	 27.344927 -26.238007	 96.496414	 0.000000	 0.000000	 0.000000	-0.000827
1.49009e+09 45 0.246129 0.199884 0.0468591 -1.43724 0.134958 0.0496892 1.73139  100.909767	 1.773366	 0.000000	 0.000000	 0.000000	 27.750184  12.008923	 99.276384	 0.000000	 0.000000	 0.000000	 0.000385
1.49009e+09 45 0.246129 0.199884 0.0468591 -1.43724 0.134958 0.0496892 1.73139  100.909767	 1.773366	 0.000000	 0.000000	 0.000000	 27.750184  12.008923	 99.276384	 0.000000	 0.000000	 0.000000	 0.000385
1.49009e+09 45 0.301669 0.227385 -0.175977 -1.3605 0.144795 0.0481212 1.79626  98.797952	 3.928746	 0.000000	 0.000000	 0.000000	 27.169439  29.987993	 95.397599	 0.000000	 0.000000	 0.000000	 0.000947
1.49009e+09 45 0.301669 0.227385 -0.175977 -1.3605 0.144795 0.0481212 1.79626  98.797952	 3.928746	 0.000000	 0.000000	 0.000000	 27.169439  29.987993	 95.397599	 0.000000	 0.000000	 0.000000	 0.000947
1.49009e+09 45 0.207535 0.219709 -0.0384518 -1.65477 0.121653 0.056643 1.53228  101.314392	 0.218089	 0.000000	 0.000000	 0.000000	 27.861455  1.644281	 99.986586	 0.000000	 0.000000	 0.000000	 0.000046
1.49009e+09 45 0.207535 0.219709 -0.0384518 -1.65477 0.121653 0.056643 1.53228  101.314392	 0.218089	 0.000000	 0.000000	 0.000000	 27.861455  1.644281	 99.986586	 0.000000	 0.000000	 0.000000	 0.000046
1.49009e+09 45 0.157939 0.217787 -0.0830504 -1.83424 0.105396 0.0622356 1.31412  98.786981	-3.934917	 0.000000	 0.000000	 0.000000	 27.166422 -29.557722	 95.531794	 0.000000	 0.000000	 0.000000	-0.000936
1.49009e+09 45 0.157939 0.217787 -0.0830504 -1.83424 0.105396 0.0622356 1.31412  98.786981	-3.934917	 0.000000	 0.000000	 0.000000	 27.166422 -29.557722	 95.531794	 0.000000	 0.000000	 0.000000	-0.000936
1.49009e+09 45 0.19968 0.228157 -0.060946 -1.70749 0.123558 0.058911 1.47333  100.450044	-2.523891	 0.000000	 0.000000	 0.000000	 27.623761 -16.428788	 98.641291	 0.000000	 0.000000	 0.000000	-0.000515
1.49009e+09 45 0.19968 0.228157 -0.060946 -1.70749 0.123558 0.058911 1.47333  100.450044	-2.523891	 0.000000	 0.000000	 0.000000	 27.623761 -16.428788	 98.641291	 0.000000	 0.000000	 0.000000	-0.000515
1.49009e+09 45 0.277836 0.20825 -0.0202499 -1.4199 0.195338 0.057959 1.77163  99.759671	 3.260472	 0.000000	 0.000000	 0.000000	 27.433910  23.673240	 97.157469	 0.000000	 0.000000	 0.000000	 0.000752
1.49009e+09 45 0.277836 0.20825 -0.0202499 -1.4199 0.195338 0.057959 1.77163  99.759671	 3.260472	 0.000000	 0.000000	 0.000000	 27.433910  23.673240	 97.157469	 0.000000	 0.000000	 0.000000	 0.000752
1.49009e+09 45 0.277668 0.223199 -0.112889 -1.42045 0.141723 0.0499707 1.74958  99.819156	 3.207944	 0.000000	 0.000000	 0.000000	 27.450268  23.434131	 97.215424	 0.000000	 0.000000	 0.000000	 0.000737
1.49009e+09 45 0.277668 0.223199 -0.112889 -1.42045 0.141723 0.0499707 1.74958  99.819156	 3.207944	 0.000000	 0.000000	 0.000000	 27.450268  23.434131	 97.215424	 0.000000	 0.000000	 0.000000	 0.000737
1.49009e+09 45 0.248129 0.211766 -0.232131 -1.66547 0.764347 0.116493 1.41662  100.045886	-2.991340	 0.000000	 0.000000	 0.000000	 27.512619 -21.348623	 97.694611	 0.000000	 0.000000	 0.000000	-0.000679
1.49009e+09 45 0.248129 0.211766 -0.232131 -1.66547 0.764347 0.116493 1.41662  100.045886	-2.991340	 0.000000	 0.000000	 0.000000	 27.512619 -21.348623	 97.694611	 0.000000	 0.000000	 0.000000	-0.000679
1.49009e+09 45 0.204846 0.216645 -0.127605 -1.61011 0.618671 0.101035 1.43948  99.503081	-3.470070	 0.000000	 0.000000	 0.000000	 27.363348 -25.767707	 96.623068	 0.000000	 0.000000	 0.000000	-0.000812
1.49009e+09 45 0.204846 0.216645 -0.127605 -1.61011 0.618671 0.101035 1.43948  99.503081	-3.470070	 0.000000	 0.000000	 0.000000	 27.363348 -25.767707	 96.623068	 0.000000	 0.000000	 0.000000	-0.000812
1.49009e+09 45 0.301669 0.227385 -0.175977 -1.3605 0.144795 0.0481212 1.79626  98.970233	 3.829968	 0.000000	 0.000000	 0.000000	 27.216816  29.290622	 95.614031	 0.000000	 0.000000	 0.000000	 0.000925
1.49009e+09 45 0.301669 0.227385 -0.175977 -1.3605 0.144795 0.0481212 1.79626  98.970233	 3.829968	 0.000000	 0.000000	 0.000000	 27.216816  29.290622	 95.614031	 0.000000	 0.000000	 0.000000	 0.000925
1.49009e+09 45 0.178373 0.205586 0.0627709 -1.71469 0.114916 0.0584008 1.45002  101.130388	-1.218528	 0.000000	 0.000000	 0.000000	 27.810854 -6.394118	 99.795464	 0.000000	 0.000000	 0.000000	-0.000208
1.49009e+09 45 0.178373 0.205586 0.0627709 -1.71469 0.114916 0.0584008 1.45002  101.130388	-1.218528	 0.000000	 0.000000	 0.000000	 27.810854 -6.394118	 99.795464	 0.000000	 0.000000	 0.000000	-0.000208
1.49009e+09 45 0.172526 0.242417 -0.205858 -1.78812 0.0783684 0.058189 1.34976  98.712307	-3.974928	 0.000000	 0.000000	 0.000000	 27.145887 -30.812424	 95.134504	 0.000000	 0.000000	 0.000000	-0.000975
1.49009e+09 45 0.172526 0.242417 -0.205858 -1.78812 0.0783684 0.058189 1.34976  98.712307	-3.974928	 0.000000	 0.000000	 0.000000	 27.145887 -30.812424	 95.134504	 0.000000	 0.000000	 0.000000	-0.000975
1.49009e+09 45 0.221987 0.222574 -0.0410863 -1.56524 -0.0338888 0.0351264 1.60664  101.233523	-0.827310	 0.000000	 0.000000	 0.000000	 27.839216 -4.022905	 99.919151	 0.000000	 0.000000	 0.000000	-0.000122
1.49009e+09 45 0.221987 0.222574 -0.0410863 -1.56524 -0.0338888 0.0351264 1.60664  101.233523	-0.827310	 0.000000	 0.000000	 0.000000	 27.839216 -4.022905	 99.919151	 0.000000	 0.000000	 0.000000	-0.000122
1.49009e+09 45 0.282097 0.205068 -0.0205373 -1.34575 0.232213 0.0612063 1.80488  99.168069	 3.706501	 0.000000	 0.000000	 0.000000	 27.271221  27.127047	 96.250256	 0.000000	 0.000000	 0.000000	 0.000860
1.49009e+09 45 0.282097 0.205068 -0.0205373 -1.34575 0.232213 0.0612063 1.80488  99.168069	 3.706501	 0.000000	 0.000000	 0.000000	 27.271221  27.127047	 96.250256	 0.000000	 0.000000	 0.000000	 0.000860
1.49009e+09 45 0.222576 0.193188 0.0990466 -1.48474 0.157303 0.0544798 1.68554  100.731026	 2.105570	 0.000000	 0.000000	 0.000000	 27.701030  16.236955	 98.673051	 0.000000	 0.000000	 0.000000	 0.000509
1.49009e+09 45 0.222576 0.193188 0.0990466 -1.48474 0.157303 0.0544798 1.68554  100.731026	 2.105570	 0.000000	 0.000000	 0.000000	 27.701030  16.236955	 98.673051	 0.000000	 0.000000	 0.000000	 0.000509
1.49009e+09 45 0.160196 0.201 -0.00736609 -1.78814 0.109556 0.0607581 1.37553  100.029851	-3.007332	 0.000000	 0.000000	 0.000000	 27.508209 -22.683454	 97.393321	 0.000000	 0.000000	 0.000000	-0.000721
1.49009e+09 45 0.160196 0.201 -0.00736609 -1.78814 0.109556 0.0607581 1.37553  100.029851	-3.007332	 0.000000	 0.000000	 0.000000	 27.508209 -22.683454	 97.393321	 0.000000	 0.000000	 0.000000	-0.000721
1.49009e+09 45 0.167409 0.207075 0.0200611 -1.69023 0.600319 0.103075 1.42476  99.654234	-3.349782	 0.000000	 0.000000	 0.000000	 27.404915 -25.662224	 96.651138	 0.000000	 0.000000	 0.000000	-0.000809
1.49009e+09 45 0.167409 0.207075 0.0200611 -1.69023 0.600319 0.103075 1.42476  99.654234	-3.349782	 0.000000	 0.000000	 0.000000	 27.404915 -25.662224	 96.651138	 0.000000	 0.000000	 0.000000	-0.000809
1.49009e+09 45 0.25567 0.224151 -0.0516553 -1.46881 0.0126466 0.0346579 1.70552  100.949667	 1.687306	 0.000000	 0.000000	 0.000000	 27.761157  12.995733	 99.152027	 0.000000	 0.000000	 0.000000	 0.000416
1.49009e+09 45 0.25567 0.224151 -0.0516553 -1.46881 0.0126466 0.0346579 1.70552  100.949667	 1.687306	 0.000000	 0.000000	 0.000000	 27.761157  12.995733	 99.152027	 0.000000	 0.000000	 0.000000	 0.000416
1.49009e+09 45 0.303398 0.228528 -0.176108 -1.36049 0.144608 0.0480924 1.79626  98.971217	 3.829202	 0.000000	 0.000000	 0.000000	 27.217087  29.283258	 95.616287	 0.000000	 0.000000	 0.000000	 0.000924
1.49009e+09 45 0.303398 0.228528 -0.176108 -1.36049 0.144608 0.0480924 1.79626  98.971217	 3.829202	 0.000000	 0.000000	 0.000000	 27.217087  29.283258	 95.616287	 0.000000	 0.000000	 0.000000	 0.000924
1.49009e+09 45 0.189393 0.212741 0.00726542 -1.74933 0.377355 0.0858979 1.45416  101.199557	-0.973754	 0.000000	 0.000000	 0.000000	 27.829875 -6.409956	 99.794447	 0.000000	 0.000000	 0.000000	-0.000208
1.49009e+09 45 0.189393 0.212741 0.00726542 -1.74933 0.377355 0.0858979 1.45416  101.199557	-0.973754	 0.000000	 0.000000	 0.000000	 27.829875 -6.409956	 99.794447	 0.000000	 0.000000	 0.000000	-0.000208
1.49009e+09 45 0.172526 0.242417 -0.205858 -1.78812 0.0783684 0.058189 1.34976  98.721703	-3.969782	 0.000000	 0.000000	 0.000000	 27.148471 -30.766183	 95.149469	 0.000000	 0.000000	 0.000000	-0.000973
1.49009e+09 45 0.172526 0.242417 -0.205858 -1.78812 0.0783684 0.058189 1.34976  98.721703	-3.969782	 0.000000	 0.000000	 0.000000	 27.148471 -30.766183	 95.149469	 0.000000	 0.000000	 0.000000	-0.000973
1.49009e+09 45 0.223106 0.219753 -0.0250421 -1.59802 0.131472 0.0555151 1.59039  101.262913	-0.672139	 0.000000	 0.000000	 0.000000	 27.847298 -3.135445	 99.950937	 0.000000	 0.000000	 0.000000	-0.000094
1.49009e+09 45 0.223106 0.219753 -0.0250421 -1.59802 0.131472 0.0555151 1.59039  101.262913	-0.672139	 0.000000	 0.000000	 0.000000	 27.847298 -3.135445	 99.950937	 0.000000	 0.000000	 0.000000	-0.000094
1.49009e+09 45 0.305623 0.203683 -0.0948579 -1.34534 0.323433 0.0761483 1.81233  98.915220	 3.862020	 0.000000	 0.000000	 0.000000	 27.201688  29.531557	 95.539886	 0.000000	 0.000000	 0.000000	 0.000935
1.49009e+09 45 0.305623 0.203683 -0.0948579 -1.34534 0.323433 0.0761483 1.81233  98.915220	 3.862020	 0.000000	 0.000000	 0.000000	 27.201688  29.531557	 95.539886	 0.000000	 0.000000	 0.000000	 0.000935
1.49009e+09 45 0.239076 0.209369 -0.00673848 -1.50638 0.246778 0.0668462 1.67379  100.357577	 2.641346	 0.000000	 0.000000	 0.000000	 27.598333  18.788449	 98.219142	 0.000000	 0.000000	 0.000000	 0.000590
1.49009e+09 45 0.239076 0.209369 -0.00673848 -1.50638 0.246778 0.0668462 1.67379  100.357577	 2.641346	 0.000000	 0.000000	 0.000000	 27.598333  18.788449	 98.219142	 0.000000	 0.000000	 0.000000	 0.000590
1.49009e+09 45 0.160196 0.201 -0.00736609 -1.78814 0.109556 0.0607581 1.37553  99.868634	-3.162532	 0.000000	 0.000000	 0.000000	 27.463875 -21.615861	 97.635827	 0.000000	 0.000000	 0.000000	-0.000688
1.49009e+09 45 0.160196 0.201 -0.00736609 -1.78814 0.109556 0.0607581 1.37553  99.868634	-3.162532	 0.000000	 0.000000	 0.000000	 27.463875 -21.615861	 97.635827	 0.000000	 0.000000	 0.000000	-0.000688
1.49009e+09 45 0.11175 0.18897 0.210253 -1.71195 0.509208 0.0931064 1.37926  99.071672	-3.768015	 0.000000	 0.000000	 0.000000	 27.244712 -27.979343	 96.005954	 0.000000	 0.000000	 0.000000	-0.000883
1.49009e+09 45 0.11175 0.18897 0.210253 -1.71195 0.509208 0.0931064 1.37926  99.071672	-3.768015	 0.000000	 0.000000	 0.000000	 27.244712 -27.979343	 96.005954	 0.000000	 0.000000	 0.000000	-0.000883
1.49009e+09 45 0.228949 0.199181 0.0959807 -1.48513 0.151837 0.0537829 1.68498  101.089961	 1.338202	 0.000000	 0.000000	 0.000000	 27.799737  8.933800	 99.600225	 0.000000	 0.000000	 0.000000	 0.000288
1.49009e+09 45 0.228949 0.199181 0.0959807 -1.48513 0.151837 0.0537829 1.68498  101.089961	 1.338202	 0.000000	 0.000000	 0.000000	 27.799737  8.933800	 99.600225	 0.000000	 0.000000	 0.000000	 0.000288
1.49009e+09 45 0.264494 0.190609 0.0819701 -1.34216 0.145796 0.0475735 1.80989  98.727057	 3.966590	 0.000000	 0.000000	 0.000000	 27.149943  30.740558	 95.157751	 0.000000	 0.000000	 0.000000	 0.000972
1.49009e+09 45 0.264494 0.190609 0.0819701 -1.34216 0.145796 0.0475735 1.80989  98.727057	 3.966590	 0.000000	 0.000000	 0.000000	 27.149943  30.740558	 95.157751	 0.000000	 0.000000	 0.000000	 0.000972
1.49009e+09 45 0.27251 0.223644 -0.174409 -1.58312 0.469402 0.0949792 1.59787  101.042688	 1.466116	 0.000000	 0.000000	 0.000000	 27.786737  10.159104	 99.482709	 0.000000	 0.000000	 0.000000	 0.000316
1.49009e+09 45 0.27251 0.223644 -0.174409 -1.58312 0.469402 0.0949792 1.59787  101.042688	 1.466116	 0.000000	 0.000000	 0.000000	 27.786737  10.159104	 99.482709	 0.000000	 0.000000	 0.000000	 0.000316
1.49009e+09 45 0.172565 0.206157 -0.0510565 -1.71824 0.663876 0.10676 1.37086  99.381132	-3.560118	 0.000000	 0.000000	 0.000000	 27.329813 -26.437737	 96.441880	 0.000000	 0.000000	 0.000000	-0.000839
1.49009e+09 45 0.172565 0.206157 -0.0510565 -1.71824 0.663876 0.10676 1.37086  99.381132	-3.560118	 0.000000	 0.000000	 0.000000	 27.329813 -26.437737	 96.441880	 0.000000	 0.000000	 0.000000	-0.000839
1.49009e+09 45 0.187897 0.210814 0.00827022 -1.74901 0.379296 0.0860821 1.45422  100.139722	-2.892571	 0.000000	 0.000000	 0.000000	 27.538423 -20.785718	 97.815930	 0.000000	 0.000000	 0.000000	-0.000653
1.49009e+09 45 0.187897 0.210814 0.00827022 -1.74901 0.379296 0.0860821 1.45422  100.139722	-2.892571	 0.000000	 0.000000	 0.000000	 27.538423 -20.785718	 97.815930	 0.000000	 0.000000	 0.000000	-0.000653
1.49009e+09 45 0.271977 0.230789 -0.0985096 -1.42471 0.00931389 0.0314334 1.74642  100.515566	 2.433732	 0.000000	 0.000000	 0.000000	 27.641780  18.320663	 98.307474	 0.000000	 0.000000	 0.000000	 0.000584
1.49009e+09 45 0.271977 0.230789 -0.0985096 -1.42471 0.00931389 0.0314334 1.74642  100.515566	 2.433732	 0.000000	 0.000000	 0.000000	 27.641780  18.320663	 98.307474	 0.000000	 0.000000	 0.000000	 0.000584
1.49009e+09 45 0.268472 0.204827 -0.0139372 -1.37561 0.138646 0.0477918 1.78094  99.253336	 3.649379	 0.000000	 0.000000	 0.000000	 27.294669  27.475673	 96.151315	 0.000000	 0.000000	 0.000000	 0.000866
1.49009e+09 45 0.268472 0.204827 -0.0139372 -1.37561 0.138646 0.0477918 1.78094  99.253336	 3.649379	 0.000000	 0.000000	 0.000000	 27.294669  27.475673	 96.151315	 0.000000	 0.000000	 0.000000	 0.000866
1.49009e+09 45 0.189412 0.215128 -0.0594124 -1.70754 0.122871 0.0588437 1.47332  101.146577	-1.164477	 0.000000	 0.000000	 0.000000	 27.815306 -7.722279	 99.701479	 0.000000	 0.000000	 0.000000	-0.000250
1.49009e+09 45 0.189412 0.215128 -0.0594124 -1.70754 0.122871 0.0588437 1.47332  101.146577	-1.164477	 0.000000	 0.000000	 0.000000	 27.815306 -7.722279	 99.701479	 0.000000	 0.000000	 0.000000	-0.000250
1.49009e+09 45 0.172526 0.242417 -0.205858 -1.78812 0.0783684 0.058189 1.34976  98.752329	-3.953135	 0.000000	 0.000000	 0.000000	 27.156893 -30.591048	 95.205923	 0.000000	 0.000000	 0.000000	-0.000967
1.49009e+09 45 0.172526 0.242417 -0.205858 -1.78812 0.0783684 0.058189 1.34976  98.752329	-3.953135	 0.000000	 0.000000	 0.000000	 27.156893 -30.591048	 95.205923	 0.000000	 0.000000	 0.000000	-0.000967
1.49009e+09 45 0.276792 0.223189 -0.117001 -1.42155 0.134628 0.0489989 1.74902  100.883262	 1.825579	 0.000000	 0.000000	 0.000000	 27.742895  12.385249	 99.230135	 0.000000	 0.000000	 0.000000	 0.000397
1.49009e+09 45 0.276792 0.223189 -0.117001 -1.42155 0.134628 0.0489989 1.74902  100.883262	 1.825579	 0.000000	 0.000000	 0.000000	 27.742895  12.385249	 99.230135	 0.000000	 0.000000	 0.000000	 0.000397
1.49009e+09 45 0.228949 0.199181 0.0959807 -1.48513 0.151837 0.0537829 1.68498  100.178662	 2.849815	 0.000000	 0.000000	 0.000000	 27.549132  20.445649	 97.887580	 0.000000	 0.000000	 0.000000	 0.000642
1.49009e+09 45 0.228949 0.199181 0.0959807 -1.48513 0.151837 0.0537829 1.68498  100.178662	 2.849815	 0.000000	 0.000000	 0.000000	 27.549132  20.445649	 97.887580	 0.000000	 0.000000	 0.000000	 0.000642
1.49009e+09 45 0.18247 0.224805 -0.104711 -1.75784 0.118876 0.0604161 1.41351  100.338911	-2.663929	 0.000000	 0.000000	 0.000000	 27.593200 -18.686060	 98.238672	 0.000000	 0.000000	 0.000000	-0.000595
1.49009e+09 45 0.18247 0.224805 -0.104711 -1.75784 0.118876 0.0604161 1.41351  100.338911	-2.663929	 0.000000	 0.000000	 0.000000	 27.593200 -18.686060	 98.238672	 0.000000	 0.000000	 0.000000	-0.000595
1.49009e+09 45 0.167907 0.242597 -0.150799 -1.7768 -0.0552172 0.0461545 1.36296  99.273514	-3.635686	 0.000000	 0.000000	 0.000000	 27.300218 -26.508093	 96.422566	 0.000000	 0.000000	 0.000000	-0.000836
1.49009e+09 45 0.167907 0.242597 -0.150799 -1.7768 -0.0552172 0.0461545 1.36296  99.273514	-3.635686	 0.000000	 0.000000	 0.000000	 27.300218 -26.508093	 96.422566	 0.000000	 0.000000	 0.000000	-0.000836
1.49009e+09 45 0.291377 0.236062 -0.200572 -1.45108 0.175199 0.0558165 1.73019  100.797729	 1.988028	 0.000000	 0.000000	 0.000000	 27.719374  13.564356	 99.075835	 0.000000	 0.000000	 0.000000	 0.000434
1.49009e+09 45 0.291377 0.236062 -0.200572 -1.45108 0.175199 0.0558165 1.73019  100.797729	 1.988028	 0.000000	 0.000000	 0.000000	 27.719374  13.564356	 99.075835	 0.000000	 0.000000	 0.000000	 0.000434
1.49009e+09 45 0.256877 0.197715 0.0149359 -1.36111 0.327879 0.0755335 1.77849  99.666202	 3.339106	 0.000000	 0.000000	 0.000000	 27.408206  25.581249	 96.672603	 0.000000	 0.000000	 0.000000	 0.000806
1.49009e+09 45 0.256877 0.197715 0.0149359 -1.36111 0.327879 0.0755335 1.77849  99.666202	 3.339106	 0.000000	 0.000000	 0.000000	 27.408206  25.581249	 96.672603	 0.000000	 0.000000	 0.000000	 0.000806
1.49009e+09 45 0.203271 0.246142 -0.208599 -1.72916 0.114592 0.0588781 1.44822  100.818627	-1.949886	 0.000000	 0.000000	 0.000000	 27.725121 -13.279919	 99.114363	 0.000000	 0.000000	 0.000000	-0.000425
1.49009e+09 45 0.203271 0.246142 -0.208599 -1.72916 0.114592 0.0588781 1.44822  100.818627	-1.949886	 0.000000	 0.000000	 0.000000	 27.725121 -13.279919	 99.114363	 0.000000	 0.000000	 0.000000	-0.000425
1.49009e+09 45 0.199188 0.209477 -0.12535 -1.60826 0.621885 0.101266 1.44005  99.198383	-3.686221	 0.000000	 0.000000	 0.000000	 27.279557 -27.830769	 96.049130	 0.000000	 0.000000	 0.000000	-0.000878
1.49009e+09 45 0.199188 0.209477 -0.12535 -1.60826 0.621885 0.101266 1.44005  99.198383	-3.686221	 0.000000	 0.000000	 0.000000	 27.279557 -27.830769	 96.049130	 0.000000	 0.000000	 0.000000	-0.000878
1.49009e+09 45 0.241048 0.211289 -0.00749398 -1.50641 0.246984 0.0668735 1.67376  101.229094	 0.844332	 0.000000	 0.000000	 0.000000	 27.837998  7.244699	 99.737320	 0.000000	 0.000000	 0.000000	 0.000234
1.49009e+09 45 0.241048 0.211289 -0.00749398 -1.50641 0.246984 0.0668735 1.67376  101.229094	 0.844332	 0.000000	 0.000000	 0.000000	 27.837998  7.244699	 99.737320	 0.000000	 0.000000	 0.000000	 0.000234
1.49009e+09 45 0.259224 0.222913 -0.0659049 -1.48049 0.138778 0.0518777 1.69946  100.177483	 2.850884	 0.000000	 0.000000	 0.000000	 27.548807  20.454560	 97.885718	 0.000000	 0.000000	 0.000000	 0.000643
1.49009e+09 45 0.259224 0.222913 -0.0659049 -1.48049 0.138778 0.0518777 1.69946  100.177483	 2.850884	 0.000000	 0.000000	 0.000000	 27.548807  20.454560	 97.885718	 0.000000	 0.000000	 0.000000	 0.000643
1.49009e+09 45 0.204846 0.216645 -0.127605 -1.61011 0.618671 0.101035 1.43948  99.318717	-3.604217	 0.000000	 0.000000	 0.000000	 27.312649 -27.032608	 96.276826	 0.000000	 0.000000	 0.000000	-0.000852
1.49009e+09 45 0.204846 0.216645 -0.127605 -1.61011 0.618671 0.101035 1.43948  99.318717	-3.604217	 0.000000	 0.000000	 0.000000	 27.312649 -27.032608	 96.276826	 0.000000	 0.000000	 0.000000	-0.000852
1.49009e+09 45 0.223536 0.225953 -0.0540762 -1.62067 0.0892424 0.0515677 1.57538  101.127136	 1.226132	 0.000000	 0.000000	 0.000000	 27.809960  8.491614	 99.638901	 0.000000	 0.000000	 0.000000	 0.000263
1.49009e+09 45 0.223536 0.225953 -0.0540762 -1.62067 0.0892424 0.0515677 1.57538  101.127136	 1.226132	 0.000000	 0.000000	 0.000000	 27.809960  8.491614	 99.638901	 0.000000	 0.000000	 0.000000	 0.000263
1.49009e+09 45 0.202941 0.213082 -0.0533492 -1.68053 0.54006 0.100055 1.47587  100.367463	-2.628508	 0.000000	 0.000000	 0.000000	 27.601051 -18.682527	 98.239346	 0.000000	 0.000000	 0.000000	-0.000587
1.49009e+09 45 0.202941 0.213082 -0.0533492 -1.68053 0.54006 0.100055 1.47587  100.367463	-2.628508	 0.000000	 0.000000	 0.000000	 27.601051 -18.682527	 98.239346	 0.000000	 0.000000	 0.000000	-0.000587
1.49009e+09 45 0.305623 0.203683 -0.0948579 -1.34534 0.323433 0.0761483 1.81233  98.916236	 3.860946	 0.000000	 0.000000	 0.000000	 27.201967  29.521800	 95.542901	 0.000000	 0.000000	 0.000000	 0.000935
1.49009e+09 45 0.305623 0.203683 -0.0948579 -1.34534 0.323433 0.0761483 1.81233  98.916236	 3.860946	 0.000000	 0.000000	 0.000000	 27.201967  29.521800	 95.542901	 0.000000	 0.000000	 0.000000	 0.000935
1.49009e+09 45 0.152586 0.179315 0.279588 -1.66602 0.271558 0.0729726 1.5158  101.318633	 0.072242	 0.000000	 0.000000	 0.000000	 27.862621  0.663774	 99.997903	 0.000000	 0.000000	 0.000000	 0.000015
1.49009e+09 45 0.152586 0.179315 0.279588 -1.66602 0.271558 0.0729726 1.5158  101.318633	 0.072242	 0.000000	 0.000000	 0.000000	 27.862621  0.663774	 99.997903	 0.000000	 0.000000	 0.000000	 0.000015
1.49009e+09 45 0.173896 0.211144 -0.0347512 -1.75866 0.691504 0.110792 1.35858  98.943889	-3.844983	 0.000000	 0.000000	 0.000000	 27.209572 -28.899379	 95.733016	 0.000000	 0.000000	 0.000000	-0.000912
1.49009e+09 45 0.173896 0.211144 -0.0347512 -1.75866 0.691504 0.110792 1.35858  98.943889	-3.844983	 0.000000	 0.000000	 0.000000	 27.209572 -28.899379	 95.733016	 0.000000	 0.000000	 0.000000	-0.000912
1.49009e+09 45 0.245035 0.205065 0.0496246 -1.45621 0.33185 0.0779327 1.72321  100.841574	 1.906265	 0.000000	 0.000000	 0.000000	 27.731431  12.969099	 99.155514	 0.000000	 0.000000	 0.000000	 0.000415
1.49009e+09 45 0.245035 0.205065 0.0496246 -1.45621 0.33185 0.0779327 1.72321  100.841574	 1.906265	 0.000000	 0.000000	 0.000000	 27.731431  12.969099	 99.155514	 0.000000	 0.000000	 0.000000	 0.000415
1.49009e+09 45 0.268691 0.204119 -0.00788349 -1.33325 0.298196 0.0702222 1.79011  99.339153	 3.589504	 0.000000	 0.000000	 0.000000	 27.318268  27.688110	 96.090353	 0.000000	 0.000000	 0.000000	 0.000873
1.49009e+09 45 0.268691 0.204119 -0.00788349 -1.33325 0.298196 0.0702222 1.79011  99.339153	 3.589504	 0.000000	 0.000000	 0.000000	 27.318268  27.688110	 96.090353	 0.000000	 0.000000	 0.000000	 0.000873
1.49009e+09 45 0.18247 0.224805 -0.104711 -1.75784 0.118876 0.0604161 1.41351  100.630325	-2.265724	 0.000000	 0.000000	 0.000000	 27.673338 -14.093259	 99.001981	 0.000000	 0.000000	 0.000000	-0.000451
1.49009e+09 45 0.18247 0.224805 -0.104711 -1.75784 0.118876 0.0604161 1.41351  100.630325	-2.265724	 0.000000	 0.000000	 0.000000	 27.673338 -14.093259	 99.001981	 0.000000	 0.000000	 0.000000	-0.000451
1.49009e+09 45 0.167907 0.242597 -0.150799 -1.7768 -0.0552172 0.0461545 1.36296  99.246556	-3.653749	 0.000000	 0.000000	 0.000000	 27.292805 -27.512693	 96.140728	 0.000000	 0.000000	 0.000000	-0.000868
1.49009e+09 45 0.167907 0.242597 -0.150799 -1.7768 -0.0552172 0.0461545 1.36296  99.246556	-3.653749	 0.000000	 0.000000	 0.000000	 27.292805 -27.512693	 96.140728	 0.000000	 0.000000	 0.000000	-0.000868
1.49009e+09 45 0.244026 0.207268 0.0526523 -1.3878 0.326822 0.0747208 1.74264  100.716393	 2.128261	 0.000000	 0.000000	 0.000000	 27.697007  14.596776	 98.928993	 0.000000	 0.000000	 0.000000	 0.000466
1.49009e+09 45 0.244026 0.207268 0.0526523 -1.3878 0.326822 0.0747208 1.74264  100.716393	 2.128261	 0.000000	 0.000000	 0.000000	 27.697007  14.596776	 98.928993	 0.000000	 0.000000	 0.000000	 0.000466
1.49009e+09 45 0.272694 0.207883 -0.0186226 -1.38314 0.14177 0.0485357 1.77926  98.887931	 3.877164	 0.000000	 0.000000	 0.000000	 27.194183  30.175427	 95.338475	 0.000000	 0.000000	 0.000000	 0.000953
1.49009e+09 45 0.272694 0.207883 -0.0186226 -1.38314 0.14177 0.0485357 1.77926  98.887931	 3.877164	 0.000000	 0.000000	 0.000000	 27.194183  30.175427	 95.338475	 0.000000	 0.000000	 0.000000	 0.000953
1.49009e+09 45 0.187897 0.210814 0.00827022 -1.74901 0.379296 0.0860821 1.45422  101.022972	-1.514353	 0.000000	 0.000000	 0.000000	 27.781315 -10.162628	 99.482347	 0.000000	 0.000000	 0.000000	-0.000327
1.49009e+09 45 0.187897 0.210814 0.00827022 -1.74901 0.379296 0.0860821 1.45422  101.022972	-1.514353	 0.000000	 0.000000	 0.000000	 27.781315 -10.162628	 99.482347	 0.000000	 0.000000	 0.000000	-0.000327
1.49009e+09 45 0.160196 0.201 -0.00736609 -1.78814 0.109556 0.0607581 1.37553  98.897088	-3.872072	 0.000000	 0.000000	 0.000000	 27.196702 -29.727601	 95.479066	 0.000000	 0.000000	 0.000000	-0.000939
1.49009e+09 45 0.160196 0.201 -0.00736609 -1.78814 0.109556 0.0607581 1.37553  98.897088	-3.872072	 0.000000	 0.000000	 0.000000	 27.196702 -29.727601	 95.479066	 0.000000	 0.000000	 0.000000	-0.000939
1.49009e+09 45 0.287551 0.206144 -0.146683 -1.43879 0.481995 0.0964995 1.70331  101.182377	 1.036543	 0.000000	 0.000000	 0.000000	 27.825151  6.847287	 99.765393	 0.000000	 0.000000	 0.000000	 0.000222
1.49009e+09 45 0.287551 0.206144 -0.146683 -1.43879 0.481995 0.0964995 1.70331  101.182377	 1.036543	 0.000000	 0.000000	 0.000000	 27.825151  6.847287	 99.765393	 0.000000	 0.000000	 0.000000	 0.000222
1.49009e+09 45 0.296653 0.202647 -0.0691114 -1.30212 0.31262 0.0728388 1.82403  98.713152	 3.973384	 0.000000	 0.000000	 0.000000	 27.146119  30.808357	 95.135821	 0.000000	 0.000000	 0.000000	 0.000974
1.49009e+09 45 0.296653 0.202647 -0.0691114 -1.30212 0.31262 0.0728388 1.82403  98.713152	 3.973384	 0.000000	 0.000000	 0.000000	 27.146119  30.808357	 95.135821	 0.000000	 0.000000	 0.000000	 0.000974
1.49009e+09 45 0.232479 0.223616 -0.109612 -1.66873 0.317017 0.078931 1.54575  101.286986	 0.504366	 0.000000	 0.000000	 0.000000	 27.853918  3.572568	 99.936267	 0.000000	 0.000000	 0.000000	 0.000107
1.49009e+09 45 0.232479 0.223616 -0.109612 -1.66873 0.317017 0.078931 1.54575  101.286986	 0.504366	 0.000000	 0.000000	 0.000000	 27.853918  3.572568	 99.936267	 0.000000	 0.000000	 0.000000	 0.000107
1.49009e+09 45 0.176826 0.237128 -0.165751 -1.80468 0.114783 0.0618713 1.35381  98.839761	-3.904578	 0.000000	 0.000000	 0.000000	 27.180937 -30.072688	 95.370933	 0.000000	 0.000000	 0.000000	-0.000950
1.49009e+09 45 0.176826 0.237128 -0.165751 -1.80468 0.114783 0.0618713 1.35381  98.839761	-3.904578	 0.000000	 0.000000	 0.000000	 27.180937 -30.072688	 95.370933	 0.000000	 0.000000	 0.000000	-0.000950
1.49009e+09 45 0.267113 0.205712 0.0076434 -1.36116 0.329035 0.0757047 1.77838  100.383620	 2.607441	 0.000000	 0.000000	 0.000000	 27.605495  18.247619	 98.321059	 0.000000	 0.000000	 0.000000	 0.000581
1.49009e+09 45 0.267113 0.205712 0.0076434 -1.36116 0.329035 0.0757047 1.77838  100.383620	 2.607441	 0.000000	 0.000000	 0.000000	 27.605495  18.247619	 98.321059	 0.000000	 0.000000	 0.000000	 0.000581
1.49009e+09 45 0.24406 0.197998 0.0471009 -1.43723 0.134883 0.0496785 1.7314  99.688489	 3.319967	 0.000000	 0.000000	 0.000000	 27.414335  25.424318	 96.713995	 0.000000	 0.000000	 0.000000	 0.000801
1.49009e+09 45 0.24406 0.197998 0.0471009 -1.43723 0.134883 0.0496785 1.7314  99.688489	 3.319967	 0.000000	 0.000000	 0.000000	 27.414335  25.424318	 96.713995	 0.000000	 0.000000	 0.000000	 0.000801
1.49009e+09 45 0.177401 0.212617 -0.0242003 -1.70586 0.228789 0.068904 1.43518  100.799751	-1.983474	 0.000000	 0.000000	 0.000000	 27.719930 -15.066610	 98.858526	 0.000000	 0.000000	 0.000000	-0.000481
1.49009e+09 45 0.177401 0.212617 -0.0242003 -1.70586 0.228789 0.068904 1.43518  100.799751	-1.983474	 0.000000	 0.000000	 0.000000	 27.719930 -15.066610	 98.858526	 0.000000	 0.000000	 0.000000	-0.000481
1.49009e+09 45 0.181206 0.223003 -0.104485 -1.75784 0.118712 0.0604009 1.41351  99.334497	-3.592696	 0.000000	 0.000000	 0.000000	 27.316988 -26.923218	 96.307474	 0.000000	 0.000000	 0.000000	-0.000849
1.49009e+09 45 0.181206 0.223003 -0.104485 -1.75784 0.118712 0.0604009 1.41351  99.334497	-3.592696	 0.000000	 0.000000	 0.000000	 27.316988 -26.923218	 96.307474	 0.000000	 0.000000	 0.000000	-0.000849
1.49009e+09 45 0.279706 0.224998 -0.113132 -1.42044 0.141832 0.049986 1.74958  100.405339	 2.579697	 0.000000	 0.000000	 0.000000	 27.611468  18.030229	 98.361158	 0.000000	 0.000000	 0.000000	 0.000575
1.49009e+09 45 0.279706 0.224998 -0.113132 -1.42044 0.141832 0.049986 1.74958  100.405339	 2.579697	 0.000000	 0.000000	 0.000000	 27.611468  18.030229	 98.361158	 0.000000	 0.000000	 0.000000	 0.000575
1.49009e+09 45 0.239112 0.183286 0.159421 -1.40657 0.142647 0.0495699 1.76067  99.312667	 3.607784	 0.000000	 0.000000	 0.000000	 27.310985  26.219756	 96.501375	 0.000000	 0.000000	 0.000000	 0.000826
1.49009e+09 45 0.239112 0.183286 0.159421 -1.40657 0.142647 0.0495699 1.76067  99.312667	 3.607784	 0.000000	 0.000000	 0.000000	 27.310985  26.219756	 96.501375	 0.000000	 0.000000	 0.000000	 0.000826
1.49009e+09 45 0.207151 0.2103 -0.127478 -1.55958 0.738625 0.109566 1.44577  99.199090	-3.685207	 0.000000	 0.000000	 0.000000	 27.279751 -27.822312	 96.051580	 0.000000	 0.000000	 0.000000	-0.000878
1.49009e+09 45 0.207151 0.2103 -0.127478 -1.55958 0.738625 0.109566 1.44577  99.199090	-3.685207	 0.000000	 0.000000	 0.000000	 27.279751 -27.822312	 96.051580	 0.000000	 0.000000	 0.000000	-0.000878
1.49009e+09 45 0.25567 0.224151 -0.0516553 -1.46881 0.0126466 0.0346579 1.70552  100.915953	 1.756933	 0.000000	 0.000000	 0.000000	 27.751885  11.892573	 99.290389	 0.000000	 0.000000	 0.000000	 0.000381
1.49009e+09 45 0.25567 0.224151 -0.0516553 -1.46881 0.0126466 0.0346579 1.70552  100.915953	 1.756933	 0.000000	 0.000000	 0.000000	 27.751885  11.892573	 99.290389	 0.000000	 0.000000	 0.000000	 0.000381
1.49009e+09 45 0.303398 0.228528 -0.176108 -1.36049 0.144608 0.0480924 1.79626  99.017473	 3.800309	 0.000000	 0.000000	 0.000000	 27.229807  29.517837	 95.544127	 0.000000	 0.000000	 0.000000	 0.000932
1.49009e+09 45 0.303398 0.228528 -0.176108 -1.36049 0.144608 0.0480924 1.79626  99.017473	 3.800309	 0.000000	 0.000000	 0.000000	 27.229807  29.517837	 95.544127	 0.000000	 0.000000	 0.000000	 0.000932
1.49009e+09 45 0.192458 0.252113 -0.19148 -1.71563 -0.0333255 0.0440613 1.45379  101.135277	-1.198406	 0.000000	 0.000000	 0.000000	 27.812199 -7.957441	 99.682984	 0.000000	 0.000000	 0.000000	-0.000257
1.49009e+09 45 0.192458 0.252113 -0.19148 -1.71563 -0.0333255 0.0440613 1.45379  101.135277	-1.198406	 0.000000	 0.000000	 0.000000	 27.812199 -7.957441	 99.682984	 0.000000	 0.000000	 0.000000	-0.000257
1.49009e+09 45 0.151108 0.198648 0.0398242 -1.73748 0.469771 0.0910196 1.38143  98.888755	-3.876558	 0.000000	 0.000000	 0.000000	 27.194410 -30.163428	 95.342271	 0.000000	 0.000000	 0.000000	-0.000953
1.49009e+09 45 0.151108 0.198648 0.0398242 -1.73748 0.469771 0.0910196 1.38143  98.888755	-3.876558	 0.000000	 0.000000	 0.000000	 27.194410 -30.163428	 95.342271	 0.000000	 0.000000	 0.000000	-0.000953
1.49009e+09 45 0.228949 0.199181 0.0959807 -1.48513 0.151837 0.0537829 1.68498  101.125732	 1.228311	 0.000000	 0.000000	 0.000000	 27.809574  8.170666	 99.665733	 0.000000	 0.000000	 0.000000	 0.000264
1.49009e+09 45 0.228949 0.199181 0.0959807 -1.48513 0.151837 0.0537829 1.68498  101.125732	 1.228311	 0.000000	 0.000000	 0.000000	 27.809574  8.170666	 99.665733	 0.000000	 0.000000	 0.000000	 0.000264
1.49009e+09 45 0.270149 0.205301 -0.00364643 -1.37116 0.0226368 0.0303169 1.78515  99.069327	 3.768282	 0.000000	 0.000000	 0.000000	 27.244067  28.661088	 95.804630	 0.000000	 0.000000	 0.000000	 0.000904
1.49009e+09 45 0.270149 0.205301 -0.00364643 -1.37116 0.0226368 0.0303169 1.78515  99.069327	 3.768282	 0.000000	 0.000000	 0.000000	 27.244067  28.661088	 95.804630	 0.000000	 0.000000	 0.000000	 0.000904
1.49009e+09 45 0.176955 0.203661 0.0631955 -1.71476 0.115139 0.0584248 1.45001  1.121025	-0.106452	 0.000000	 0.000000	 0.000000	 0.308150  0.000000	 0.000091	 0.000000	 0.000000	 0.000000	-0.000000
1.49009e+09 45 0.176955 0.203661 0.0631955 -1.71476 0.115139 0.0584248 1.45001  1.121025	-0.106452	 0.000000	 0.000000	 0.000000	 0.308150  0.000000	 0.000091	 0.000000	 0.000000	 0.000000	-0.000000
1.49009e+09 45 0.354005 0.202434 -0.12145 -1.06646 0.0520143 0.0167001 1.98466  0.310669	 0.211465	 0.000000	 0.000000	 0.000000	 0.085434 -0.000000	 0.000030	 0.000000	 0.000000	 0.000000	 0.000000
1.49009e+09 45 0.354005 0.202434 -0.12145 -1.06646 0.0520143 0.0167001 1.98466  0.310669	 0.211465	 0.000000	 0.000000	 0.000000	 0.085434 -0.000000	 0.000030	 0.000000	 0.000000	 0.000000	 0.000000
1.49009e+09 45 0.183734 0.226606 -0.104938 -1.75784 0.119041 0.0604313 1.41351  0.364335	-0.092153	 0.000000	 0.000000	 0.000000	 0.100192 -0.000000	 0.000030	 0.000000	 0.000000	 0.000000	 0.000000
1.49009e+09 45 0.183734 0.226606 -0.104938 -1.75784 0.119041 0.0604313 1.41351  0.364335	-0.092153	 0.000000	 0.000000	 0.000000	 0.100192 -0.000000	 0.000030	 0.000000	 0.000000	 0.000000	 0.000000
1.49009e+09 45 0.267697 0.231546 -0.159144 -1.51049 0.179294 0.0583045 1.67971  0.137139	 0.017743	 0.000000	 0.000000	 0.000000	 0.037713  0.000000	 0.000011	 0.000000	 0.000000	 0.000000	-0.000000
1.49009e+09 45 0.267697 0.231546 -0.159144 -1.51049 0.179294 0.0583045 1.67971  0.137139	 0.017743	 0.000000	 0.000000	 0.000000	 0.037713  0.000000	 0.000011	 0.000000	 0.000000	 0.000000	-0.000000
1.49009e+09 45 0.364836 0.170941 -0.0986752 -1.00482 0.261836 0.0610145 2.00772  0.109656	 0.084247	 0.000000	 0.000000	 0.000000	 0.030155  0.000000	 0.000011	 0.000000	 0.000000	 0.000000	 0.000000
1.49009e+09 45 0.364836 0.170941 -0.0986752 -1.00482 0.261836 0.0610145 2.00772  0.109656	 0.084247	 0.000000	 0.000000	 0.000000	 0.030155  0.000000	 0.000011	 0.000000	 0.000000	 0.000000	 0.000000
1.49009e+09 45 0.3678 0.172407 -0.0914276 -0.966593 0.158965 0.0359578 2.03398  0.039785	 0.033185	 0.000000	 0.000000	 0.000000	 0.010941 -0.000000	 0.000004	 0.000000	 0.000000	 0.000000	 0.000000
1.49009e+09 45 0.3678 0.172407 -0.0914276 -0.966593 0.158965 0.0359578 2.03398  0.039785	 0.033185	 0.000000	 0.000000	 0.000000	 0.010941 -0.000000	 0.000004	 0.000000	 0.000000	 0.000000	 0.000000
1.49009e+09 45 0.296259 0.200703 -0.0114257 -1.27883 0.148687 0.0456237 1.85485  0.048127	 0.019179	 0.000000	 0.000000	 0.000000	 0.013235 -0.000000	 0.000004	 0.000000	 0.000000	 0.000000	-0.000000
1.49009e+09 45 0.296259 0.200703 -0.0114257 -1.27883 0.148687 0.0456237 1.85485  0.048127	 0.019179	 0.000000	 0.000000	 0.000000	 0.013235 -0.000000	 0.000004	 0.000000	 0.000000	 0.000000	-0.000000
1.49009e+09 45 0.263978 0.227844 -0.158206 -1.51032 0.179284 0.0582975 1.67982  0.051678	 0.003671	 0.000000	 0.000000	 0.000000	 0.014211 -0.000000	 0.000004	 0.000000	 0.000000	 0.000000	-0.000000
1.49009e+09 45 0.263978 0.227844 -0.158206 -1.51032 0.179284 0.0582975 1.67982  0.051678	 0.003671	 0.000000	 0.000000	 0.000000	 0.014211 -0.000000	 0.000004	 0.000000	 0.000000	 0.000000	-0.000000
1.49009e+09 45 0.204846 0.216645 -0.127605 -1.61011 0.618671 0.101035 1.43948  0.050372	-0.012115	 0.000000	 0.000000	 0.000000	 0.013852 -0.000000	 0.000004	 0.000000	 0.000000	 0.000000	 0.000000
1.49009e+09 45 0.204846 0.216645 -0.127605 -1.61011 0.618671 0.101035 1.43948  0.050372	-0.012115	 0.000000	 0.000000	 0.000000	 0.013852 -0.000000	 0.000004	 0.000000	 0.000000	 0.000000	 0.000000
1.49009e+09 45 0.203271 0.246142 -0.208599 -1.72916 0.114592 0.0588781 1.44822  0.018779	-0.003352	 0.000000	 0.000000	 0.000000	 0.005164  0.000000	 0.000002	 0.000000	 0.000000	 0.000000	 0.000000
1.49009e+09 45 0.203271 0.246142 -0.208599 -1.72916 0.114592 0.0588781 1.44822  0.018779	-0.003352	 0.000000	 0.000000	 0.000000	 0.005164  0.000000	 0.000002	 0.000000	 0.000000	 0.000000	 0.000000
1.49009e+09 45 0.218054 0.214091 -0.024322 -1.59804 0.131069 0.0554692 1.59039  0.019075	 0.000139	 0.000000	 0.000000	 0.000000	 0.005246  0.000000	 0.000002	 0.000000	 0.000000	 0.000000	 0.000000
1.49009e+09 45 0.218054 0.214091 -0.024322 -1.59804 0.131069 0.0554692 1.59039  0.019075	 0.000139	 0.000000	 0.000000	 0.000000	 0.005246  0.000000	 0.000002	 0.000000	 0.000000	 0.000000	 0.000000
1.49009e+09 45 0.246129 0.199884 0.0468591 -1.43724 0.134958 0.0496892 1.73139  0.018725	 0.003641	 0.000000	 0.000000	 0.000000	 0.005149  0.000000	 0.000002	 0.000000	 0.000000	 0.000000	-0.000000
1.49009e+09 45 0.246129 0.199884 0.0468591 -1.43724 0.134958 0.0496892 1.73139  0.018725	 0.003641	 0.000000	 0.000000	 0.000000	 0.005149  0.000000	 0.000002	 0.000000	 0.000000	 0.000000	-0.000000
1.49009e+09 45 0.266833 0.17977 0.134728 -1.28584 0.109145 0.0394537 1.84195  0.017751	 0.006985	 0.000000	 0.000000	 0.000000	 0.004881  0.000000	 0.000002	 0.000000	 0.000000	 0.000000	-0.000000
1.49009e+09 45 0.266833 0.17977 0.134728 -1.28584 0.109145 0.0394537 1.84195  0.017751	 0.006985	 0.000000	 0.000000	 0.000000	 0.004881  0.000000	 0.000002	 0.000000	 0.000000	 0.000000	-0.000000
1.49009e+09 45 0.340051 0.1811 -0.0634202 -1.08115 0.252113 0.0595901 1.96701  0.016174	 0.010114	 0.000000	 0.000000	 0.000000	 0.004448  0.000000	 0.000002	 0.000000	 0.000000	 0.000000	 0.000000
1.49009e+09 45 0.340051 0.1811 -0.0634202 -1.08115 0.252113 0.0595901 1.96701  0.016174	 0.010114	 0.000000	 0.000000	 0.000000	 0.004448  0.000000	 0.000002	 0.000000	 0.000000	 0.000000	 0.000000
1.49009e+09 45 0.37332 0.157051 -0.0653323 -0.905041 0.249021 0.0572449 2.05553  0.014022	 0.012934	 0.000000	 0.000000	 0.000000	 0.003856  0.000000	 0.000002	 0.000000	 0.000000	 0.000000	 0.000000
1.49009e+09 45 0.37332 0.157051 -0.0653323 -0.905041 0.249021 0.0572449 2.05553  0.014022	 0.012934	 0.000000	 0.000000	 0.000000	 0.003856  0.000000	 0.000002	 0.000000	 0.000000	 0.000000	 0.000000
1.49009e+09 45 0.429332 0.148427 -0.275014 -0.800918 0.167193 0.0325106 2.11212  0.000136	 0.000178	 0.000000	 0.000000	 0.000000	 0.000037 -0.000000	 0.000000	 0.000000	 0.000000	 0.000000	-0.000000
1.49009e+09 45 0.429332 0.148427 -0.275014 -0.800918 0.167193 0.0325106 2.11212  0.000136	 0.000178	 0.000000	 0.000000	 0.000000	 0.000037 -0.000000	 0.000000	 0.000000	 0.000000	 0.000000	-0.000000
1.49009e+09 45 0.381677 0.184183 -0.165678 -0.979661 0.111026 0.0245749 2.03759  0.005247	 0.004545	 0.000000	 0.000000	 0.000000	 0.001443 -0.000000	 0.000001	 0.000000	 0.000000	 0.000000	 0.000000
1.49009e+09 45 0.381677 0.184183 -0.165678 -0.979661 0.111026 0.0245749 2.03759  0.005247	 0.004545	 0.000000	 0.000000	 0.000000	 0.001443 -0.000000	 0.000001	 0.000000	 0.000000	 0.000000	 0.000000
1.49009e+09 45 0.326218 0.174888 0.039792 -1.09613 0.186079 0.0465508 1.97474  0.005719	 0.003935	 0.000000	 0.000000	 0.000000	 0.001573 -0.000000	 0.000001	 0.000000	 0.000000	 0.000000	-0.000000
1.49009e+09 45 0.326218 0.174888 0.039792 -1.09613 0.186079 0.0465508 1.97474  0.005719	 0.003935	 0.000000	 0.000000	 0.000000	 0.001573 -0.000000	 0.000001	 0.000000	 0.000000	 0.000000	-0.000000
1.49009e+09 45 0.327239 0.192564 -0.0566039 -1.19436 0.208113 0.053717 1.9178  0.006126	 0.003266	 0.000000	 0.000000	 0.000000	 0.001685 -0.000000	 0.000001	 0.000000	 0.000000	 0.000000	-0.000000
1.49009e+09 45 0.327239 0.192564 -0.0566039 -1.19436 0.208113 0.053717 1.9178  0.006126	 0.003266	 0.000000	 0.000000	 0.000000	 0.001685 -0.000000	 0.000001	 0.000000	 0.000000	 0.000000	-0.000000
1.49009e+09 45 0.298755 0.207889 -0.0499426 -1.25471 0.017802 0.0226743 1.8645  0.006447	 0.002576	 0.000000	 0.000000	 0.000000	 0.001773 -0.000000	 0.000001	 0.000000	 0.000000	 0.000000	-0.000000
1.49009e+09 45 0.298755 0.207889 -0.0499426 -1.25471 0.017802 0.0226743 1.8645  0.006447	 0.002576	 0.000000	 0.000000	 0.000000	 0.001773 -0.000000	 0.000001	 0.000000	 0.000000	 0.000000	-0.000000
1.49009e+09 45 0.301669 0.227385 -0.175977 -1.3605 0.144795 0.0481212 1.79626  0.006689	 0.001856	 0.000000	 0.000000	 0.000000	 0.001840 -0.000000	 0.000001	 0.000000	 0.000000	 0.000000	 0.000000
1.49009e+09 45 0.301669 0.227385 -0.175977 -1.3605 0.144795 0.0481212 1.79626  0.006689	 0.001856	 0.000000	 0.000000	 0.000000	 0.001840 -0.000000	 0.000001	 0.000000	 0.000000	 0.000000	 0.000000
1.49009e+09 45 0.261286 0.210979 -0.0485903 -1.4461 0.238637 0.0644249 1.72602  0.006854	 0.001102	 0.000000	 0.000000	 0.000000	 0.001885 -0.000000	 0.000001	 0.000000	 0.000000	 0.000000	-0.000000
1.49009e+09 45 0.261286 0.210979 -0.0485903 -1.4461 0.238637 0.0644249 1.72602  0.006854	 0.001102	 0.000000	 0.000000	 0.000000	 0.001885 -0.000000	 0.000001	 0.000000	 0.000000	 0.000000	-0.000000
1.49009e+09 45 0.234875 0.215049 -0.0352913 -1.53994 0.134612 0.0536407 1.64624  0.006933	 0.000351	 0.000000	 0.000000	 0.000000	 0.001907 -0.000000	 0.000001	 0.000000	 0.000000	 0.000000	 0.000000
1.49009e+09 45 0.234875 0.215049 -0.0352913 -1.53994 0.134612 0.0536407 1.64624  0.006933	 0.000351	 0.000000	 0.000000	 0.000000	 0.001907 -0.000000	 0.000001	 0.000000	 0.000000	 0.000000	 0.000000
1.49009e+09 45 0.227277 0.246131 -0.187193 -1.64745 0.0862012 0.0524259 1.5477  0.006932	-0.000384	 0.000000	 0.000000	 0.000000	 0.001906 -0.000000	 0.000001	 0.000000	 0.000000	 0.000000	 0.000000
1.49009e+09 45 0.227277 0.246131 -0.187193 -1.64745 0.0862012 0.0524259 1.5477  0.006932	-0.000384	 0.000000	 0.000000	 0.000000	 0.001906 -0.000000	 0.000001	 0.000000	 0.000000	 0.000000	 0.000000
1.49009e+09 45 0.165155 0.204323 0.0768111 -1.65692 0.539406 0.0988613 1.47951  0.006846	-0.001151	 0.000000	 0.000000	 0.000000	 0.001883 -0.000000	 0.000001	 0.000000	 0.000000	 0.000000	 0.000000
1.49009e+09 45 0.165155 0.204323 0.0768111 -1.65692 0.539406 0.0988613 1.47951  0.006846	-0.001151	 0.000000	 0.000000	 0.000000	 0.001883 -0.000000	 0.000001	 0.000000	 0.000000	 0.000000	 0.000000
1.49009e+09 45 0.176826 0.237128 -0.165751 -1.80468 0.114783 0.0618713 1.35381  0.006680	-0.001892	 0.000000	 0.000000	 0.000000	 0.001837 -0.000000	 0.000001	 0.000000	 0.000000	 0.000000	-0.000000
1.49009e+09 45 0.176826 0.237128 -0.165751 -1.80468 0.114783 0.0618713 1.35381  0.006680	-0.001892	 0.000000	 0.000000	 0.000000	 0.001837 -0.000000	 0.000001	 0.000000	 0.000000	 0.000000	-0.000000
1.49009e+09 45 0.15907 0.197656 0.00897402 -1.76455 0.108074 0.059756 1.3887  0.000064	-0.000048	 0.000000	 0.000000	 0.000000	 0.000018  0.000000	 0.000000	 0.000000	 0.000000	 0.000000	 0.000000
1.49009e+09 45 0.15907 0.197656 0.00897402 -1.76455 0.108074 0.059756 1.3887  0.000064	-0.000048	 0.000000	 0.000000	 0.000000	 0.000018  0.000000	 0.000000	 0.000000	 0.000000	 0.000000	 0.000000
1.49009e+09 45 0.175791 0.231669 -0.10627 -1.7646 -0.0482196 0.0453671 1.40338  0.002268	-0.000487	 0.000000	 0.000000	 0.000000	 0.000624  0.000000	 0.000000	 0.000000	 0.000000	 0.000000	 0.000000
1.49009e+09 45 0.175791 0.231669 -0.10627 -1.7646 -0.0482196 0.0453671 1.40338  0.002268	-0.000487	 0.000000	 0.000000	 0.000000	 0.000624  0.000000	 0.000000	 0.000000	 0.000000	 0.000000	 0.000000
1.49009e+09 45 0.166753 0.20614 0.0758454 -1.6572 0.53804 0.0987341 1.47947  0.002294	-0.000341	 0.000000	 0.000000	 0.000000	 0.000631  0.000000	 0.000000	 0.000000	 0.000000	 0.000000	-0.000000
1.49009e+09 45 0.166753 0.20614 0.0758454 -1.6572 0.53804 0.0987341 1.47947  0.002294	-0.000341	 0.000000	 0.000000	 0.000000	 0.000631  0.000000	 0.000000	 0.000000	 0.000000	 0.000000	-0.000000
1.49009e+09 45 0.195065 0.227786 -0.0461574 -1.68359 -0.0348703 0.0422452 1.48212  0.002312	-0.000189	 0.000000	 0.000000	 0.000000	 0.000636  0.000000	 0.000000	 0.000000	 0.000000	 0.000000	-0.000000
1.49009e+09 45 0.195065 0.227786 -0.0461574 -1.68359 -0.0348703 0.0422452 1.48212  0.002312	-0.000189	 0.000000	 0.000000	 0.000000	 0.000636  0.000000	 0.000000	 0.000000	 0.000000	 0.000000	-0.000000
1.49009e+09 45 0.21637 0.212204 -0.0240815 -1.59804 0.130935 0.055454 1.59039  0.002319	-0.000038	 0.000000	 0.000000	 0.000000	 0.000638  0.000000	 0.000000	 0.000000	 0.000000	 0.000000	-0.000000
1.49009e+09 45 0.21637 0.212204 -0.0240815 -1.59804 0.130935 0.055454 1.59039  0.002319	-0.000038	 0.000000	 0.000000	 0.000000	 0.000638  0.000000	 0.000000	 0.000000	 0.000000	 0.000000	-0.000000
1.49009e+09 45 0.252089 0.222211 -0.124275 -1.53722 0.252303 0.0681974 1.64529  0.002317	 0.000107	 0.000000	 0.000000	 0.000000	 0.000637  0.000000	 0.000000	 0.000000	 0.000000	 0.000000	 0.000000
1.49009e+09 45 0.252089 0.222211 -0.124275 -1.53722 0.252303 0.0681974 1.64529  0.002317	 0.000107	 0.000000	 0.000000	 0.000000	 0.000637  0.000000	 0.000000	 0.000000	 0.000000	 0.000000	 0.000000
1.49009e+09 45 0.251398 0.21509 -0.064825 -1.48052 0.13799 0.0517741 1.69946  0.002306	 0.000255	 0.000000	 0.000000	 0.000000	 0.000634  0.000000	 0.000000	 0.000000	 0.000000	 0.000000	-0.000000
1.49009e+09 45 0.251398 0.21509 -0.064825 -1.48052 0.13799 0.0517741 1.69946  0.002306	 0.000255	 0.000000	 0.000000	 0.000000	 0.000634  0.000000	 0.000000	 0.000000	 0.000000	 0.000000	-0.000000
1.49009e+09 45 0.253729 0.222282 -0.0515635 -1.46886 0.0129016 0.0346938 1.70549  0.002285	 0.000399	 0.000000	 0.000000	 0.000000	 0.000628  0.000000	 0.000000	 0.000000	 0.000000	 0.000000	-0.000000
1.49009e+09 45 0.253729 0.222282 -0.0515635 -1.46886 0.0129016 0.0346938 1.70549  0.002285	 0.000399	 0.000000	 0.000000	 0.000000	 0.000628  0.000000	 0.000000	 0.000000	 0.000000	 0.000000	-0.000000
1.49009e+09 45 0.275256 0.21705 -0.0640003 -1.4625 0.176215 0.0564665 1.73812  0.002254	 0.000550	 0.000000	 0.000000	 0.000000	 0.000620  0.000000	 0.000000	 0.000000	 0.000000	 0.000000	 0.000000
1.49009e+09 45 0.275256 0.21705 -0.0640003 -1.4625 0.176215 0.0564665 1.73812  0.002254	 0.000550	 0.000000	 0.000000	 0.000000	 0.000620  0.000000	 0.000000	 0.000000	 0.000000	 0.000000	 0.000000
1.49009e+09 45 0.292791 0.239184 -0.159213 -1.36432 0.0190718 0.0292173 1.79389  0.002215	 0.000689	 0.000000	 0.000000	 0.000000	 0.000609  0.000000	 0.000000	 0.000000	 0.000000	 0.000000	-0.000000
1.49009e+09 45 0.292791 0.239184 -0.159213 -1.36432 0.0190718 0.0292173 1.79389  0.002215	 0.000689	 0.000000	 0.000000	 0.000000	 0.000609  0.000000	 0.000000	 0.000000	 0.000000	 0.000000	-0.000000
1.49009e+09 45 0.266833 0.17977 0.134728 -1.28584 0.109145 0.0394537 1.84195  0.002165	 0.000833	 0.000000	 0.000000	 0.000000	 0.000595  0.000000	 0.000000	 0.000000	 0.000000	 0.000000	-0.000000
1.49009e+09 45 0.266833 0.17977 0.134728 -1.28584 0.109145 0.0394537 1.84195  0.002165	 0.000833	 0.000000	 0.000000	 0.000000	 0.000595  0.000000	 0.000000	 0.000000	 0.000000	 0.000000	-0.000000
1.49009e+09 45 0.33114 0.195528 -0.115181 -1.24179 0.277644 0.0675628 1.88612  0.002107	 0.000970	 0.000000	 0.000000	 0.000000	 0.000579  0.000000	 0.000000	 0.000000	 0.000000	 0.000000	 0.000000
1.49009e+09 45 0.33114 0.195528 -0.115181 -1.24179 0.277644 0.0675628 1.88612  0.002107	 0.000970	 0.000000	 0.000000	 0.000000	 0.000579  0.000000	 0.000000	 0.000000	 0.000000	 0.000000	 0.000000
1.49009e+09 45 0.319919 0.195639 -0.0446496 -1.16058 0.051028 0.0225031 1.92881  0.002040	 0.001104	 0.000000	 0.000000	 0.000000	 0.000561  0.000000	 0.000000	 0.000000	 0.000000	 0.000000	-0.000000
1.49009e+09 45 0.319919 0.195639 -0.0446496 -1.16058 0.051028 0.0225031 1.92881  0.002040	 0.001104	 0.000000	 0.000000	 0.000000	 0.000561  0.000000	 0.000000	 0.000000	 0.000000	 0.000000	-0.000000
1.49009e+09 45 0.325247 0.184533 -0.00353773 -1.12469 0.154567 0.0408696 1.95153  0.001969	 0.001227	 0.000000	 0.000000	 0.000000	 0.000541  0.000000	 0.000000	 0.000000	 0.000000	 0.000000	 0.000000
1.49009e+09 45 0.325247 0.184533 -0.00353773 -1.12469 0.154567 0.0408696 1.95153  0.001969	 0.001227	 0.000000	 0.000000	 0.000000	 0.000541  0.000000	 0.000000	 0.000000	 0.000000	 0.000000	 0.000000
1.49009e+09 45 0.337688 0.186961 -0.0355287 -1.10603 0.0750249 0.0235462 1.96908  0.001889	 0.001347	 0.000000	 0.000000	 0.000000	 0.000519  0.000000	 0.000000	 0.000000	 0.000000	 0.000000	-0.000000
1.49009e+09 45 0.337688 0.186961 -0.0355287 -1.10603 0.0750249 0.0235462 1.96908  0.001889	 0.001347	 0.000000	 0.000000	 0.000000	 0.000519  0.000000	 0.000000	 0.000000	 0.000000	 0.000000	-0.000000
1.49009e+09 45 0.360652 0.189139 -0.105919 -1.02195 0.113006 0.0276374 2.00483  0.001802	 0.001461	 0.000000	 0.000000	 0.000000	 0.000496  0.000000	 0.000000	 0.000000	 0.000000	 0.000000	-0.000000
1.49009e+09 45 0.360652 0.189139 -0.105919 -1.02195 0.113006 0.0276374 2.00483  0.001802	 0.001461	 0.000000	 0.000000	 0.000000	 0.000496  0.000000	 0.000000	 0.000000	 0.000000	 0.000000	-0.000000
1.49009e+09 45 0.363742 0.178848 -0.0659932 -0.966759 0.0609912 0.0122281 2.0348  0.001699	 0.001580	 0.000000	 0.000000	 0.000000	 0.000467  0.000000	 0.000000	 0.000000	 0.000000	 0.000000	 0.000000
1.49009e+09 45 0.363742 0.178848 -0.0659932 -0.966759 0.0609912 0.0122281 2.0348  0.001699	 0.001580	 0.000000	 0.000000	 0.000000	 0.000467  0.000000	 0.000000	 0.000000	 0.000000	 0.000000	 0.000000
1.49009e+09 45 0.368253 0.143067 0.00155992 -0.842143 0.0614653 0.00320668 2.09197  0.001595	 0.001684	 0.000000	 0.000000	 0.000000	 0.000439  0.000000	 0.000000	 0.000000	 0.000000	 0.000000	-0.000000
1.49009e+09 45 0.368253 0.143067 0.00155992 -0.842143 0.0614653 0.00320668 2.09197  0.001595	 0.001684	 0.000000	 0.000000	 0.000000	 0.000439  0.000000	 0.000000	 0.000000	 0.000000	 0.000000	-0.000000
1.49009e+09 45 0.378918 0.121646 0.00211556 -0.675869 0.233978 0.0521759 2.14031  0.000074	-0.000027	 0.000000	 0.000000	 0.000000	 0.000020  0.000000	 0.000000	 0.000000	 0.000000	 0.000000	 0.000000
1.49009e+09 45 0.378918 0.121646 0.00211556 -0.675869 0.233978 0.0521759 2.14031  0.000074	-0.000027	 0.000000	 0.000000	 0.000000	 0.000020  0.000000	 0.000000	 0.000000	 0.000000	 0.000000	 0.000000
1.49009e+09 45 0.36861 0.136746 0.0116071 -0.774561 0.225274 0.0495991 2.10898  0.000026	 0.000014	 0.000000	 0.000000	 0.000000	 0.000007  0.000000	 0.000000	 0.000000	 0.000000	 0.000000	 0.000000
1.49009e+09 45 0.36861 0.136746 0.0116071 -0.774561 0.225274 0.0495991 2.10898  0.000026	 0.000014	 0.000000	 0.000000	 0.000000	 0.000007  0.000000	 0.000000	 0.000000	 0.000000	 0.000000	 0.000000
1.49009e+09 45 0.356633 0.154957 0.0199481 -0.880157 0.235704 0.0534491 2.06631 -0.000016	 0.000057	 0.000000	 0.000000	 0.000000	-0.000005 -0.000000	 0.000000	 0.000000	 0.000000	 0.000000	-0.000000
1.49009e+09 45 0.356633 0.154957 0.0199481 -0.880157 0.235704 0.0534491 2.06631 -0.000016	 0.000057	 0.000000	 0.000000	 0.000000	-0.000005 -0.000000	 0.000000	 0.000000	 0.000000	 0.000000	-0.000000
1.49009e+09 45 0.371925 0.167852 -0.079662 -0.981261 0.203506 0.047561 2.03321  0.000644	 0.000579	 0.000000	 0.000000	 0.000000	 0.000177 -0.000000	 0.000000	 0.000000	 0.000000	 0.000000	 0.000000
1.49009e+09 45 0.371925 0.167852 -0.079662 -0.981261 0.203506 0.047561 2.03321  0.000644	 0.000579	 0.000000	 0.000000	 0.000000	 0.000177 -0.000000	 0.000000	 0.000000	 0.000000	 0.000000	 0.000000
1.49009e+09 45 0.330223 0.166625 0.0773685 -1.02439 0.157965 0.0378557 2.00564  0.000667	 0.000553	 0.000000	 0.000000	 0.000000	 0.000183 -0.000000	 0.000000	 0.000000	 0.000000	 0.000000	-0.000000
1.49009e+09 45 0.330223 0.166625 0.0773685 -1.02439 0.157965 0.0378557 2.00564  0.000667	 0.000553	 0.000000	 0.000000	 0.000000	 0.000183 -0.000000	 0.000000	 0.000000	 0.000000	 0.000000	-0.000000
1.49009e+09 45 0.327286 0.174089 0.0606872 -0.993014 0.267121 0.0615354 2.00697  0.000689	 0.000526	 0.000000	 0.000000	 0.000000	 0.000189 -0.000000	 0.000000	 0.000000	 0.000000	 0.000000	-0.000000
1.49009e+09 45 0.327286 0.174089 0.0606872 -0.993014 0.267121 0.0615354 2.00697  0.000689	 0.000526	 0.000000	 0.000000	 0.000000	 0.000189 -0.000000	 0.000000	 0.000000	 0.000000	 0.000000	-0.000000
1.49009e+09 45 0.337688 0.186961 -0.0355287 -1.10603 0.0750249 0.0235462 1.96908  0.000708	 0.000499	 0.000000	 0.000000	 0.000000	 0.000195 -0.000000	 0.000000	 0.000000	 0.000000	 0.000000	-0.000000
1.49009e+09 45 0.337688 0.186961 -0.0355287 -1.10603 0.0750249 0.0235462 1.96908  0.000708	 0.000499	 0.000000	 0.000000	 0.000000	 0.000195 -0.000000	 0.000000	 0.000000	 0.000000	 0.000000	-0.000000
1.49009e+09 45 0.326937 0.177401 0.0165898 -1.07613 0.284693 0.0669147 1.97407  0.000727	 0.000471	 0.000000	 0.000000	 0.000000	 0.000200 -0.000000	 0.000000	 0.000000	 0.000000	 0.000000	 0.000000
1.49009e+09 45 0.326937 0.177401 0.0165898 -1.07613 0.284693 0.0669147 1.97407  0.000727	 0.000471	 0.000000	 0.000000	 0.000000	 0.000200 -0.000000	 0.000000	 0.000000	 0.000000	 0.000000	 0.000000
1.49009e+09 45 0.324136 0.19876 -0.0430523 -1.16061 0.0504463 0.0223944 1.9288  0.000745	 0.000443	 0.000000	 0.000000	 0.000000	 0.000205 -0.000000	 0.000000	 0.000000	 0.000000	 0.000000	-0.000000
1.49009e+09 45 0.324136 0.19876 -0.0430523 -1.16061 0.0504463 0.0223944 1.9288  0.000745	 0.000443	 0.000000	 0.000000	 0.000000	 0.000205 -0.000000	 0.000000	 0.000000	 0.000000	 0.000000	-0.000000
1.49009e+09 45 0.303188 0.181991 0.0683324 -1.21637 0.090322 0.0324504 1.90477  0.000755	 0.000425	 0.000000	 0.000000	 0.000000	 0.000208 -0.000000	 0.000000	 0.000000	 0.000000	 0.000000	-0.000000
1.49009e+09 45 0.303188 0.181991 0.0683324 -1.21637 0.090322 0.0324504 1.90477  0.000755	 0.000425	 0.000000	 0.000000	 0.000000	 0.000208 -0.000000	 0.000000	 0.000000	 0.000000	 0.000000	-0.000000
1.49009e+09 45 0.319919 0.195639 -0.0446496 -1.16058 0.051028 0.0225031 1.92881  0.000764	 0.000408	 0.000000	 0.000000	 0.000000	 0.000210 -0.000000	 0.000000	 0.000000	 0.000000	 0.000000	 0.000000
1.49009e+09 45 0.319919 0.195639 -0.0446496 -1.16058 0.051028 0.0225031 1.92881  0.000764	 0.000408	 0.000000	 0.000000	 0.000000	 0.000210 -0.000000	 0.000000	 0.000000	 0.000000	 0.000000	 0.000000
1.49009e+09 45 0.301773 0.1904 0.0273263 -1.2633 0.151633 0.0455267 1.88218  0.000779	 0.000379	 0.000000	 0.000000	 0.000000	 0.000214 -0.000000	 0.000000	 0.000000	 0.000000	 0.000000	-0.000000
1.49009e+09 45 0.301773 0.1904 0.0273263 -1.2633 0.151633 0.0455267 1.88218  0.000779	 0.000379	 0.000000	 0.000000	 0.000000	 0.000214 -0.000000	 0.000000	 0.000000	 0.000000	 0.000000	-0.000000
1.49009e+09 45 0.297149 0.190893 0.0176243 -1.26131 0.101478 0.0366679 1.87557  0.000794	 0.000347	 0.000000	 0.000000	 0.000000	 0.000218 -0.000000	 0.000000	 0.000000	 0.000000	 0.000000	 0.000000
1.49009e+09 45 0.297149 0.190893 0.0176243 -1.26131 0.101478 0.0366679 1.87557  0.000794	 0.000347	 0.000000	 0.000000	 0.000000	 0.000218 -0.000000	 0.000000	 0.000000	 0.000000	 0.000000	 0.000000
1.49009e+09 45 0.293885 0.198933 -0.0111721 -1.27884 0.148594 0.0456084 1.85485  0.000807	 0.000315	 0.000000	 0.000000	 0.000000	 0.000222 -0.000000	 0.000000	 0.000000	 0.000000	 0.000000	-0.000000
1.49009e+09 45 0.293885 0.198933 -0.0111721 -1.27884 0.148594 0.0456084 1.85485  0.000807	 0.000315	 0.000000	 0.000000	 0.000000	 0.000222 -0.000000	 0.000000	 0.000000	 0.000000	 0.000000	-0.000000
1.49009e+09 45 0.282889 0.202716 0.000400728 -1.37088 0.0873609 0.0394256 1.80701  0.000819	 0.000283	 0.000000	 0.000000	 0.000000	 0.000225 -0.000000	 0.000000	 0.000000	 0.000000	 0.000000	 0.000000
1.49009e+09 45 0.282889 0.202716 0.000400728 -1.37088 0.0873609 0.0394256 1.80701  0.000819	 0.000283	 0.000000	 0.000000	 0.000000	 0.000225 -0.000000	 0.000000	 0.000000	 0.000000	 0.000000	 0.000000
1.49009e+09 45 0.292791 0.239184 -0.159213 -1.36432 0.0190718 0.0292173 1.79389  0.000829	 0.000250	 0.000000	 0.000000	 0.000000	 0.000228 -0.000000	 0.000000	 0.000000	 0.000000	 0.000000	-0.000000
1.49009e+09 45 0.292791 0.239184 -0.159213 -1.36432 0.0190718 0.0292173 1.79389  0.000829	 0.000250	 0.000000	 0.000000	 0.000000	 0.000228 -0.000000	 0.000000	 0.000000	 0.000000	 0.000000	-0.000000
1.49009e+09 45 0.244303 0.18695 0.1408 -1.4274 0.138971 0.0498087 1.75446  0.000839	 0.000216	 0.000000	 0.000000	 0.000000	 0.000231 -0.000000	 0.000000	 0.000000	 0.000000	 0.000000	-0.000000
1.49009e+09 45 0.244303 0.18695 0.1408 -1.4274 0.138971 0.0498087 1.75446  0.000839	 0.000216	 0.000000	 0.000000	 0.000000	 0.000231 -0.000000	 0.000000	 0.000000	 0.000000	 0.000000	-0.000000
1.49009e+09 45 0.274914 0.235876 -0.136038 -1.39381 0.00377371 0.0292046 1.7617  0.000846	 0.000184	 0.000000	 0.000000	 0.000000	 0.000233 -0.000000	 0.000000	 0.000000	 0.000000	 0.000000	 0.000000
1.49009e+09 45 0.274914 0.235876 -0.136038 -1.39381 0.00377371 0.0292046 1.7617  0.000846	 0.000184	 0.000000	 0.000000	 0.000000	 0.000233 -0.000000	 0.000000	 0.000000	 0.000000	 0.000000	 0.000000
1.49009e+09 45 0.259224 0.222913 -0.0659049 -1.48049 0.138778 0.0518777 1.69946  0.000853	 0.000150	 0.000000	 0.000000	 0.000000	 0.000235 -0.000000	 0.000000	 0.000000	 0.000000	 0.000000	-0.000000
1.49009e+09 45 0.259224 0.222913 -0.0659049 -1.48049 0.138778 0.0518777 1.69946  0.000853	 0.000150	 0.000000	 0.000000	 0.000000	 0.000235 -0.000000	 0.000000	 0.000000	 0.000000	 0.000000	-0.000000
1.49009e+09 45 0.226818 0.197176 0.0970506 -1.485 0.153698 0.0540202 1.68517  0.000858	 0.000116	 0.000000	 0.000000	 0.000000	 0.000236 -0.000000	 0.000000	 0.000000	 0.000000	 0.000000	-0.000000
1.49009e+09 45 0.226818 0.197176 0.0970506 -1.485 0.153698 0.0540202 1.68517  0.000858	 0.000116	 0.000000	 0.000000	 0.000000	 0.000236 -0.000000	 0.000000	 0.000000	 0.000000	 0.000000	-0.000000
1.49009e+09 45 0.250439 0.220629 -0.0860694 -1.50203 0.0949582 0.0469455 1.6865  0.000862	 0.000082	 0.000000	 0.000000	 0.000000	 0.000237 -0.000000	 0.000000	 0.000000	 0.000000	 0.000000	-0.000000
1.49009e+09 45 0.250439 0.220629 -0.0860694 -1.50203 0.0949582 0.0469455 1.6865  0.000862	 0.000082	 0.000000	 0.000000	 0.000000	 0.000237 -0.000000	 0.000000	 0.000000	 0.000000	 0.000000	-0.000000
1.49009e+09 45 0.234875 0.215049 -0.0352913 -1.53994 0.134612 0.0536407 1.64624  0.000865	 0.000048	 0.000000	 0.000000	 0.000000	 0.000238 -0.000000	 0.000000	 0.000000	 0.000000	 0.000000	-0.000000
1.49009e+09 45 0.234875 0.215049 -0.0352913 -1.53994 0.134612 0.0536407 1.64624  0.000865	 0.000048	 0.000000	 0.000000	 0.000000	 0.000238 -0.000000	 0.000000	 0.000000	 0.000000	 0.000000	-0.000000
1.49009e+09 45 0.202571 0.187295 0.123415 -1.54586 0.150157 0.0557823 1.62995  0.000866	 0.000012	 0.000000	 0.000000	 0.000000	 0.000238 -0.000000	 0.000000	 0.000000	 0.000000	 0.000000	-0.000000
1.49009e+09 45 0.202571 0.187295 0.123415 -1.54586 0.150157 0.0557823 1.62995  0.000866	 0.000012	 0.000000	 0.000000	 0.000000	 0.000238 -0.000000	 0.000000	 0.000000	 0.000000	 0.000000	-0.000000
1.49009e+09 45 0.222062 0.24523 -0.143929 -1.61309 -0.0133927 0.0400029 1.56826  0.000866	-0.000021	 0.000000	 0.000000	 0.000000	 0.000238 -0.000000	 0.000000	 0.000000	 0.000000	 0.000000	 0.000000
1.49009e+09 45 0.222062 0.24523 -0.143929 -1.61309 -0.0133927 0.0400029 1.56826  0.000866	-0.000021	 0.000000	 0.000000	 0.000000	 0.000238 -0.000000	 0.000000	 0.000000	 0.000000	 0.000000	 0.000000
1.49009e+09 45 0.198275 0.226309 -0.0607149 -1.7075 0.123403 0.0588956 1.47333  0.000862	-0.000086	 0.000000	 0.000000	 0.000000	 0.000237 -0.000000	 0.000000	 0.000000	 0.000000	 0.000000	 0.000000
1.49009e+09 45 0.198275 0.226309 -0.0607149 -1.7075 0.123403 0.0588956 1.47333  0.000862	-0.000086	 0.000000	 0.000000	 0.000000	 0.000237 -0.000000	 0.000000	 0.000000	 0.000000	 0.000000	 0.000000
1.49009e+09 45 0.221372 0.220999 -0.133755 -1.6431 0.405399 0.0857993 1.50806  0.000858	-0.000118	 0.000000	 0.000000	 0.000000	 0.000236 -0.000000	 0.000000	 0.000000	 0.000000	 0.000000	 0.000000
1.49009e+09 45 0.221372 0.220999 -0.133755 -1.6431 0.405399 0.0857993 1.50806  0.000858	-0.000118	 0.000000	 0.000000	 0.000000	 0.000236 -0.000000	 0.000000	 0.000000	 0.000000	 0.000000	 0.000000
1.49009e+09 45 0.189412 0.215128 -0.0594124 -1.70754 0.122871 0.0588437 1.47332  0.000853	-0.000151	 0.000000	 0.000000	 0.000000	 0.000235 -0.000000	 0.000000	 0.000000	 0.000000	 0.000000	 0.000000
1.49009e+09 45 0.189412 0.215128 -0.0594124 -1.70754 0.122871 0.0588437 1.47332  0.000853	-0.000151	 0.000000	 0.000000	 0.000000	 0.000235 -0.000000	 0.000000	 0.000000	 0.000000	 0.000000	 0.000000
1.49009e+09 45 0.175791 0.231669 -0.10627 -1.7646 -0.0482196 0.0453671 1.40338  0.000846	-0.000185	 0.000000	 0.000000	 0.000000	 0.000233 -0.000000	 0.000000	 0.000000	 0.000000	 0.000000	 0.000000
1.49009e+09 45 0.175791 0.231669 -0.10627 -1.7646 -0.0482196 0.0453671 1.40338  0.000846	-0.000185	 0.000000	 0.000000	 0.000000	 0.000233 -0.000000	 0.000000	 0.000000	 0.000000	 0.000000	 0.000000
1.49009e+09 45 0.167961 0.248514 -0.169466 -1.81154 -0.0572306 0.0474469 1.34258  0.000838	-0.000218	 0.000000	 0.000000	 0.000000	 0.000231 -0.000000	 0.000000	 0.000000	 0.000000	 0.000000	 0.000000
1.49009e+09 45 0.167961 0.248514 -0.169466 -1.81154 -0.0572306 0.0474469 1.34258  0.000838	-0.000218	 0.000000	 0.000000	 0.000000	 0.000231 -0.000000	 0.000000	 0.000000	 0.000000	 0.000000	 0.000000
1.49009e+09 45 0.163022 0.241096 -0.169044 -1.81164 -0.0564726 0.0475159 1.34251  0.000829	-0.000250	 0.000000	 0.000000	 0.000000	 0.000228 -0.000000	 0.000000	 0.000000	 0.000000	 0.000000	-0.000000
1.49009e+09 45 0.163022 0.241096 -0.169044 -1.81164 -0.0564726 0.0475159 1.34251  0.000829	-0.000250	 0.000000	 0.000000	 0.000000	 0.000228 -0.000000	 0.000000	 0.000000	 0.000000	 0.000000	-0.000000
1.49009e+09 45 0.172526 0.242417 -0.205858 -1.78812 0.0783684 0.058189 1.34976  0.000012	 0.000009	 0.000000	 0.000000	 0.000000	 0.000003 -0.000000	 0.000000	 0.000000	 0.000000	 0.000000	-0.000000
1.49009e+09 45 0.172526 0.242417 -0.205858 -1.78812 0.0783684 0.058189 1.34976  0.000012	 0.000009	 0.000000	 0.000000	 0.000000	 0.000003 -0.000000	 0.000000	 0.000000	 0.000000	 0.000000	-0.000000
1.49009e+09 45 0.173971 0.233258 -0.165391 -1.80471 0.114857 0.0618787 1.3538  0.000009	-0.000002	 0.000000	 0.000000	 0.000000	 0.000002 -0.000000	 0.000000	 0.000000	 0.000000	 0.000000	-0.000000
1.49009e+09 45 0.173971 0.233258 -0.165391 -1.80471 0.114857 0.0618787 1.3538  0.000009	-0.000002	 0.000000	 0.000000	 0.000000	 0.000002 -0.000000	 0.000000	 0.000000	 0.000000	 0.000000	-0.000000
1.49009e+09 45 0.207151 0.2103 -0.127478 -1.55958 0.738625 0.109566 1.44577  0.000006	-0.000013	 0.000000	 0.000000	 0.000000	 0.000002  0.000000	 0.000000	 0.000000	 0.000000	 0.000000	 0.000000
1.49009e+09 45 0.207151 0.2103 -0.127478 -1.55958 0.738625 0.109566 1.44577  0.000006	-0.000013	 0.000000	 0.000000	 0.000000	 0.000002  0.000000	 0.000000	 0.000000	 0.000000	 0.000000	 0.000000
1.49009e+09 45 0.166827 0.209351 0.00678784 -1.74098 0.624886 0.105547 1.38428  0.000009	-0.000003	 0.000000	 0.000000	 0.000000	 0.000002  0.000000	 0.000000	 0.000000	 0.000000	 0.000000	 0.000000
1.49009e+09 45 0.166827 0.209351 0.00678784 -1.74098 0.624886 0.105547 1.38428  0.000009	-0.000003	 0.000000	 0.000000	 0.000000	 0.000002  0.000000	 0.000000	 0.000000	 0.000000	 0.000000	 0.000000
1.49009e+09 45 0.175517 0.226199 -0.0901 -1.73218 -0.0442169 0.0443454 1.4224  0.000278	-0.000061	 0.000000	 0.000000	 0.000000	 0.000076  0.000000	 0.000000	 0.000000	 0.000000	 0.000000	-0.000000
1.49009e+09 45 0.175517 0.226199 -0.0901 -1.73218 -0.0442169 0.0443454 1.4224  0.000278	-0.000061	 0.000000	 0.000000	 0.000000	 0.000076  0.000000	 0.000000	 0.000000	 0.000000	 0.000000	-0.000000
1.49009e+09 45 0.155914 0.20049 0.0922958 -1.69172 0.450295 0.0897397 1.44264  0.000279	-0.000055	 0.000000	 0.000000	 0.000000	 0.000077  0.000000	 0.000000	 0.000000	 0.000000	 0.000000	-0.000000
1.49009e+09 45 0.155914 0.20049 0.0922958 -1.69172 0.450295 0.0897397 1.44264  0.000279	-0.000055	 0.000000	 0.000000	 0.000000	 0.000077  0.000000	 0.000000	 0.000000	 0.000000	 0.000000	-0.000000
1.49009e+09 45 0.192458 0.252113 -0.19148 -1.71563 -0.0333255 0.0440613 1.45379  0.000280	-0.000049	 0.000000	 0.000000	 0.000000	 0.000077  0.000000	 0.000000	 0.000000	 0.000000	 0.000000	-0.000000
1.49009e+09 45 0.192458 0.252113 -0.19148 -1.71563 -0.0333255 0.0440613 1.45379  0.000280	-0.000049	 0.000000	 0.000000	 0.000000	 0.000077  0.000000	 0.000000	 0.000000	 0.000000	 0.000000	-0.000000
1.49009e+09 45 0.197929 0.212381 -0.0475456 -1.58832 0.51972 0.0946801 1.50702  0.000281	-0.000042	 0.000000	 0.000000	 0.000000	 0.000077  0.000000	 0.000000	 0.000000	 0.000000	 0.000000	-0.000000
1.49009e+09 45 0.197929 0.212381 -0.0475456 -1.58832 0.51972 0.0946801 1.50702  0.000281	-0.000042	 0.000000	 0.000000	 0.000000	 0.000077  0.000000	 0.000000	 0.000000	 0.000000	 0.000000	-0.000000
1.49009e+09 45 0.195466 0.222612 -0.0602522 -1.70751 0.123094 0.058865 1.47333  0.000282	-0.000036	 0.000000	 0.000000	 0.000000	 0.000077  0.000000	 0.000000	 0.000000	 0.000000	 0.000000	-0.000000
1.49009e+09 45 0.195466 0.222612 -0.0602522 -1.70751 0.123094 0.058865 1.47333  0.000282	-0.000036	 0.000000	 0.000000	 0.000000	 0.000077  0.000000	 0.000000	 0.000000	 0.000000	 0.000000	-0.000000
1.49009e+09 45 0.203741 0.249252 -0.170854 -1.68465 -0.0324673 0.0420398 1.49796  0.000283	-0.000029	 0.000000	 0.000000	 0.000000	 0.000078  0.000000	 0.000000	 0.000000	 0.000000	 0.000000	 0.000000
1.49009e+09 45 0.203741 0.249252 -0.170854 -1.68465 -0.0324673 0.0420398 1.49796  0.000283	-0.000029	 0.000000	 0.000000	 0.000000	 0.000078  0.000000	 0.000000	 0.000000	 0.000000	 0.000000	 0.000000
1.49009e+09 45 0.195188 0.232608 -0.0591852 -1.71392 -0.0404027 0.0430227 1.46444  0.000283	-0.000023	 0.000000	 0.000000	 0.000000	 0.000078  0.000000	 0.000000	 0.000000	 0.000000	 0.000000	-0.000000
1.49009e+09 45 0.195188 0.232608 -0.0591852 -1.71392 -0.0404027 0.0430227 1.46444  0.000283	-0.000023	 0.000000	 0.000000	 0.000000	 0.000078  0.000000	 0.000000	 0.000000	 0.000000	 0.000000	-0.000000
1.49009e+09 45 0.222029 0.275134 -0.277669 -1.65679 -0.0206788 0.0415829 1.52911  0.000284	-0.000017	 0.000000	 0.000000	 0.000000	 0.000078  0.000000	 0.000000	 0.000000	 0.000000	 0.000000	-0.000000
1.49009e+09 45 0.222029 0.275134 -0.277669 -1.65679 -0.0206788 0.0415829 1.52911  0.000284	-0.000017	 0.000000	 0.000000	 0.000000	 0.000078  0.000000	 0.000000	 0.000000	 0.000000	 0.000000	-0.000000
1.49009e+09 45 0.203977 0.207383 0.0204668 -1.62318 0.264275 0.0713576 1.56111  0.000284	-0.000010	 0.000000	 0.000000	 0.000000	 0.000078  0.000000	 0.000000	 0.000000	 0.000000	 0.000000	-0.000000
1.49009e+09 45 0.203977 0.207383 0.0204668 -1.62318 0.264275 0.0713576 1.56111  0.000284	-0.000010	 0.000000	 0.000000	 0.000000	 0.000078  0.000000	 0.000000	 0.000000	 0.000000	 0.000000	-0.000000
1.49009e+09 45 0.21637 0.212204 -0.0240815 -1.59804 0.130935 0.055454 1.59039  0.000284	-0.000004	 0.000000	 0.000000	 0.000000	 0.000078  0.000000	 0.000000	 0.000000	 0.000000	 0.000000	-0.000000
1.49009e+09 45 0.21637 0.212204 -0.0240815 -1.59804 0.130935 0.055454 1.59039  0.000284	-0.000004	 0.000000	 0.000000	 0.000000	 0.000078  0.000000	 0.000000	 0.000000	 0.000000	 0.000000	-0.000000
1.49009e+09 45 0.219738 0.215979 -0.0245622 -1.59803 0.131203 0.0554844 1.59039  0.000284	 0.000002	 0.000000	 0.000000	 0.000000	 0.000078  0.000000	 0.000000	 0.000000	 0.000000	 0.000000	-0.000000
1.49009e+09 45 0.219738 0.215979 -0.0245622 -1.59803 0.131203 0.0554844 1.59039  0.000284	 0.000002	 0.000000	 0.000000	 0.000000	 0.000078  0.000000	 0.000000	 0.000000	 0.000000	 0.000000	-0.000000
1.49009e+09 45 0.204495 0.189283 0.12275 -1.54586 0.149422 0.0556934 1.62989  0.000284	 0.000008	 0.000000	 0.000000	 0.000000	 0.000078  0.000000	 0.000000	 0.000000	 0.000000	 0.000000	 0.000000
1.49009e+09 45 0.204495 0.189283 0.12275 -1.54586 0.149422 0.0556934 1.62989  0.000284	 0.000008	 0.000000	 0.000000	 0.000000	 0.000078  0.000000	 0.000000	 0.000000	 0.000000	 0.000000	 0.000000
1.49009e+09 45 0.27251 0.223644 -0.174409 -1.58312 0.469402 0.0949792 1.59787  0.000284	 0.000015	 0.000000	 0.000000	 0.000000	 0.000078  0.000000	 0.000000	 0.000000	 0.000000	 0.000000	-0.000000
1.49009e+09 45 0.27251 0.223644 -0.174409 -1.58312 0.469402 0.0949792 1.59787  0.000284	 0.000015	 0.000000	 0.000000	 0.000000	 0.000078  0.000000	 0.000000	 0.000000	 0.000000	 0.000000	-0.000000
1.49009e+09 45 0.236689 0.216926 -0.035534 -1.53994 0.134737 0.0536559 1.64624  0.000283	 0.000021	 0.000000	 0.000000	 0.000000	 0.000078  0.000000	 0.000000	 0.000000	 0.000000	 0.000000	-0.000000
1.49009e+09 45 0.236689 0.216926 -0.035534 -1.53994 0.134737 0.0536559 1.64624  0.000283	 0.000021	 0.000000	 0.000000	 0.000000	 0.000078  0.000000	 0.000000	 0.000000	 0.000000	 0.000000	-0.000000
1.49009e+09 45 0.250439 0.220629 -0.0860694 -1.50203 0.0949582 0.0469455 1.6865  0.000283	 0.000027	 0.000000	 0.000000	 0.000000	 0.000078  0.000000	 0.000000	 0.000000	 0.000000	 0.000000	 0.000000
1.49009e+09 45 0.250439 0.220629 -0.0860694 -1.50203 0.0949582 0.0469455 1.6865  0.000283	 0.000027	 0.000000	 0.000000	 0.000000	 0.000078  0.000000	 0.000000	 0.000000	 0.000000	 0.000000	 0.000000
1.49009e+09 45 0.224694 0.195179 0.0980733 -1.48487 0.155526 0.0542532 1.68535  0.000282	 0.000034	 0.000000	 0.000000	 0.000000	 0.000078  0.000000	 0.000000	 0.000000	 0.000000	 0.000000	-0.000000
1.49009e+09 45 0.224694 0.195179 0.0980733 -1.48487 0.155526 0.0542532 1.68535  0.000282	 0.000034	 0.000000	 0.000000	 0.000000	 0.000078  0.000000	 0.000000	 0.000000	 0.000000	 0.000000	-0.000000
1.49009e+09 45 0.228949 0.199181 0.0959807 -1.48513 0.151837 0.0537829 1.68498  0.000281	 0.000040	 0.000000	 0.000000	 0.000000	 0.000077  0.000000	 0.000000	 0.000000	 0.000000	 0.000000	-0.000000
1.49009e+09 45 0.228949 0.199181 0.0959807 -1.48513 0.151837 0.0537829 1.68498  0.000281	 0.000040	 0.000000	 0.000000	 0.000000	 0.000077  0.000000	 0.000000	 0.000000	 0.000000	 0.000000	-0.000000
1.49009e+09 45 0.261286 0.210979 -0.0485903 -1.4461 0.238637 0.0644249 1.72602  0.000280	 0.000046	 0.000000	 0.000000	 0.000000	 0.000077  0.000000	 0.000000	 0.000000	 0.000000	 0.000000	 0.000000
1.49009e+09 45 0.261286 0.210979 -0.0485903 -1.4461 0.238637 0.0644249 1.72602  0.000280	 0.000046	 0.000000	 0.000000	 0.000000	 0.000077  0.000000	 0.000000	 0.000000	 0.000000	 0.000000	 0.000000
1.49009e+09 45 0.289287 0.209946 -0.120548 -1.44165 0.377591 0.0843597 1.73356  0.000279	 0.000053	 0.000000	 0.000000	 0.000000	 0.000077  0.000000	 0.000000	 0.000000	 0.000000	 0.000000	-0.000000
1.49009e+09 45 0.289287 0.209946 -0.120548 -1.44165 0.377591 0.0843597 1.73356  0.000279	 0.000053	 0.000000	 0.000000	 0.000000	 0.000077  0.000000	 0.000000	 0.000000	 0.000000	 0.000000	-0.000000
1.49009e+09 45 0.24713 0.206924 0.04905 -1.45636 0.330739 0.0777815 1.72319  0.000278	 0.000059	 0.000000	 0.000000	 0.000000	 0.000076  0.000000	 0.000000	 0.000000	 0.000000	 0.000000	-0.000000
1.49009e+09 45 0.24713 0.206924 0.04905 -1.45636 0.330739 0.0777815 1.72319  0.000278	 0.000059	 0.000000	 0.000000	 0.000000	 0.000076  0.000000	 0.000000	 0.000000	 0.000000	 0.000000	-0.000000
1.49009e+09 45 0.292107 0.202897 -0.0845144 -1.3574 0.418866 0.0892798 1.77868  0.000276	 0.000065	 0.000000	 0.000000	 0.000000	 0.000076  0.000000	 0.000000	 0.000000	 0.000000	 0.000000	-0.000000
1.49009e+09 45 0.292107 0.202897 -0.0845144 -1.3574 0.418866 0.0892798 1.77868  0.000276	 0.000065	 0.000000	 0.000000	 0.000000	 0.000076  0.000000	 0.000000	 0.000000	 0.000000	 0.000000	-0.000000
1.49009e+09 45 0.267113 0.205712 0.0076434 -1.36116 0.329035 0.0757047 1.77838  0.000275	 0.000072	 0.000000	 0.000000	 0.000000	 0.000076  0.000000	 0.000000	 0.000000	 0.000000	 0.000000	-0.000000
1.49009e+09 45 0.267113 0.205712 0.0076434 -1.36116 0.329035 0.0757047 1.77838  0.000275	 0.000072	 0.000000	 0.000000	 0.000000	 0.000076  0.000000	 0.000000	 0.000000	 0.000000	 0.000000	-0.000000
1.49009e+09 45 0.301669 0.227385 -0.175977 -1.3605 0.144795 0.0481212 1.79626  0.000273	 0.000078	 0.000000	 0.000000	 0.000000	 0.000075  0.000000	 0.000000	 0.000000	 0.000000	 0.000000	 0.000000
1.49009e+09 45 0.301669 0.227385 -0.175977 -1.3605 0.144795 0.0481212 1.79626  0.000273	 0.000078	 0.000000	 0.000000	 0.000000	 0.000075  0.000000	 0.000000	 0.000000	 0.000000	 0.000000	 0.000000
1.49009e+09 45 0.292791 0.239184 -0.159213 -1.36432 0.0190718 0.0292173 1.79389  0.000271	 0.000084	 0.000000	 0.000000	 0.000000	 0.000075  0.000000	 0.000000	 0.000000	 0.000000	 0.000000	-0.000000
1.49009e+09 45 0.292791 0.239184 -0.159213 -1.36432 0.0190718 0.0292173 1.79389  0.000271	 0.000084	 0.000000	 0.000000	 0.000000	 0.000075  0.000000	 0.000000	 0.000000	 0.000000	 0.000000	-0.000000
1.49009e+09 45 0.271527 0.195703 0.0526523 -1.36591 0.128321 0.0457364 1.8024  0.000269	 0.000090	 0.000000	 0.000000	 0.000000	 0.000074  0.000000	 0.000000	 0.000000	 0.000000	 0.000000	 0.000000
1.49009e+09 45 0.271527 0.195703 0.0526523 -1.36591 0.128321 0.0457364 1.8024  0.000269	 0.000090	 0.000000	 0.000000	 0.000000	 0.000074  0.000000	 0.000000	 0.000000	 0.000000	 0.000000	 0.000000
1.49009e+09 45 0.293026 0.195738 -0.0127335 -1.30421 0.304519 0.0728203 1.84296  0.000267	 0.000096	 0.000000	 0.000000	 0.000000	 0.000074  0.000000	 0.000000	 0.000000	 0.000000	 0.000000	-0.000000
1.49009e+09 45 0.293026 0.195738 -0.0127335 -1.30421 0.304519 0.0728203 1.84296  0.000267	 0.000096	 0.000000	 0.000000	 0.000000	 0.000074  0.000000	 0.000000	 0.000000	 0.000000	 0.000000	-0.000000
1.49009e+09 45 0.266833 0.17977 0.134728 -1.28584 0.109145 0.0394537 1.84195  0.000265	 0.000101	 0.000000	 0.000000	 0.000000	 0.000073  0.000000	 0.000000	 0.000000	 0.000000	 0.000000	 0.000000
1.49009e+09 45 0.266833 0.17977 0.134728 -1.28584 0.109145 0.0394537 1.84195  0.000265	 0.000101	 0.000000	 0.000000	 0.000000	 0.000073  0.000000	 0.000000	 0.000000	 0.000000	 0.000000	 0.000000
1.49009e+09 45 0.293327 0.197457 0.000390502 -1.26786 0.0398226 0.0268876 1.86051  0.000263	 0.000107	 0.000000	 0.000000	 0.000000	 0.000072  0.000000	 0.000000	 0.000000	 0.000000	 0.000000	-0.000000
1.49009e+09 45 0.293327 0.197457 0.000390502 -1.26786 0.0398226 0.0268876 1.86051  0.000263	 0.000107	 0.000000	 0.000000	 0.000000	 0.000072  0.000000	 0.000000	 0.000000	 0.000000	 0.000000	-0.000000
1.49009e+09 45 0.302321 0.203857 -0.0359078 -1.24269 0.162135 0.0465556 1.867  0.000261	 0.000113	 0.000000	 0.000000	 0.000000	 0.000072  0.000000	 0.000000	 0.000000	 0.000000	 0.000000	-0.000000
1.49009e+09 45 0.302321 0.203857 -0.0359078 -1.24269 0.162135 0.0465556 1.867  0.000261	 0.000113	 0.000000	 0.000000	 0.000000	 0.000072  0.000000	 0.000000	 0.000000	 0.000000	 0.000000	-0.000000
1.49009e+09 45 0.324137 0.205733 -0.116174 -1.2173 0.150971 0.0436818 1.89553  0.000258	 0.000118	 0.000000	 0.000000	 0.000000	 0.000071  0.000000	 0.000000	 0.000000	 0.000000	 0.000000	-0.000000
1.49009e+09 45 0.324137 0.205733 -0.116174 -1.2173 0.150971 0.0436818 1.89553  0.000258	 0.000118	 0.000000	 0.000000	 0.000000	 0.000071  0.000000	 0.000000	 0.000000	 0.000000	 0.000000	-0.000000
1.49009e+09 45 0.301331 0.186848 0.0298937 -1.19576 0.218984 0.0554976 1.90735  0.000256	 0.000124	 0.000000	 0.000000	 0.000000	 0.000070  0.000000	 0.000000	 0.000000	 0.000000	 0.000000	 0.000000
1.49009e+09 45 0.301331 0.186848 0.0298937 -1.19576 0.218984 0.0554976 1.90735  0.000256	 0.000124	 0.000000	 0.000000	 0.000000	 0.000070  0.000000	 0.000000	 0.000000	 0.000000	 0.000000	 0.000000
1.49009e+09 45 0.322594 0.193094 -0.0583063 -1.17139 0.156083 0.0429088 1.92403  0.000253	 0.000130	 0.000000	 0.000000	 0.000000	 0.000069  0.000000	 0.000000	 0.000000	 0.000000	 0.000000	-0.000000
1.49009e+09 45 0.322594 0.193094 -0.0583063 -1.17139 0.156083 0.0429088 1.92403  0.000253	 0.000130	 0.000000	 0.000000	 0.000000	 0.000069  0.000000	 0.000000	 0.000000	 0.000000	 0.000000	-0.000000
1.49009e+09 45 0.327239 0.192564 -0.0566039 -1.19436 0.208113 0.053717 1.9178  0.000250	 0.000135	 0.000000	 0.000000	 0.000000	 0.000069  0.000000	 0.000000	 0.000000	 0.000000	 0.000000	-0.000000
1.49009e+09 45 0.327239 0.192564 -0.0566039 -1.19436 0.208113 0.053717 1.9178  0.000250	 0.000135	 0.000000	 0.000000	 0.000000	 0.000069  0.000000	 0.000000	 0.000000	 0.000000	 0.000000	-0.000000
1.49009e+09 45 0.340997 0.19037 -0.0992191 -1.13466 0.212541 0.0528157 1.94432  0.000247	 0.000141	 0.000000	 0.000000	 0.000000	 0.000068  0.000000	 0.000000	 0.000000	 0.000000	 0.000000	 0.000000
1.49009e+09 45 0.340997 0.19037 -0.0992191 -1.13466 0.212541 0.0528157 1.94432  0.000247	 0.000141	 0.000000	 0.000000	 0.000000	 0.000068  0.000000	 0.000000	 0.000000	 0.000000	 0.000000	 0.000000
1.49009e+09 45 0.324136 0.19876 -0.0430523 -1.16061 0.0504463 0.0223944 1.9288  0.000244	 0.000146	 0.000000	 0.000000	 0.000000	 0.000067  0.000000	 0.000000	 0.000000	 0.000000	 0.000000	-0.000000
1.49009e+09 45 0.324136 0.19876 -0.0430523 -1.16061 0.0504463 0.0223944 1.9288  0.000244	 0.000146	 0.000000	 0.000000	 0.000000	 0.000067  0.000000	 0.000000	 0.000000	 0.000000	 0.000000	-0.000000
1.49009e+09 45 0.328226 0.185158 -0.00807733 -1.14678 0.195922 0.0500576 1.94639  0.000240	 0.000152	 0.000000	 0.000000	 0.000000	 0.000066  0.000000	 0.000000	 0.000000	 0.000000	 0.000000	 0.000000
1.49009e+09 45 0.328226 0.185158 -0.00807733 -1.14678 0.195922 0.0500576 1.94639  0.000240	 0.000152	 0.000000	 0.000000	 0.000000	 0.000066  0.000000	 0.000000	 0.000000	 0.000000	 0.000000	 0.000000
1.49009e+09 45 0.342959 0.183169 -0.0546175 -1.08638 0.211157 0.0513875 1.97147  0.000237	 0.000157	 0.000000	 0.000000	 0.000000	 0.000065  0.000000	 0.000000	 0.000000	 0.000000	 0.000000	-0.000000
1.49009e+09 45 0.342959 0.183169 -0.0546175 -1.08638 0.211157 0.0513875 1.97147  0.000237	 0.000157	 0.000000	 0.000000	 0.000000	 0.000065  0.000000	 0.000000	 0.000000	 0.000000	 0.000000	-0.000000
